0 NONE 0;32767 0;32767
1 NONE 0;32767 0;32767
2 NONE 0;32767 0;32767
3 NONE 0;32767 0;32767
4 NONE 0;32767 0;32767
5 NONE 0;32767 0;32767
6 NONE 0;32767 0;32767
7 NONE 0;32767 0;32767
8 NONE 0;32767 0;32767
9 NONE 0;32767 0;32767
10 NONE 0;32767 0;32767
11 NONE 0;32767 0;32767
12 NONE 0;32767 0;32767
13 NONE 0;32767 0;32767
14 NONE 0;32767 0;32767
15 NONE 0;32767 0;32767
16 NONE 0;32767 0;32767
17 NONE -28377;-16383 0;32767
18 NONE 28377;-16383 0;32767
19 NONE 0;32767 0;32767
20 NONE -28377;-16383 0;32767
21 NONE 28377;-16383 0;32767
22 NONE 0;32767 0;32767
23 NONE -28377;-16383 0;32767
24 NONE 28377;-16383 0;32767
25 NONE 0;32767 0;32767
26 NONE -28377;-16383 0;32767
27 NONE 28377;-16383 0;32767
28 NONE 0;32767 0;32767
29 NONE -28377;-16383 0;32767
30 NONE 28377;-16383 0;32767
31 NONE 0;32767 0;32767
32 NONE -28377;-16383 0;32767
33 NONE 28377;-16383 0;32767
34 NONE 0;32767 0;32767
35 NONE -28377;-16383 0;32767
36 NONE 28377;-16383 0;32767
37 NONE 0;32767 0;32767
38 NONE -28377;-16383 0;32767
39 NONE 28377;-16383 0;32767
40 NONE 0;32767 0;32767
41 NONE -28377;-16383 0;32767
42 NONE 28377;-16383 0;32767
43 NONE 0;32767 0;32767
44 NONE -28377;-16383 0;32767
45 NONE 28377;-16383 0;32767
46 NONE 0;32767 0;32767
47 NONE -28377;-16383 0;32767
48 NONE 28377;-16383 0;32767
49 KEY_B 10511;31035 0;32767
50 KEY_ZR 10511;31035 0;32767
51 KEY_ZR 10511;31035 0;32767
52 KEY_ZR 10511;31035 0;32767
53 KEY_ZR 10511;31035 0;32767
54 KEY_ZR 10511;31035 0;32767
55 KEY_ZR 10511;31035 0;32767
56 KEY_ZR 10511;31035 0;32767
57 KEY_Y;KEY_ZR 10511;31035 0;32767
58 KEY_ZR 10511;31035 0;32767
59 KEY_ZR 10511;31035 0;32767
60 KEY_ZR 10511;31035 0;32767
61 KEY_ZR 10511;31035 0;32767
62 KEY_ZR 10511;31035 0;32767
63 KEY_ZR 10511;31035 0;32767
64 KEY_ZR 10511;31035 0;32767
65 KEY_ZR 10511;31035 0;32767
66 KEY_ZR 10511;31035 0;32767
67 KEY_ZR 10511;31035 0;32767
68 KEY_ZR 10511;31035 0;32767
69 KEY_ZR 10511;31035 0;32767
70 KEY_ZR 10511;31035 0;32767
71 KEY_ZR 10511;31035 0;32767
72 KEY_ZR 10511;31035 0;32767
73 KEY_ZR 10511;31035 0;32767
74 KEY_ZR 10511;31035 0;32767
75 KEY_ZR 10511;31035 0;32767
76 KEY_ZR 10511;31035 0;32767
77 KEY_ZR 10511;31035 0;32767
78 KEY_ZR 10511;31035 0;32767
79 KEY_ZR 10511;31035 0;32767
80 KEY_ZR 10511;31035 0;32767
81 KEY_ZR 10511;31035 0;32767
82 NONE 10511;31035 0;32767
83 NONE 10511;31035 0;32767
84 NONE 10511;31035 0;32767
85 NONE 10511;31035 0;0
86 NONE 10511;31035 0;0
87 NONE 10511;31035 0;0
88 NONE 10511;31035 0;0
89 NONE 10511;31035 0;0
90 NONE 10511;31035 0;0
91 NONE 10511;31035 0;0
92 NONE 10511;31035 0;0
93 NONE 10511;31035 0;0
94 NONE 10511;31035 0;0
95 KEY_B 10511;31035 0;0
96 KEY_B 10511;31035 0;0
97 KEY_B 10511;31035 0;0
98 KEY_B 10511;31035 0;0
99 KEY_B 10511;31035 0;0
100 KEY_B 10511;31035 0;0
101 KEY_B 10511;31035 0;0
102 KEY_B 10511;31035 0;0
103 KEY_B 10511;31035 0;0
104 KEY_B 10511;31035 0;0
105 NONE 10511;31035 0;0
106 NONE 10511;31035 0;0
107 NONE 10511;31035 0;0
108 NONE 10511;31035 0;0
109 NONE 10511;31035 0;0
110 NONE 10511;31035 0;0
111 NONE 10511;31035 0;0
112 NONE 10511;31035 0;0
113 NONE 10511;31035 0;0
114 NONE 10511;31035 0;0
115 NONE 10511;31035 0;0
116 NONE 10511;31035 0;0
117 KEY_DUP 10511;31035 0;0
118 NONE 10511;31035 0;0
119 NONE 10511;31035 0;0
120 NONE 10511;31035 0;0
121 NONE 10511;31035 0;0
122 NONE 10511;31035 0;0
123 NONE 10511;31035 0;0
124 NONE 10511;31035 0;0
125 NONE 10511;31035 0;0
126 NONE 10511;31035 0;0
127 NONE 10511;31035 0;0
128 NONE 10511;31035 0;0
129 NONE 10511;31035 0;0
130 KEY_ZR 10511;31035 0;0
131 KEY_Y;KEY_ZR 10511;31035 0;0
132 NONE 10511;31035 0;0
133 KEY_DRIGHT 10511;31035 0;0
134 KEY_DLEFT 10511;31035 0;0
135 KEY_DRIGHT 10511;31035 0;0
136 KEY_DLEFT 10511;31035 0;0
137 KEY_DRIGHT 10511;31035 0;0
138 KEY_DLEFT 10511;31035 0;0
139 KEY_DRIGHT 10511;31035 0;0
140 KEY_DLEFT 10511;31035 0;0
141 KEY_DRIGHT 10511;31035 0;0
142 KEY_DLEFT 10511;31035 0;0
143 KEY_DRIGHT 10511;31035 0;0
144 KEY_DLEFT 10511;31035 0;0
145 KEY_DRIGHT 10511;31035 0;0
146 KEY_DLEFT 10511;31035 0;0
147 KEY_DRIGHT 10511;31035 0;0
148 KEY_DLEFT 10511;31035 0;0
149 KEY_DRIGHT 10511;31035 0;0
150 KEY_DLEFT 10511;31035 0;0
151 KEY_DRIGHT 10511;31035 0;0
152 KEY_DLEFT 10511;31035 0;0
153 KEY_DRIGHT 10511;31035 0;0
154 KEY_DLEFT 10511;31035 0;0
155 KEY_DRIGHT 10511;31035 0;0
156 KEY_DLEFT 10511;31035 0;0
157 KEY_DRIGHT 10511;31035 0;0
158 KEY_DLEFT 10511;31035 0;0
159 KEY_DRIGHT 10511;31035 0;0
160 KEY_DLEFT 10511;31035 0;0
161 KEY_DRIGHT 10511;31035 0;0
162 KEY_DLEFT 10511;31035 0;0
163 KEY_DRIGHT 10511;31035 0;0
164 KEY_DLEFT 10511;31035 0;0
165 KEY_DRIGHT 10511;31035 0;0
166 KEY_DLEFT 10511;31035 0;0
167 KEY_DRIGHT 10511;31035 0;0
168 KEY_DLEFT 10511;31035 0;0
169 KEY_DRIGHT 10511;31035 0;0
170 KEY_DLEFT 10511;31035 0;0
171 KEY_DRIGHT 10511;31035 0;0
172 KEY_DLEFT 10511;31035 0;0
173 KEY_DRIGHT 10511;31035 0;0
174 KEY_DLEFT 10511;31035 0;0
175 KEY_DRIGHT 10511;31035 0;0
176 KEY_DLEFT 10511;31035 0;0
177 KEY_DRIGHT 10511;31035 0;0
178 KEY_DLEFT 10511;31035 0;0
179 KEY_DRIGHT 10511;31035 0;0
180 KEY_DLEFT 10511;31035 0;0
181 KEY_DRIGHT 10511;31035 0;0
182 KEY_DLEFT 10511;31035 0;0
183 KEY_DRIGHT 10511;31035 0;0
184 KEY_DLEFT 10511;31035 0;0
185 KEY_DRIGHT 10511;31035 0;0
186 KEY_DLEFT 10511;31035 0;0
187 KEY_DRIGHT 10511;31035 0;0
188 KEY_DLEFT 10511;31035 0;0
189 KEY_DRIGHT 10511;31035 0;0
190 KEY_DLEFT 10511;31035 0;0
191 KEY_DRIGHT 10511;31035 0;0
192 KEY_DLEFT 10511;31035 0;0
193 KEY_DRIGHT 10511;31035 0;0
194 KEY_DLEFT 10511;31035 0;0
195 NONE 10511;31035 0;0
196 NONE 10511;31035 0;0
197 NONE 10511;31035 0;0
198 NONE 10511;31035 0;0
199 NONE 10511;31035 0;0
200 NONE 10511;31035 0;0
201 NONE 10511;31035 0;0
202 NONE 10511;31035 0;0
203 NONE 10511;31035 0;0
204 KEY_DRIGHT 10511;31035 0;0
205 NONE 10511;31035 0;0
206 NONE 10511;31035 0;0
207 NONE 10511;31035 0;0
208 NONE 10511;31035 0;0
209 NONE 10511;31035 0;0
210 NONE 10511;31035 0;0
211 NONE 10511;31035 0;0
212 NONE 10511;31035 0;0
213 NONE 10511;31035 0;0
214 NONE 10511;31035 0;0
215 NONE 10511;31035 0;0
216 NONE 21304;24895 0;0
217 NONE 21304;24895 0;0
218 NONE 21304;24895 0;0
219 NONE 21304;24895 0;0
220 NONE 21304;24895 0;0
221 NONE 21304;24895 0;0
222 NONE 21304;24895 0;0
223 NONE 21304;24895 0;0
224 KEY_ZR 21304;24895 0;0
225 KEY_Y;KEY_ZR 21304;24895 0;0
226 NONE 21304;24895 0;0
227 NONE 21304;24895 0;0
228 NONE 21304;24895 0;0
229 NONE 21304;24895 0;0
230 NONE 21304;24895 0;0
231 NONE 21304;24895 0;0
232 NONE 21304;24895 0;0
233 NONE 21304;24895 0;0
234 NONE 21304;24895 0;0
235 NONE 21304;24895 0;0
236 NONE 21304;24895 0;0
237 NONE 21304;24895 0;0
238 NONE 21304;24895 0;0
239 NONE 21304;24895 0;0
240 NONE 21304;24895 0;0
241 NONE 21304;24895 0;0
242 NONE 21304;24895 0;0
243 NONE 21304;24895 0;0
244 NONE 21304;24895 0;0
245 NONE 21304;24895 0;0
246 NONE 30002;13171 0;0
247 NONE 30002;13171 0;0
248 NONE 30002;13171 0;0
249 NONE 30002;13171 0;0
250 NONE 30002;13171 0;0
251 KEY_B 30002;13171 0;0
252 KEY_B 30002;13171 0;0
253 KEY_B 30002;13171 0;0
254 KEY_B 30002;13171 0;0
255 KEY_B 30002;13171 0;0
256 KEY_B 30002;13171 0;0
257 KEY_B 30002;13171 0;0
258 KEY_B 30002;13171 0;0
259 KEY_B 30002;13171 0;0
260 KEY_B 30002;13171 0;0
261 NONE 30002;13171 0;0
262 NONE 30002;13171 0;0
263 NONE 30002;13171 0;0
264 NONE 30002;13171 0;0
265 NONE 30002;13171 0;0
266 NONE 30002;13171 0;0
267 NONE 30002;13171 0;0
268 NONE 30002;13171 0;0
269 NONE 30002;13171 0;0
270 NONE 30002;13171 0;0
271 NONE 30002;13171 0;0
272 KEY_ZR 30002;13171 0;0
273 KEY_Y;KEY_ZR 30002;13171 0;0
274 NONE 14272;29495 0;0
275 NONE 14272;29495 0;0
276 NONE 14272;29495 0;0
277 NONE 14272;29495 0;0
278 NONE 14272;29495 0;0
279 NONE 14272;29495 0;0
280 NONE 14272;29495 0;0
281 KEY_DLEFT 14272;29495 0;0
282 KEY_DRIGHT 14272;29495 0;0
283 KEY_DLEFT 14272;29495 0;0
284 KEY_DRIGHT 14272;29495 0;0
285 KEY_DLEFT 14272;29495 0;0
286 KEY_DRIGHT 14272;29495 0;0
287 KEY_DLEFT 14272;29495 0;0
288 KEY_DRIGHT 14272;29495 0;0
289 KEY_DLEFT 14272;29495 0;0
290 KEY_DRIGHT 14272;29495 0;0
291 KEY_DLEFT 14272;29495 0;0
292 KEY_DRIGHT 14272;29495 0;0
293 KEY_DLEFT 14272;29495 0;0
294 KEY_DRIGHT 14272;29495 0;0
295 KEY_DLEFT 14272;29495 0;0
296 KEY_DRIGHT 14272;29495 0;0
297 KEY_DLEFT 14272;29495 0;0
298 KEY_DRIGHT 14272;29495 0;0
299 KEY_DLEFT 14272;29495 0;0
300 KEY_DRIGHT 14272;29495 0;0
301 KEY_DLEFT 14272;29495 0;0
302 KEY_DRIGHT 14272;29495 0;0
303 KEY_DLEFT 14272;29495 0;0
304 KEY_DRIGHT 14272;29495 0;0
305 NONE 14272;29495 0;0
306 NONE 14272;29495 0;0
307 NONE 14272;29495 0;0
308 NONE 14272;29495 0;0
309 NONE 14272;29495 0;0
310 NONE 14272;29495 0;0
311 NONE 14272;29495 0;0
312 NONE 14272;29495 0;0
313 NONE 14272;29495 0;0
314 NONE 14272;29495 0;0
315 NONE 14272;29495 0;0
316 NONE 8900;31535 0;0
317 NONE 8900;31535 0;0
318 NONE 8900;31535 0;0
319 NONE 8900;31535 0;0
320 NONE 8900;31535 0;0
321 NONE 8900;31535 0;0
322 NONE 8900;31535 0;0
323 NONE 8900;31535 0;0
324 NONE 8900;31535 0;0
325 NONE 8900;31535 0;0
326 NONE 8900;31535 0;0
327 NONE 8900;31535 0;0
328 NONE 8900;31535 0;0
329 NONE 8900;31535 0;0
330 NONE 8900;31535 0;0
331 NONE 8900;31535 0;0
332 NONE 8900;31535 0;0
333 NONE 8900;31535 0;0
334 NONE 8900;31535 0;0
335 NONE 8900;31535 0;0
336 NONE 8900;31535 0;0
337 NONE 8900;31535 0;0
338 NONE 8900;31535 0;0
339 NONE 8900;31535 0;0
340 NONE 8900;31535 0;0
341 NONE 8900;31535 0;0
342 NONE 8900;31535 0;0
343 NONE 8900;31535 0;0
344 KEY_DUP 8900;31535 0;0
345 NONE 8900;31535 0;0
346 NONE 8900;31535 0;0
347 NONE 8900;31535 0;0
348 NONE 8900;31535 0;0
349 NONE 8900;31535 0;0
350 NONE 8900;31535 0;0
351 NONE 8900;31535 0;0
352 NONE 8900;31535 0;0
353 NONE 8900;31535 0;0
354 KEY_ZR 8900;31535 0;0
355 KEY_Y;KEY_ZR 8900;31535 0;0
356 NONE 8900;31535 0;0
357 NONE 8900;31535 0;0
358 NONE 8900;31535 0;0
359 KEY_DLEFT 8900;31535 0;0
360 KEY_DRIGHT 8900;31535 0;0
361 KEY_DLEFT 8900;31535 0;0
362 KEY_DRIGHT 8900;31535 0;0
363 KEY_DLEFT 8900;31535 0;0
364 KEY_DRIGHT 8900;31535 0;0
365 KEY_DLEFT 8900;31535 0;0
366 KEY_DRIGHT 8900;31535 0;0
367 KEY_DLEFT 8900;31535 0;0
368 KEY_DRIGHT 8900;31535 0;0
369 KEY_DLEFT 8900;31535 0;0
370 KEY_DRIGHT 8900;31535 0;0
371 KEY_DLEFT 8900;31535 0;0
372 KEY_DRIGHT 8900;31535 0;0
373 KEY_DLEFT 8900;31535 0;0
374 KEY_DRIGHT 8900;31535 0;0
375 KEY_DLEFT 8900;31535 0;0
376 KEY_DRIGHT 8900;31535 0;0
377 KEY_DLEFT 8900;31535 0;0
378 KEY_DRIGHT 8900;31535 0;0
379 KEY_DLEFT 8900;31535 0;0
380 KEY_DRIGHT 8900;31535 0;0
381 KEY_DLEFT 8900;31535 0;0
382 KEY_DRIGHT 8900;31535 0;0
383 KEY_DLEFT 8900;31535 0;0
384 KEY_DRIGHT 8900;31535 0;0
385 KEY_DLEFT 8900;31535 0;0
386 KEY_DRIGHT 8900;31535 0;0
387 KEY_DLEFT 8900;31535 0;0
388 KEY_DRIGHT 29680;13882 0;0
389 KEY_DLEFT 29680;13882 0;0
390 KEY_DRIGHT 29680;13882 0;0
391 KEY_DLEFT 29680;13882 0;0
392 KEY_DRIGHT 29680;13882 0;0
393 KEY_DLEFT 29680;13882 0;0
394 KEY_DRIGHT 29680;13882 0;0
395 KEY_DLEFT 29680;13882 0;0
396 KEY_DRIGHT 29680;13882 0;0
397 KEY_DLEFT 29680;13882 0;0
398 KEY_DRIGHT 29680;13882 0;0
399 KEY_DLEFT 29680;13882 0;0
400 KEY_DRIGHT 29680;13882 0;0
401 KEY_DLEFT 29680;13882 0;0
402 KEY_DRIGHT 29680;13882 0;0
403 KEY_DLEFT 29680;13882 0;0
404 KEY_DRIGHT 29680;13882 0;0
405 NONE 29680;13882 0;0
406 NONE 29680;13882 0;0
407 NONE 29680;13882 0;0
408 NONE 29680;13882 0;0
409 NONE 29680;13882 0;0
410 NONE 29680;13882 0;0
411 NONE 29680;13882 0;0
412 NONE 29680;13882 0;0
413 NONE 29680;13882 0;0
414 NONE 29680;13882 0;0
415 NONE 29680;13882 0;0
416 NONE 29680;13882 0;0
417 NONE 29680;13882 0;0
418 NONE 29680;13882 0;0
419 NONE 29680;13882 0;0
420 NONE 29680;13882 0;0
421 NONE 29680;13882 0;0
422 NONE 29680;13882 0;0
423 NONE 29680;13882 0;0
424 NONE 29680;13882 0;0
425 NONE 29680;13882 0;0
426 NONE 29680;13882 0;0
427 NONE 29680;13882 0;0
428 KEY_DUP 29680;13882 0;0
429 NONE 31664;8426 0;0
430 NONE 32767;0 0;0
431 NONE 32767;0 0;0
432 NONE 32767;0 0;0
433 NONE 32767;0 0;0
434 NONE 32767;0 0;0
435 NONE 32767;0 0;0
436 NONE 32767;0 0;0
437 NONE 32767;0 0;0
438 NONE 32767;0 0;0
439 NONE 32767;0 0;0
440 NONE 32767;0 0;0
441 NONE 32767;0 0;0
442 NONE 32767;0 0;0
443 NONE 32767;0 0;0
444 NONE 32767;0 0;0
445 NONE 32767;0 0;0
446 NONE 32767;0 0;0
447 NONE 32767;0 0;0
448 KEY_L 32767;0 0;0
449 NONE 32767;0 0;0
450 NONE 32767;0 0;0
451 NONE 32767;0 0;0
452 NONE 32767;0 0;0
453 NONE 32767;0 0;0
454 NONE 32767;0 0;0
455 NONE 32767;0 0;0
456 NONE 32767;0 0;0
457 KEY_ZR 32767;0 0;0
458 KEY_Y;KEY_ZR 32767;0 0;0
459 NONE 32767;0 0;0
460 NONE 32767;0 0;0
461 NONE 32767;0 0;0
462 NONE 32767;0 0;0
463 NONE 32767;0 0;0
464 NONE 32767;0 0;0
465 NONE 32767;0 0;0
466 NONE 32767;0 0;0
467 NONE 32767;0 0;0
468 NONE 32767;0 0;0
469 NONE 32767;0 0;0
470 NONE 32767;0 0;0
471 NONE 32767;0 0;0
472 NONE 32767;0 0;0
473 NONE 32767;0 0;0
474 NONE 32767;0 0;0
475 NONE 32767;0 0;0
476 NONE 32767;0 0;0
477 NONE 32767;0 0;0
478 NONE 32767;0 0;0
479 NONE 32767;0 0;0
480 NONE 32767;0 0;0
481 NONE 32767;0 0;0
482 NONE 32767;0 0;0
483 NONE 32767;0 0;0
484 NONE 32767;0 0;0
485 NONE 32767;0 0;0
486 NONE 32767;0 0;0
487 NONE 32767;0 0;0
488 NONE 32767;0 0;0
489 NONE 32767;0 0;0
490 NONE 32767;0 0;0
491 NONE 32767;0 0;0
492 NONE 32767;0 0;0
493 NONE 32767;0 0;0
494 NONE 32767;0 0;0
495 NONE 32767;0 0;0
496 NONE 32767;0 0;0
497 NONE 32767;0 0;0
498 NONE 32767;0 0;0
499 NONE 32767;0 0;0
500 NONE 32767;0 0;0
501 NONE 32767;0 0;0
502 KEY_DLEFT 32767;0 0;0
503 KEY_DRIGHT 32767;0 0;0
504 KEY_DLEFT 32767;0 0;0
505 KEY_DRIGHT 32767;0 0;0
506 KEY_DLEFT 32767;0 0;0
507 KEY_DRIGHT 32767;0 0;0
508 KEY_DLEFT 32767;0 0;0
509 KEY_DRIGHT 32767;0 0;0
510 KEY_DLEFT 32767;0 0;0
511 KEY_DRIGHT 32767;0 0;0
512 KEY_DLEFT 32767;0 0;0
513 KEY_DRIGHT 32767;0 0;0
514 KEY_DLEFT 32767;0 0;0
515 KEY_DRIGHT 32767;0 0;0
516 KEY_DLEFT 32767;0 0;0
517 KEY_DRIGHT 32767;0 0;0
518 KEY_DLEFT 32767;0 0;0
519 KEY_DRIGHT 32767;0 0;0
520 KEY_DLEFT 32767;0 0;0
521 KEY_DRIGHT 32767;0 0;0
522 KEY_DLEFT 32767;0 0;0
523 KEY_DRIGHT 32767;0 0;0
524 KEY_DLEFT 32767;0 0;0
525 KEY_DRIGHT 32767;0 0;0
526 KEY_DLEFT 32767;0 0;0
527 KEY_DRIGHT 32767;0 0;0
528 KEY_DLEFT 32767;0 0;0
529 KEY_DRIGHT 32767;0 0;0
530 KEY_DLEFT 32767;0 0;0
531 KEY_DRIGHT 32767;0 0;0
532 NONE 32767;0 0;0
533 NONE 32767;0 0;0
534 NONE 32767;0 0;0
535 NONE 32767;0 0;0
536 NONE 32767;0 0;0
537 NONE 32767;0 0;0
538 NONE 32767;0 0;0
539 NONE 32767;0 0;0
540 NONE 32767;0 0;0
541 NONE 32767;0 0;0
542 NONE 32767;0 0;0
543 NONE 32767;0 0;0
544 NONE 32767;0 0;0
545 NONE 32767;0 0;0
546 NONE 32767;0 0;0
547 NONE 32767;0 0;0
548 NONE 32767;0 0;0
549 NONE 32767;0 0;0
550 NONE 32767;0 0;0
551 NONE 32767;0 0;0
552 NONE 32767;0 0;0
553 NONE 32767;0 0;0
554 KEY_DUP 32767;0 0;0
555 NONE 32767;0 0;0
556 NONE 32767;0 0;0
557 NONE 32767;0 0;0
558 NONE 32767;0 0;0
559 NONE 32767;0 0;0
560 NONE 32767;0 0;0
561 NONE 32767;0 0;0
562 NONE 32767;0 0;0
563 NONE 32767;0 0;0
564 KEY_ZL 0;0 0;0
565 KEY_Y 0;0 0;0
566 NONE 0;0 0;0
567 KEY_L 0;0 0;0
568 KEY_DUP 0;0 0;0
569 KEY_L 0;0 0;0
570 KEY_DUP 0;0 0;0
571 KEY_L 0;0 0;0
572 KEY_DUP 0;0 0;0
573 KEY_L 0;0 0;0
574 KEY_DUP 0;0 0;0
575 NONE 0;0 0;0
576 NONE 0;0 0;0
577 NONE 0;0 0;0
578 NONE 0;0 0;0
579 NONE 0;0 0;0
580 NONE 0;0 0;0
581 NONE 0;0 0;0
582 NONE 0;0 0;0
583 NONE 0;0 0;0
584 NONE 0;0 0;0
585 NONE 0;0 0;0
586 NONE 0;0 0;0
587 NONE 0;0 0;0
588 NONE 0;0 0;0
589 NONE 0;0 0;0
590 NONE 0;0 0;0
591 NONE 0;0 0;0
592 NONE 0;0 0;0
593 NONE 0;0 0;0
594 NONE 0;0 0;0
595 NONE 0;0 0;0
596 NONE 0;0 0;0
597 NONE 0;0 0;0
598 NONE 0;0 0;0
599 NONE 0;0 0;0
600 NONE -32389;-4962 0;0
601 NONE -32389;-4962 0;0
602 NONE -32389;-4962 0;0
603 NONE -32389;-4962 0;0
604 NONE -32389;-4962 0;0
605 NONE -32389;-4962 0;0
606 NONE -32389;-4962 0;0
607 NONE -32389;-4962 0;0
608 NONE -32389;-4962 0;0
609 NONE -32389;-4962 0;0
610 NONE -32389;-4962 0;0
611 NONE -32389;-4962 0;0
612 NONE -32389;-4962 0;0
613 NONE -32389;-4962 0;0
614 NONE -32389;-4962 0;0
615 NONE -32389;-4962 0;0
616 NONE -32389;-4962 0;0
617 NONE -32389;-4962 0;0
618 NONE -32389;-4962 0;0
619 NONE -32389;-4962 0;0
620 NONE -32389;-4962 0;0
621 NONE -32389;-4962 0;0
622 KEY_L -32389;-4962 0;0
623 NONE -32389;-4962 0;0
624 NONE -32389;-4962 0;0
625 NONE -32389;-4962 0;0
626 NONE -32389;-4962 0;0
627 NONE -32389;-4962 0;0
628 NONE -32389;-4962 0;0
629 NONE -32389;-4962 0;0
630 NONE -32389;-4962 0;0
631 NONE -32389;-4962 0;0
632 NONE -32389;-4962 0;0
633 NONE -32389;-4962 0;0
634 NONE -32389;-4962 0;0
635 NONE -32389;-4962 0;0
636 NONE -32389;-4962 0;0
637 NONE -32389;-4962 0;0
638 NONE -32389;-4962 0;0
639 NONE -32389;-4962 0;0
640 NONE -32389;-4962 0;0
641 NONE -32389;-4962 0;0
642 NONE -32389;-4962 0;0
643 NONE -32389;-4962 0;0
644 NONE -32389;-4962 0;0
645 NONE -32389;-4962 0;0
646 NONE -32389;-4962 0;0
647 NONE -32389;-4962 0;0
648 NONE -32389;-4962 0;0
649 NONE -32389;-4962 0;0
650 NONE -32389;-4962 0;0
651 NONE -32389;-4962 0;0
652 NONE -32389;-4962 0;0
653 NONE -32389;-4962 0;0
654 NONE -32389;-4962 0;0
655 NONE -32389;-4962 0;0
656 NONE -32389;-4962 0;0
657 NONE -32389;-4962 0;0
658 NONE -32389;-4962 0;0
659 NONE -32389;-4962 0;0
660 NONE -32389;-4962 0;0
661 NONE -32389;-4962 0;0
662 NONE -32389;-4962 0;0
663 NONE -32389;-4962 0;0
664 KEY_L -32389;-4962 0;0
665 KEY_X 19133;26600 0;0
666 KEY_X 16333;28406 0;0
667 KEY_X 16333;28406 0;0
668 KEY_X 16333;28406 0;0
669 KEY_X 16333;28406 0;0
670 KEY_X 16333;28406 0;0
671 KEY_X 16333;28406 0;0
672 KEY_X;KEY_ZR 16333;28406 0;0
673 KEY_X;KEY_Y;KEY_ZR 16333;28406 0;0
674 KEY_X 16333;28406 0;0
675 KEY_X 16333;28406 0;0
676 KEY_X 16333;28406 0;0
677 KEY_X 16333;28406 0;0
678 KEY_X 16333;28406 0;0
679 KEY_X 16333;28406 0;0
680 KEY_X 16333;28406 0;0
681 KEY_X 16333;28406 0;0
682 KEY_X 16333;28406 0;0
683 KEY_X 16333;28406 0;0
684 KEY_X 16333;28406 0;0
685 KEY_X 16333;28406 0;0
686 KEY_X 16333;28406 0;0
687 KEY_X 16333;28406 0;0
688 KEY_X 16333;28406 0;0
689 KEY_X 16333;28406 0;0
690 KEY_X 16333;28406 0;0
691 KEY_X 16333;28406 0;0
692 KEY_X 16333;28406 0;0
693 KEY_X 16333;28406 0;0
694 KEY_X 16333;28406 0;0
695 KEY_X 16333;28406 0;0
696 KEY_X 16333;28406 0;0
697 KEY_X 16333;28406 0;0
698 KEY_B;KEY_X 16333;28406 0;0
699 KEY_X 16333;28406 0;0
700 KEY_X 16333;28406 0;0
701 KEY_X 16333;28406 0;0
702 KEY_X 16333;28406 0;0
703 KEY_X 16333;28406 0;0
704 KEY_X 16333;28406 0;0
705 KEY_X 16333;28406 0;0
706 KEY_X 16333;28406 0;0
707 KEY_X 16333;28406 0;0
708 KEY_X 16333;28406 0;0
709 KEY_X 16333;28406 0;0
710 KEY_X 16333;28406 0;0
711 KEY_X 16333;28406 0;0
712 KEY_X 16333;28406 0;0
713 KEY_X 16333;28406 0;0
714 KEY_X 16333;28406 0;0
715 KEY_X 16333;28406 0;0
716 KEY_X 16333;28406 0;0
717 KEY_X 16333;28406 0;0
718 KEY_X 16333;28406 0;0
719 KEY_X 16333;28406 0;0
720 KEY_X 16333;28406 0;0
721 KEY_X 16333;28406 0;0
722 KEY_X 16333;28406 0;0
723 KEY_X 16333;28406 0;0
724 KEY_X 16333;28406 0;0
725 KEY_X 16333;28406 0;0
726 KEY_X 16333;28406 0;0
727 KEY_X 16333;28406 0;0
728 KEY_X 0;0 0;0
729 KEY_X 0;0 0;0
730 KEY_X 0;0 0;0
731 KEY_X 0;0 0;0
732 KEY_X 0;0 0;0
733 KEY_X 0;0 0;0
734 KEY_X 0;0 0;0
735 KEY_X 0;0 0;0
736 KEY_X 0;0 0;0
737 KEY_X 0;0 0;0
738 KEY_X 0;0 0;0
739 KEY_X 0;0 0;0
740 KEY_X 0;0 0;0
741 KEY_X 0;0 0;0
742 KEY_X 0;0 0;0
743 KEY_X 0;0 0;0
744 KEY_X 0;0 0;0
745 KEY_X 0;0 0;0
746 KEY_X 0;0 0;0
747 KEY_X 0;0 0;0
748 KEY_X 0;0 0;0
749 KEY_X 0;0 0;0
750 KEY_X 0;0 0;0
751 KEY_X 0;0 0;0
752 KEY_X 0;0 0;0
753 KEY_X 0;0 0;0
754 KEY_X 0;0 0;0
755 KEY_X 0;0 0;0
756 KEY_X 0;0 0;0
757 KEY_X 0;0 0;0
758 KEY_X 0;0 0;0
759 KEY_X 0;0 0;0
760 KEY_X 0;0 0;0
761 KEY_X 0;0 0;0
762 KEY_X 0;0 0;0
763 KEY_X 0;0 0;0
764 KEY_X 0;0 0;0
765 KEY_X 0;0 0;0
766 KEY_X 0;0 0;0
767 KEY_X 0;0 0;0
768 KEY_X 0;0 0;0
769 KEY_X 0;0 0;0
770 KEY_X 0;0 0;0
771 KEY_X 0;0 0;0
772 KEY_X 0;0 0;0
773 KEY_X 0;0 0;0
774 KEY_X 0;0 0;0
775 KEY_X 0;0 0;0
776 KEY_X 0;0 0;0
777 KEY_X 0;0 0;0
778 KEY_X 0;0 0;0
779 KEY_X 0;0 0;0
780 KEY_X 0;0 0;0
781 KEY_X 0;0 0;0
782 KEY_X 0;0 0;0
783 KEY_X 0;0 0;0
784 KEY_X 0;0 0;0
785 KEY_X 0;0 0;0
786 KEY_X 0;0 0;0
787 KEY_X 0;0 0;0
788 KEY_X 0;0 0;0
789 KEY_X 0;0 0;0
790 KEY_X 0;0 0;0
791 KEY_X 0;0 0;0
792 KEY_X 0;0 0;0
793 KEY_X 0;0 0;0
794 KEY_X 0;0 0;0
795 KEY_X 0;0 0;0
796 KEY_X 0;0 0;0
797 KEY_X 0;0 0;0
798 KEY_X 0;0 0;0
799 KEY_X 0;0 0;0
800 KEY_X 0;0 0;0
801 KEY_X 0;0 0;0
802 KEY_X 0;0 0;0
803 KEY_X 0;0 0;0
804 KEY_X 0;0 0;0
805 KEY_X 0;0 0;0
806 KEY_X 0;0 0;0
807 KEY_X 0;0 0;0
808 KEY_X 0;0 0;0
809 KEY_X 0;0 0;0
810 KEY_X 0;0 0;0
811 KEY_X 0;0 0;0
812 KEY_X 0;0 0;0
813 KEY_X 0;0 0;0
814 KEY_X 0;0 0;0
815 KEY_X 0;0 0;0
816 KEY_X 0;0 0;0
817 KEY_X 0;0 0;0
818 KEY_X 0;0 0;0
819 KEY_X 0;0 0;0
820 KEY_X 0;0 0;0
821 KEY_X 0;0 0;0
822 KEY_X 0;0 0;0
823 KEY_X 0;0 0;0
824 KEY_X 0;0 0;0
825 KEY_X 0;0 0;0
826 KEY_X 0;0 0;0
827 KEY_X 0;0 0;0
828 KEY_X 0;0 0;0
829 KEY_X 0;0 0;0
830 KEY_X 0;0 0;0
831 KEY_X 0;0 0;0
832 KEY_X 0;0 0;0
833 KEY_X 0;0 0;0
834 KEY_X 0;0 0;0
835 KEY_X 0;0 0;0
836 KEY_X 0;0 0;0
837 KEY_X 0;0 0;0
838 KEY_X 0;0 0;0
839 KEY_X 0;0 0;0
840 KEY_X 0;0 0;0
841 KEY_X 0;0 0;0
842 KEY_X 0;0 0;0
843 KEY_X 0;0 0;0
844 KEY_X 0;0 0;0
845 KEY_X 0;0 0;0
846 KEY_X 0;0 0;0
847 KEY_X 0;0 0;0
848 KEY_X 0;0 0;0
849 KEY_X 0;0 0;0
850 KEY_X 0;0 0;0
851 KEY_X 0;0 0;0
852 KEY_X 0;0 0;0
853 KEY_X 0;0 0;0
854 KEY_X 0;0 0;0
855 KEY_X 0;32767 0;0
856 KEY_X -28377;-16383 0;0
857 KEY_X 28377;-16383 0;0
858 KEY_X 0;32767 0;0
859 KEY_X -28377;-16383 0;0
860 KEY_X 28377;-16383 0;0
861 KEY_X 0;32767 0;0
862 KEY_X -28377;-16383 0;0
863 KEY_X 28377;-16383 0;0
864 KEY_X 0;32767 0;0
865 KEY_X -28377;-16383 0;0
866 KEY_X 28377;-16383 0;0
867 KEY_X 0;32767 0;0
868 KEY_X -28377;-16383 0;0
869 KEY_X 28377;-16383 0;0
870 KEY_X 0;32767 0;0
871 KEY_X -28377;-16383 0;0
872 KEY_X 28377;-16383 0;0
873 KEY_X 0;32767 0;0
874 KEY_X -28377;-16383 0;0
875 KEY_X 28377;-16383 0;0
876 KEY_X 0;32767 0;0
877 KEY_X -28377;-16383 0;0
878 KEY_X 28377;-16383 0;0
879 KEY_X 0;32767 0;0
880 KEY_X -28377;-16383 0;0
881 KEY_X 28377;-16383 0;0
882 KEY_X 0;32767 0;0
883 KEY_X -28377;-16383 0;0
884 KEY_X 28377;-16383 0;0
885 KEY_X 0;32767 0;0
886 KEY_X -28377;-16383 0;0
887 KEY_X 28377;-16383 0;0
888 KEY_X 0;32767 0;0
889 KEY_X -28377;-16383 0;0
890 KEY_X 28377;-16383 0;0
891 KEY_X 0;32767 0;0
892 KEY_X -28377;-16383 0;0
893 KEY_X 28377;-16383 0;0
894 KEY_X 0;32767 0;0
895 KEY_X -28377;-16383 0;0
896 KEY_X 28377;-16383 0;0
897 KEY_X 0;32767 0;0
898 KEY_X -28377;-16383 0;0
899 KEY_X 28377;-16383 0;0
900 KEY_X 0;32767 0;0
901 KEY_X -28377;-16383 0;0
902 KEY_X 28377;-16383 0;0
903 KEY_X 0;32767 0;0
904 KEY_X -28377;-16383 0;0
905 KEY_X 28377;-16383 0;0
906 KEY_X 0;32767 0;0
907 KEY_X -28377;-16383 0;0
908 KEY_X 28377;-16383 0;0
909 KEY_X 0;32767 0;0
910 KEY_X -28377;-16383 0;0
911 KEY_X 28377;-16383 0;0
912 KEY_X 0;32767 0;0
913 KEY_X -28377;-16383 0;0
914 KEY_X 28377;-16383 0;0
915 KEY_X 0;32767 0;0
916 KEY_X -28377;-16383 0;0
917 KEY_X 28377;-16383 0;0
918 KEY_X 0;32767 0;0
919 KEY_X -28377;-16383 0;0
920 KEY_X 28377;-16383 0;0
921 KEY_X 0;32767 0;0
922 KEY_X -28377;-16383 0;0
923 KEY_X 28377;-16383 0;0
924 KEY_X -5386;-32321 0;0
925 KEY_X -5386;-32321 0;0
926 NONE -5386;-32321 0;0
927 KEY_B -5386;-32321 0;0
928 KEY_ZR -7509;-31892 0;0
929 KEY_ZR -7509;-31892 0;0
930 KEY_ZR -7509;-31892 0;0
931 KEY_ZR -7509;-31892 0;0
932 KEY_ZR -7509;-31892 0;0
933 KEY_ZR -7509;-31892 0;0
934 KEY_X;KEY_ZR -7509;-31892 0;0
935 KEY_Y;KEY_ZR -7509;-31892 0;0
936 KEY_B;KEY_L -7509;-31892 0;0
937 KEY_Y -26524;-19231 0;0
938 KEY_Y -26524;-19231 0;0
939 KEY_Y -26524;-19231 0;0
940 KEY_Y -26524;-19231 0;0
941 KEY_Y -26524;-19231 0;0
942 KEY_Y -26524;-19231 0;0
943 KEY_Y -26524;-19231 0;0
944 KEY_Y -26524;-19231 0;0
945 KEY_B;KEY_Y -26524;-19231 0;0
946 KEY_B;KEY_Y -23749;22574 0;0
947 KEY_B;KEY_Y -23749;22574 0;0
948 KEY_B;KEY_Y -23749;22574 0;0
949 KEY_B;KEY_Y -23749;22574 0;0
950 KEY_B;KEY_Y -23749;22574 -1;0
951 KEY_Y -23749;22574 0;0
952 KEY_Y -23749;22574 0;0
953 KEY_Y -23749;22574 0;0
954 KEY_Y -23749;22574 0;0
955 KEY_Y -23749;22574 0;0
956 KEY_Y -23749;22574 0;0
957 KEY_Y -23749;22574 0;0
958 KEY_Y -23749;22574 0;0
959 KEY_Y -23749;22574 0;0
960 KEY_Y -23749;22574 0;0
961 KEY_Y -23749;22574 0;0
962 KEY_Y -23749;22574 0;0
963 KEY_Y -23749;22574 0;0
964 KEY_Y -23749;22574 0;0
965 KEY_Y -23749;22574 0;0
966 KEY_Y -23749;22574 0;0
967 KEY_Y -23749;22574 0;0
968 KEY_Y -23749;22574 0;0
969 KEY_Y -23749;22574 0;0
970 KEY_Y -23749;22574 0;0
971 KEY_Y -23749;22574 0;0
972 KEY_Y -23749;22574 0;0
973 KEY_Y -23749;22574 0;0
974 KEY_Y -23749;22574 0;0
975 KEY_Y -23749;22574 0;0
976 KEY_Y -23749;22574 0;0
977 KEY_Y -14487;29390 0;0
978 NONE -14487;29390 0;0
979 NONE -14487;29390 0;0
980 NONE -14487;29390 0;0
981 NONE -14487;29390 0;0
982 NONE -14487;29390 0;0
983 NONE -14487;29390 0;0
984 NONE -14487;29390 0;0
985 NONE -14487;29390 0;0
986 NONE -14487;29390 0;0
987 NONE -14487;29390 0;0
988 NONE -14487;29390 0;0
989 NONE -14487;29390 0;0
990 NONE -14487;29390 0;0
991 NONE -14487;29390 0;0
992 NONE -14487;29390 0;0
993 NONE -14487;29390 0;0
994 NONE -14487;29390 0;0
995 NONE -14487;29390 0;0
996 NONE -14487;29390 0;0
997 NONE -14487;29390 0;0
998 NONE -14487;29390 0;0
999 NONE -14487;29390 0;0
1000 NONE -14487;29390 0;0
1001 NONE -14487;29390 0;0
1002 KEY_ZL -30673;-11524 0;0
1003 KEY_Y;KEY_ZL;KEY_R -32767;0 0;0
1004 KEY_ZL -32767;0 0;0
1005 KEY_ZL -32767;0 0;0
1006 KEY_ZL -32767;0 0;0
1007 KEY_ZL -32767;0 0;0
1008 KEY_ZL -32767;0 0;0
1009 KEY_ZL -32767;0 0;0
1010 KEY_ZL -32767;0 0;0
1011 KEY_ZL -32767;0 0;0
1012 KEY_ZL -32767;0 0;0
1013 KEY_ZL -32767;0 0;0
1014 KEY_ZL -32767;0 0;0
1015 KEY_ZL -32767;0 0;0
1016 KEY_ZL -32767;0 0;0
1017 KEY_ZL -32767;0 0;0
1018 KEY_ZL -32767;0 0;0
1019 KEY_ZL -32767;0 0;0
1020 KEY_ZL -32767;0 0;0
1021 KEY_ZL -32767;0 0;0
1022 KEY_ZL -32767;0 0;0
1023 KEY_ZL -32767;0 0;0
1024 KEY_ZL -32767;0 0;0
1025 KEY_ZL -32767;0 0;0
1026 KEY_ZL -32767;0 0;0
1027 KEY_ZL -32767;0 0;0
1028 KEY_ZL -32767;0 0;0
1029 KEY_ZL -32767;0 0;0
1030 KEY_ZL -32767;0 0;0
1031 KEY_ZL -32767;0 0;0
1032 KEY_ZL -32767;0 0;0
1033 KEY_ZL;KEY_L -32767;0 0;0
1034 KEY_ZL 0;0 0;0
1035 KEY_ZL 0;0 0;0
1036 KEY_ZL 0;0 0;0
1037 KEY_ZL 0;0 0;0
1038 KEY_ZL 0;0 0;0
1039 KEY_ZL 0;0 0;0
1040 KEY_ZL 0;0 0;0
1041 KEY_ZL 0;0 0;0
1042 KEY_ZL 0;0 0;0
1043 KEY_ZL 0;0 0;0
1044 KEY_ZL 0;0 0;0
1045 KEY_ZL 0;0 0;0
1046 KEY_ZL 0;0 0;0
1047 KEY_ZL 0;0 0;0
1048 KEY_ZL 0;0 0;0
1049 KEY_ZL 0;0 0;0
1050 KEY_ZL 0;0 0;0
1051 KEY_ZL 0;0 0;0
1052 KEY_ZL 0;0 0;0
1053 KEY_ZL 0;0 0;0
1054 KEY_ZL 0;0 0;0
1055 KEY_ZL 0;0 0;0
1056 KEY_ZL 0;0 0;0
1057 KEY_ZL 0;0 0;0
1058 KEY_ZL 0;0 0;0
1059 KEY_ZL 0;0 0;0
1060 KEY_ZL 0;0 0;0
1061 KEY_ZL 0;0 0;0
1062 KEY_ZL 0;0 0;0
1063 KEY_ZL 0;0 0;0
1064 KEY_ZL 0;0 0;0
1065 KEY_ZL 0;0 0;0
1066 KEY_ZL 0;0 0;0
1067 KEY_ZL 0;0 0;0
1068 KEY_ZL -11170;30804 0;0
1069 KEY_ZL -11170;30804 0;0
1070 NONE -11170;30804 0;0
1071 KEY_B -11170;30804 0;0
1072 NONE -11170;30804 0;0
1073 NONE -11170;30804 0;0
1074 NONE -11170;30804 0;0
1075 NONE -11170;30804 0;0
1076 NONE -11170;30804 0;0
1077 NONE -11170;30804 0;0
1078 NONE -11170;30804 0;0
1079 NONE -11170;30804 0;0
1080 NONE -11170;30804 0;0
1081 NONE -11170;30804 0;0
1082 NONE -11170;30804 0;0
1083 NONE 0;0 0;0
1084 NONE 0;0 0;0
1085 NONE 0;0 0;0
1086 NONE 0;0 0;0
1087 NONE 0;0 0;0
1088 NONE 0;0 0;0
1089 NONE 0;0 0;0
1090 NONE 0;0 0;0
1091 NONE 0;0 0;0
1092 NONE 0;0 0;0
1093 NONE 0;0 0;0
1094 NONE 0;0 0;0
1095 NONE 0;0 0;0
1096 NONE 0;0 0;0
1097 NONE 0;0 0;0
1098 NONE 0;0 0;0
1099 NONE 0;0 0;0
1100 NONE 0;0 0;0
1101 NONE 0;0 0;0
1102 NONE 0;0 0;0
1103 NONE 0;0 0;0
1104 NONE 0;0 0;0
1105 NONE 0;0 0;0
1106 NONE 0;0 0;0
1107 NONE 0;0 0;0
1108 NONE 0;0 0;0
1109 NONE 0;0 0;0
1110 NONE 0;0 0;0
1111 NONE 0;0 0;0
1112 NONE 0;0 0;0
1113 NONE 0;0 0;0
1114 NONE 0;0 0;0
1115 NONE 0;0 0;0
1116 NONE 0;0 0;0
1117 NONE 0;0 0;0
1118 NONE 0;0 0;0
1119 NONE 0;0 0;0
1120 NONE 0;0 0;0
1121 NONE 0;0 0;0
1122 NONE 0;0 0;0
1123 NONE 0;0 0;0
1124 NONE 0;0 0;0
1125 NONE 0;0 0;0
1126 NONE 0;0 0;0
1127 NONE 0;0 0;0
1128 NONE 0;0 0;0
1129 NONE 0;0 0;0
1130 NONE 0;0 0;0
1131 NONE 0;0 0;0
1132 NONE 0;0 0;0
1133 NONE 0;0 0;0
1134 NONE 0;0 0;0
1135 NONE 0;0 0;0
1136 NONE 0;0 0;0
1137 NONE 0;0 0;0
1138 NONE 0;0 0;0
1139 NONE 0;0 0;0
1140 NONE 0;0 0;0
1141 NONE 0;0 0;0
1142 NONE 0;0 0;0
1143 NONE 0;0 0;0
1144 NONE 0;0 0;0
1145 NONE 0;0 0;0
1146 NONE 0;0 0;0
1147 NONE 0;0 0;0
1148 NONE 0;0 0;0
1149 NONE 0;0 0;0
1150 NONE 0;0 0;0
1151 NONE 0;0 0;0
1152 NONE 0;0 0;0
1153 NONE 0;0 0;0
1154 NONE 0;0 0;0
1155 NONE 0;0 0;0
1156 NONE 0;0 0;0
1157 NONE 0;0 0;0
1158 NONE 0;0 0;0
1159 NONE 0;0 0;0
1160 NONE 0;0 0;0
1161 NONE 0;0 0;0
1162 NONE 0;0 0;0
1163 NONE 0;0 0;0
1164 NONE 0;0 0;0
1165 NONE 0;0 0;0
1166 NONE 0;0 0;0
1167 NONE 0;0 0;0
1168 NONE 0;0 0;0
1169 NONE 0;0 0;0
1170 NONE 0;0 0;0
1171 NONE 0;0 0;0
1172 NONE 0;0 0;0
1173 NONE 0;0 0;0
1174 NONE 0;0 0;0
1175 NONE 0;0 0;0
1176 NONE 0;0 0;0
1177 NONE 0;0 0;0
1178 NONE 0;0 0;0
1179 NONE 0;0 0;0
1180 NONE 0;0 0;0
1181 NONE 0;0 0;0
1182 NONE 0;0 0;0
1183 NONE 0;0 0;0
1184 NONE 0;0 0;0
1185 NONE 0;0 0;0
1186 NONE 0;0 0;0
1187 NONE 0;0 0;0
1188 NONE 0;0 0;0
1189 NONE 0;0 0;0
1190 NONE 0;0 0;0
1191 NONE 0;0 0;0
1192 NONE 0;0 0;0
1193 NONE 0;0 0;0
1194 NONE 0;0 0;0
1195 NONE 0;0 0;0
1196 NONE 0;0 0;0
1197 NONE 0;0 0;0
1198 NONE 0;0 0;0
1199 NONE 0;0 0;0
1200 NONE 0;0 0;0
1201 NONE 0;0 0;0
1202 NONE 0;0 0;0
1203 NONE 0;0 0;0
1204 NONE 0;0 0;0
1205 NONE 0;0 0;0
1206 NONE 0;0 0;0
1207 NONE 0;0 0;0
1208 NONE 0;0 0;0
1209 NONE 0;0 0;0
1210 NONE 0;0 0;0
1211 NONE 0;0 0;0
1212 NONE 0;0 0;0
1213 NONE 0;0 0;0
1214 NONE 0;0 0;0
1215 NONE 0;0 0;0
1216 NONE 0;0 0;0
1217 NONE 0;0 0;0
1218 NONE 0;0 0;0
1219 NONE 0;0 0;0
1220 NONE 0;0 0;0
1221 NONE 0;0 0;0
1222 NONE 0;0 0;0
1223 NONE 0;0 0;0
1224 NONE 0;0 0;0
1225 NONE 0;0 0;0
1226 NONE 0;0 0;0
1227 NONE 0;0 0;0
1228 NONE 0;0 0;0
1229 NONE 0;0 0;0
1230 NONE 0;0 0;0
1231 NONE 0;0 0;0
1232 NONE 0;0 0;0
1233 NONE 0;0 0;0
1234 NONE 0;0 0;0
1235 NONE 0;0 0;0
1236 NONE 0;0 0;0
1237 NONE 0;0 0;0
1238 NONE 0;0 0;0
1239 NONE 0;0 0;0
1240 NONE 0;0 0;0
1241 NONE 0;0 0;0
1242 NONE 0;0 0;0
1243 NONE 0;0 0;0
1244 NONE 0;0 0;0
1245 NONE 0;0 0;0
1246 NONE 0;0 0;0
1247 NONE 0;0 0;0
1248 NONE 0;0 0;0
1249 NONE 0;0 0;0
1250 NONE 0;0 0;0
1251 NONE 0;0 0;0
1252 NONE 0;0 0;0
1253 NONE 0;32767 0;0
1254 NONE -28377;-16383 0;0
1255 NONE 28377;-16383 0;0
1256 NONE 0;32767 0;0
1257 NONE -28377;-16383 0;0
1258 NONE 28377;-16383 0;0
1259 NONE 0;32767 0;0
1260 NONE -28377;-16383 0;0
1261 NONE 28377;-16383 0;0
1262 NONE 0;32767 0;0
1263 NONE -28377;-16383 0;0
1264 NONE 28377;-16383 0;0
1265 NONE 0;32767 0;0
1266 NONE -28377;-16383 0;0
1267 NONE 28377;-16383 0;0
1268 NONE 0;32767 0;0
1269 NONE -28377;-16383 0;0
1270 NONE 28377;-16383 0;0
1271 NONE 0;32767 0;0
1272 NONE -28377;-16383 0;0
1273 NONE 28377;-16383 0;0
1274 NONE 0;32767 0;0
1275 NONE -28377;-16383 0;0
1276 NONE 28377;-16383 0;0
1277 NONE 0;32767 0;0
1278 NONE -28377;-16383 0;0
1279 NONE 28377;-16383 0;0
1280 NONE 0;32767 0;0
1281 NONE 11164;30806 0;0
1282 NONE 11164;30806 0;0
1283 NONE 11164;30806 0;0
1284 NONE 11164;30806 0;0
1285 NONE 11164;30806 0;0
1286 NONE 11164;30806 0;0
1287 NONE 11164;30806 0;0
1288 NONE 11164;30806 0;0
1289 NONE 11164;30806 0;0
1290 NONE 11164;30806 0;0
1291 NONE 11164;30806 0;0
1292 KEY_B 11164;30806 0;0
1293 KEY_ZL 11164;30806 0;0
1294 KEY_ZL 11164;30806 0;0
1295 KEY_ZL 11164;30806 0;0
1296 KEY_ZL 11164;30806 0;0
1297 KEY_ZL 11164;30806 0;0
1298 KEY_ZL 11164;30806 0;0
1299 KEY_X;KEY_ZL 11164;30806 0;0
1300 KEY_Y;KEY_ZL;KEY_R 11164;30806 0;0
1301 KEY_ZL 0;0 0;0
1302 KEY_ZL;KEY_DLEFT 0;0 0;0
1303 KEY_ZL;KEY_DRIGHT 0;0 0;0
1304 KEY_ZL;KEY_DLEFT 0;0 0;0
1305 KEY_ZL;KEY_DRIGHT 0;0 0;0
1306 KEY_ZL;KEY_DLEFT 0;0 0;0
1307 KEY_ZL;KEY_DRIGHT 0;0 0;0
1308 KEY_ZL;KEY_DLEFT 0;0 0;0
1309 KEY_ZL;KEY_DRIGHT 0;0 0;0
1310 KEY_ZL;KEY_DLEFT 0;0 0;0
1311 KEY_ZL;KEY_DRIGHT 0;0 0;0
1312 KEY_ZL;KEY_DLEFT 0;0 0;0
1313 KEY_ZL;KEY_DRIGHT 0;0 0;0
1314 KEY_ZL;KEY_DLEFT 0;0 0;0
1315 KEY_ZL;KEY_DRIGHT 0;0 0;0
1316 KEY_ZL;KEY_DLEFT 0;0 0;0
1317 KEY_ZL;KEY_DRIGHT 0;0 0;0
1318 KEY_ZL;KEY_DLEFT 0;0 0;0
1319 KEY_ZL;KEY_DRIGHT 0;0 0;0
1320 KEY_ZL;KEY_DLEFT 0;0 0;0
1321 KEY_ZL;KEY_DRIGHT 0;0 0;-32767
1322 KEY_ZL;KEY_DLEFT 0;0 0;-32767
1323 KEY_ZL;KEY_DRIGHT 0;0 0;-32767
1324 KEY_ZL;KEY_DLEFT 0;0 0;-32767
1325 KEY_ZL;KEY_DRIGHT 0;0 0;-32767
1326 KEY_ZL;KEY_DLEFT 0;0 0;-32767
1327 KEY_ZL;KEY_DRIGHT 0;0 0;-32767
1328 KEY_ZL;KEY_DLEFT 0;0 0;-32767
1329 KEY_ZL;KEY_DRIGHT 0;0 0;-32767
1330 KEY_ZL;KEY_DLEFT 0;0 0;-32767
1331 KEY_ZL;KEY_DRIGHT 0;0 0;-32767
1332 KEY_ZL;KEY_DLEFT 0;0 0;-32767
1333 KEY_ZL;KEY_DRIGHT 0;0 0;-32767
1334 KEY_ZL;KEY_DLEFT 0;0 0;-32767
1335 KEY_ZL;KEY_DRIGHT 0;0 0;-32767
1336 KEY_ZL;KEY_DLEFT 0;0 0;-32767
1337 KEY_ZL;KEY_DRIGHT 0;0 0;-32767
1338 KEY_ZL;KEY_DLEFT 0;0 0;-32767
1339 KEY_ZL;KEY_DRIGHT 0;0 0;-32767
1340 KEY_ZL;KEY_DLEFT 0;0 0;-32767
1341 KEY_ZL;KEY_DRIGHT 0;0 0;-32767
1342 KEY_ZL;KEY_DLEFT 0;0 0;-32767
1343 KEY_ZL;KEY_DRIGHT 0;0 0;-32767
1344 KEY_ZL;KEY_DLEFT 0;0 0;-32767
1345 KEY_ZL;KEY_DRIGHT 0;0 0;-32767
1346 KEY_ZL;KEY_DLEFT 0;0 0;-32767
1347 KEY_ZL;KEY_DRIGHT 0;0 0;-32767
1348 KEY_ZL;KEY_DLEFT 0;0 0;-32767
1349 KEY_ZL;KEY_DRIGHT 0;0 0;-32767
1350 KEY_ZL;KEY_DLEFT 0;0 0;-32767
1351 KEY_ZL;KEY_DRIGHT 0;0 0;-32767
1352 KEY_ZL;KEY_DLEFT 0;0 0;-32767
1353 KEY_ZL;KEY_DRIGHT 0;0 0;-32767
1354 KEY_ZL;KEY_DLEFT 0;0 0;-32767
1355 KEY_ZL;KEY_DRIGHT 0;0 0;-32767
1356 KEY_ZL;KEY_DLEFT 0;0 0;-32767
1357 KEY_ZL;KEY_DRIGHT 0;0 0;-32767
1358 KEY_ZL;KEY_DLEFT 0;0 0;-32767
1359 KEY_ZL;KEY_DRIGHT 0;0 0;-32767
1360 KEY_ZL;KEY_DLEFT 0;0 0;-32767
1361 KEY_ZL;KEY_DRIGHT 0;0 0;-32767
1362 KEY_ZL;KEY_DLEFT 0;0 0;-32767
1363 KEY_ZL;KEY_DRIGHT 0;0 0;-32767
1364 KEY_ZL;KEY_DLEFT 0;0 0;-32767
1365 KEY_ZL;KEY_DRIGHT 0;0 0;-32767
1366 KEY_ZL;KEY_DLEFT 0;0 0;-32767
1367 KEY_ZL;KEY_DRIGHT 0;0 0;-32767
1368 KEY_ZL;KEY_DLEFT 0;0 0;-32767
1369 KEY_ZL;KEY_DRIGHT 0;0 0;-32767
1370 KEY_ZL;KEY_DLEFT 0;0 0;-32767
1371 KEY_ZL;KEY_DRIGHT 0;0 0;-32767
1372 KEY_ZL;KEY_DLEFT 0;0 0;-32767
