1 KEY_B 0;0 0;0
1235 KEY_PLUS 0;0 0;0
1244 KEY_PLUS 0;0 0;0
1267 KEY_A 0;0 0;0
1392 NONE -1143;32746 0;0
1393 NONE -1143;32746 0;0
1394 NONE -1143;32746 0;0
1395 NONE -1143;32746 0;0
1396 NONE -1143;32746 0;0
1397 NONE -1143;32746 0;0
1398 NONE -1143;32746 0;0
1399 NONE -1143;32746 0;0
1400 NONE -1143;32746 0;0
1401 NONE -1143;32746 0;0
1402 NONE -1143;32746 0;0
1403 NONE -1143;32746 0;0
1404 NONE -1143;32746 0;0
1405 NONE -1143;32746 0;0
1406 KEY_A -1143;32746 0;0
1407 KEY_A -1143;32746 0;0
1408 KEY_A -1143;32746 0;0
1409 KEY_A -1143;32746 0;0
1410 KEY_A -1143;32746 0;0
1411 KEY_A -1143;32746 0;0
1412 KEY_A -1143;32746 0;0
1413 KEY_A -1143;32746 0;0
1414 KEY_ZR -1143;32746 0;0
1415 KEY_Y;KEY_ZR -1143;32746 0;0
1416 KEY_ZR -1143;32746 0;0
1417 KEY_ZR -1143;32746 0;0
1418 KEY_ZR -1143;32746 0;0
1419 KEY_ZR -1143;32746 0;0
1420 KEY_ZR -1143;32746 0;0
1421 KEY_ZR -1143;32746 0;0
1422 KEY_ZR -1143;32746 0;0
1423 KEY_ZR -1143;32746 0;0
1424 KEY_ZR -1143;32746 0;0
1425 KEY_ZR -1143;32746 0;0
1426 KEY_ZR -1143;32746 0;0
1427 KEY_ZR -1143;32746 0;0
1428 KEY_ZR -1143;32746 0;0
1429 KEY_ZR -1143;32746 0;0
1430 KEY_ZR -1143;32746 0;0
1431 KEY_ZR -1143;32746 0;0
1432 KEY_ZR -1143;32746 0;0
1433 KEY_ZR -1143;32746 0;0
1434 KEY_ZR -1143;32746 0;0
1435 KEY_ZR -1143;32746 0;0
1436 KEY_ZR -1143;32746 0;0
1437 KEY_ZR -1143;32746 0;0
1438 KEY_ZR -1143;32746 0;0
1439 KEY_ZR -1143;32746 0;0
1440 KEY_ZR -1143;32746 0;0
1441 KEY_ZR -1143;32746 0;0
1442 KEY_ZR;KEY_L -1143;32746 0;0
1443 KEY_ZR -1143;32746 0;0
1444 KEY_ZR -1143;32746 0;0
1445 KEY_ZR -1143;32746 0;0
1446 KEY_ZR -1143;32746 0;0
1447 KEY_ZR -1143;32746 0;0
1448 KEY_ZR -1143;32746 0;0
1449 KEY_ZR -1143;32746 0;0
1450 KEY_ZR -1143;32746 0;0
1451 KEY_ZR -1143;32746 0;0
1452 KEY_ZR -1143;32746 0;0
1453 KEY_ZR -1143;32746 0;0
1454 KEY_ZR -1143;32746 0;0
1455 KEY_ZR -1143;32746 0;0
1456 KEY_ZR -1143;32746 0;0
1457 KEY_ZR -1143;32746 0;0
1458 KEY_A;KEY_ZR;KEY_DUP -1143;32746 0;0
1459 KEY_X;KEY_ZR 32767;0 0;0
1460 KEY_X -1143;32741 0;0
1461 KEY_X -1143;32741 0;0
1462 KEY_X -1143;32741 0;0
1463 KEY_X -1143;32741 0;0
1464 KEY_B;KEY_X -1143;32741 0;0
1465 KEY_B;KEY_X -1143;32741 0;0
1466 KEY_B;KEY_X -1143;32741 0;0
1467 KEY_B;KEY_X -1143;32741 0;0
1468 KEY_B;KEY_X -1143;32741 0;0
1469 KEY_B;KEY_X -1143;32741 0;0
1470 KEY_B;KEY_X -1143;32741 0;0
1471 KEY_B;KEY_X -1143;32741 0;0
1472 KEY_B;KEY_X -1143;32741 0;0
1473 KEY_B;KEY_X -1143;32741 0;0
1474 KEY_X -1143;32741 0;0
1475 KEY_X -1143;32741 0;0
1476 KEY_X -1143;32741 0;0
1477 KEY_X -1143;32741 0;0
1478 KEY_X -1143;32741 0;0
1479 KEY_X -1143;32741 0;0
1480 KEY_X -1143;32741 0;0
1481 KEY_X -1143;32741 0;0
1482 KEY_X -1143;32741 0;0
1483 KEY_X -1143;32741 0;0
1484 KEY_X -1143;32741 0;0
1485 KEY_X -1143;32741 0;0
1486 KEY_X -1143;32741 0;0
1487 KEY_X -1143;32741 0;0
1488 KEY_X -1143;32741 0;0
1489 KEY_X -1143;32741 0;0
1490 KEY_X -1143;32741 0;0
1491 KEY_A;KEY_X -1143;32741 0;0
1492 KEY_A;KEY_X -1143;32741 0;0
1493 KEY_A;KEY_X -1143;32741 0;0
1494 KEY_A;KEY_X -1143;32741 0;0
1495 KEY_A;KEY_X -1143;32741 0;0
1496 KEY_A;KEY_X -1143;32741 0;0
1497 KEY_A;KEY_X -1143;32741 0;0
1498 KEY_A;KEY_X -1143;32741 0;0
1499 KEY_X;KEY_ZR -1143;32741 0;0
1500 KEY_X;KEY_Y;KEY_ZR -1143;32741 0;0
1501 KEY_X;KEY_ZR -1143;32741 0;0
1502 KEY_X;KEY_ZR -1143;32741 0;0
1503 KEY_X;KEY_ZR -1143;32741 0;0
1504 KEY_X;KEY_ZR -1143;32741 0;0
1505 KEY_X;KEY_ZR -1143;32741 0;0
1506 KEY_X;KEY_ZR -1143;32741 0;0
1507 KEY_X;KEY_ZR -1143;32741 0;0
1508 KEY_X;KEY_ZR -1143;32741 0;0
1509 KEY_X;KEY_ZR -1143;32741 0;0
1510 KEY_X;KEY_ZR -1143;32741 0;0
1511 KEY_X;KEY_ZR -1143;32741 0;0
1512 KEY_X;KEY_ZR -1143;32741 0;0
1513 KEY_X;KEY_ZR -1143;32741 0;0
1514 KEY_X;KEY_ZR -1143;32741 0;0
1515 KEY_X;KEY_ZR -1143;32741 0;0
1516 KEY_X;KEY_ZR -1143;32741 0;0
1517 KEY_X;KEY_ZR -1143;32741 0;0
1518 KEY_X;KEY_ZR -1143;32741 0;0
1519 KEY_X;KEY_ZR -1143;32741 0;0
1520 KEY_X;KEY_ZR -1143;32741 0;0
1521 KEY_X;KEY_ZR -1143;32741 0;0
1522 KEY_X;KEY_ZR -1143;32741 0;0
1523 KEY_X;KEY_ZR -1143;32741 0;0
1524 KEY_X;KEY_ZR -1143;32741 0;0
1525 KEY_X;KEY_ZR -1143;32741 0;0
1526 KEY_X;KEY_ZR -1143;32741 0;0
1527 KEY_X;KEY_ZR -1143;32741 0;0
1528 KEY_X;KEY_Y;KEY_ZR -1143;32741 0;0
1529 KEY_X;KEY_ZR -1143;32741 0;0
1530 KEY_X;KEY_ZR -1143;32741 0;0
1531 KEY_X;KEY_ZR -1143;32741 0;0
1532 KEY_X;KEY_ZR -1143;32741 0;0
1533 KEY_X;KEY_ZR -1143;32741 0;0
1534 KEY_X;KEY_ZR -1143;32741 0;0
1535 KEY_X;KEY_ZR -1143;32741 0;0
1536 KEY_ZR -1143;32741 0;0
1537 KEY_ZR -1143;32741 0;0
1538 KEY_ZR -1143;32741 0;0
1539 KEY_ZR -1143;32741 0;0
1540 KEY_ZR -1143;32741 0;0
1541 KEY_ZR -1143;32741 0;0
1542 KEY_ZR -1143;32741 0;0
1543 KEY_ZR -1143;32741 0;0
1544 KEY_ZR -1143;32741 0;0
1545 KEY_ZR;KEY_L -1143;32741 0;0
1546 KEY_ZR -1143;32741 0;0
1547 KEY_ZR -1143;32741 0;0
1548 KEY_ZR -1143;32741 0;0
1549 KEY_ZR -1143;32741 0;0
1550 KEY_ZR -1143;32741 0;0
1551 KEY_ZR -1143;32741 0;0
1552 KEY_ZR -1143;32741 0;0
1553 KEY_ZR -1143;32741 0;0
1554 KEY_ZR -1143;32741 0;0
1555 KEY_ZR -1143;32741 0;0
1556 KEY_ZR -1143;32741 0;0
1557 KEY_ZR -1143;32741 0;0
1558 KEY_ZR -1143;32741 0;0
1559 KEY_ZR -1143;32741 0;0
1560 KEY_ZR -1143;32741 0;0
1561 KEY_ZR -1143;32741 0;0
1562 KEY_ZR -1143;32741 0;0
1563 KEY_ZR -1143;32741 0;0
1564 KEY_ZR -1143;32741 0;0
1565 KEY_ZR -1143;32741 0;0
1566 KEY_ZR -1143;32741 0;0
1567 KEY_ZR -1143;32741 0;0
1568 KEY_ZR -1143;32741 0;0
1569 KEY_ZR -1143;32741 0;0
1570 KEY_A;KEY_ZR;KEY_L -1143;32741 0;0
1571 NONE -32765;0 0;0
1572 NONE -1714;32706 0;0
1573 NONE -1714;32706 0;0
1574 NONE -1714;32706 0;0
1575 NONE -1714;32706 0;0
1576 KEY_B -1714;32706 0;0
1577 KEY_B -1714;32706 0;0
1578 KEY_B -1714;32706 0;0
1579 KEY_B -1714;32706 0;0
1580 KEY_B -1714;32706 0;0
1581 KEY_B -1714;32706 0;0
1582 KEY_B -1714;32706 0;0
1583 KEY_B -1714;32706 0;0
1584 KEY_B -1714;32706 0;0
1585 KEY_B -1714;32706 0;0
1586 NONE -1714;32706 0;0
1587 NONE -1714;32706 0;0
1588 NONE -1714;32706 0;0
1589 NONE -1714;32706 0;0
1590 KEY_DUP 0;0 0;0
1591 NONE -1714;32706 0;0
1592 NONE -1714;32706 0;0
1593 NONE -1714;32706 0;0
1594 NONE -1714;32706 0;0
1595 NONE -1714;32706 0;0
1596 NONE -1714;32706 0;0
1597 NONE -1714;32706 0;0
1598 NONE -1714;32706 0;0
1599 NONE -1714;32706 0;0
1600 NONE -1714;32706 0;0
1601 NONE -1714;32706 0;0
1602 NONE -1714;32706 0;0
1603 NONE -1714;32706 0;0
1604 NONE -1714;32706 0;0
1605 NONE -1714;32706 0;0
1606 NONE -1714;32706 0;0
1607 KEY_A -1714;32706 0;0
1608 KEY_A -1714;32706 0;0
1609 KEY_A -1714;32706 0;0
1610 KEY_A -1714;32706 0;0
1611 KEY_A -1714;32706 0;0
1612 KEY_A -1714;32706 0;0
1613 KEY_A -1714;32706 0;0
1614 KEY_A -1714;32706 0;0
1615 KEY_A -1714;32706 0;0
1616 KEY_A -1714;32706 0;0
1617 NONE -1714;32706 0;0
1618 KEY_L -1714;32706 0;0
1619 NONE -1714;32706 0;0
1620 NONE -1714;32706 0;0
1621 KEY_ZR -1714;32706 0;0
1622 KEY_Y -1714;32706 0;0
1627 KEY_DUP 0;0 0;0
1700 KEY_DRIGHT 0;0 0;0
1894 KEY_ZR 0;0 0;0
1895 KEY_Y;KEY_ZR 32767;0 0;0
1896 KEY_ZR 32767;0 0;0
1897 KEY_ZR 32767;0 0;0
1898 KEY_ZR 32767;0 0;0
1899 KEY_ZR 32767;0 0;0
1900 KEY_ZR 32767;0 0;0
1901 KEY_ZR 32767;0 0;0
1902 KEY_ZR 32767;0 0;0
1903 KEY_ZR 32767;0 0;0
1904 KEY_ZR 32767;0 0;0
1905 KEY_ZR 32767;0 0;0
1906 KEY_ZR 32767;0 0;0
1907 KEY_ZR 32767;0 0;0
1908 KEY_ZR 32767;0 0;0
1909 KEY_ZR 32767;0 0;0
1910 KEY_ZR 32767;0 0;0
1911 KEY_ZR 32767;0 0;0
1912 KEY_ZR 32767;0 0;0
1913 KEY_ZR 32767;0 0;0
1914 KEY_ZR 32767;0 0;0
1915 KEY_ZR 32767;0 0;0
1916 KEY_ZR 32767;0 0;0
1917 KEY_ZR 32767;0 0;0
1918 KEY_ZR 32767;0 0;0
1919 KEY_ZR 32767;0 0;0
1920 KEY_ZR 32767;0 0;0
1921 KEY_ZR 32767;0 0;0
1922 KEY_ZR 32767;0 0;0
1923 KEY_ZR 32767;0 0;0
1924 KEY_ZR 32767;0 0;0
1925 KEY_ZR 32767;0 0;0
1926 KEY_ZR 32767;0 0;0
1927 KEY_ZR 32767;0 0;0
1928 KEY_ZR 32767;0 0;0
1929 KEY_ZR 32767;0 0;0
1930 KEY_ZR 32767;0 0;0
1931 KEY_ZR;KEY_R;KEY_L 32767;0 0;0
1932 KEY_ZR 5689;32265 0;0
1933 KEY_ZR 5689;32265 0;0
1934 KEY_ZR 5689;32265 0;0
1935 KEY_ZR 5689;32265 0;0
1936 KEY_ZR 5689;32265 0;0
1937 KEY_ZR 5689;32265 0;0
1938 KEY_ZR 5689;32265 0;0
1939 KEY_ZR 5689;32265 0;0
1940 KEY_ZR 5689;32265 0;0
1941 KEY_ZR 5689;32265 0;0
1942 KEY_ZR 5689;32265 0;0
1943 KEY_ZR 5689;32265 0;0
1944 KEY_ZR 5689;32265 0;0
1945 KEY_ZR 5689;32265 0;0
1946 KEY_ZR 5689;32265 0;0
1947 KEY_ZR 5689;32265 0;0
1948 KEY_ZR 5689;32265 0;0
1949 KEY_ZR 5689;32265 0;0
1950 KEY_ZR 5689;32265 0;0
1951 KEY_ZR 5689;32265 0;0
1952 KEY_ZR 5689;32265 0;0
1953 KEY_ZR 5689;32265 0;0
1954 KEY_ZR 5689;32265 0;0
1955 KEY_ZR 5689;32265 0;0
1956 KEY_ZR;KEY_R;KEY_L 5689;32265 0;0
1957 KEY_ZR 5689;32265 0;0
1958 KEY_ZR 5689;32265 0;0
1959 KEY_ZR 5689;32265 0;0
1960 KEY_ZR 5689;32265 0;0
1961 KEY_ZR 5689;32265 0;0
1962 KEY_ZR 5689;32265 0;0
1963 KEY_ZR 5689;32265 0;0
1964 KEY_ZR 5689;32265 0;0
1965 KEY_ZR 5689;32265 0;0
1966 KEY_ZR 5689;32265 0;0
1967 KEY_ZR 5689;32265 0;0
1968 KEY_ZR 5689;32265 0;0
1969 KEY_ZR 5689;32265 0;0
1970 KEY_ZR 5689;32265 0;0
1971 KEY_ZR;KEY_L 5689;32265 0;0
1972 KEY_ZR 5689;32265 0;0
1973 KEY_ZR 5689;32265 0;0
1974 KEY_ZR 5689;32265 0;0
1975 KEY_ZR 5689;32265 0;0
1976 KEY_ZR 5689;32265 0;0
1977 KEY_ZR 5689;32265 0;0
1978 KEY_ZR 5689;32265 0;0
1979 KEY_ZR 5689;32265 0;0
1980 KEY_ZR 5689;32265 0;0
1981 KEY_ZR 5689;32265 0;0
1982 KEY_ZR 5689;32265 0;0
1983 KEY_ZR 5689;32265 0;0
1984 KEY_ZR 5689;32265 0;0
1985 KEY_ZR 5689;32265 0;0
1986 KEY_ZR;KEY_L 5689;32265 0;0
1987 KEY_ZR 5689;32265 0;0
1988 KEY_ZR 5689;32265 0;0
1989 KEY_ZR 5689;32265 0;0
1990 KEY_ZR 5689;32265 0;0
1991 KEY_ZR 5689;32265 0;0
1992 KEY_ZR 5689;32265 0;0
1993 KEY_ZR 5689;32265 0;0
1994 KEY_ZR 5689;32265 0;0
1995 KEY_ZR 5689;32265 0;0
1996 KEY_ZR 5689;32265 0;0
1997 KEY_ZR 5689;32265 0;0
1998 KEY_ZR 5689;32265 0;0
1999 KEY_ZR 5689;32265 0;0
2000 KEY_ZR 5689;32265 0;0
2001 KEY_ZR 5689;32265 0;0
2002 KEY_ZR;KEY_L 32767;0 0;0
2003 KEY_ZR 32767;0 0;0
2004 KEY_ZR 32767;0 0;0
2005 KEY_ZR 32767;0 0;0
2006 KEY_ZR 32767;0 0;0
2007 KEY_ZR 32767;0 0;0
2008 KEY_ZR 32767;0 0;0
2009 KEY_ZR 32767;0 0;0
2010 KEY_ZR 32767;0 0;0
2011 KEY_ZR 32767;0 0;0
2012 KEY_ZR 32767;0 0;0
2013 KEY_ZR 32767;0 0;0
2014 KEY_ZR 32767;0 0;0
2015 KEY_ZR 32767;0 0;0
2016 KEY_ZR 32767;0 0;0
2017 KEY_ZR 32767;0 0;0
2018 KEY_ZR 32767;0 0;0
2019 KEY_ZR 32767;0 0;0
2020 KEY_ZR 32767;0 0;0
2021 KEY_ZR 32767;0 0;0
2022 KEY_ZR 32767;0 0;0
2023 KEY_ZR 32767;0 0;0
2024 KEY_ZR 32767;0 0;0
2025 KEY_ZR 32767;0 0;0
2026 KEY_A;KEY_DDOWN 32767;0 0;0
2027 NONE -23962;22345 0;0
2028 NONE 30350;12349 0;0
2029 NONE 30350;12349 0;0
2030 KEY_A 30350;12349 0;0
2031 KEY_A 30350;12349 0;0
2032 KEY_A 30350;12349 0;0
2033 KEY_A 30350;12349 0;0
2034 KEY_A 30350;12349 0;0
2035 KEY_A 30699;-11454 0;0
2036 KEY_A 30699;-11454 0;0
2037 KEY_A 30699;-11454 0;0
2038 KEY_A 30699;-11454 0;0
2039 KEY_A 30699;-11454 0;0
2040 KEY_A 30699;-11454 0;0
2041 KEY_A 30699;-11454 0;0
2042 KEY_A 30699;-11454 0;0
2043 KEY_A 30699;-11454 0;0
2044 KEY_A 30699;-11454 0;0
2045 NONE 30699;-11454 0;0
2046 NONE 28424;-16301 0;0
2047 NONE 28424;-16301 0;0
2048 NONE 28424;-16301 0;0
2049 NONE 28424;-16301 0;0
2050 NONE 28424;-16301 0;0
2051 NONE 28424;-16301 0;0
2052 NONE 28424;-16301 0;0
2053 NONE 28424;-16301 0;0
2054 NONE 28424;-16301 0;0
2055 NONE 26391;-19418 0;0
2056 NONE 26625;-19097 0;0
2057 NONE 26854;-18773 0;0
2058 NONE 27080;-18446 0;0
2059 NONE 27302;-18116 0;0
2060 NONE 27519;-17784 0;0
2061 NONE 27733;-17449 0;0
2062 NONE 27942;-17111 0;0
2063 NONE 28148;-16771 0;0
2064 NONE 28349;-16429 0;0
2065 NONE 28546;-16084 0;0
2066 NONE 28739;-15737 0;0
2067 NONE 28928;-15387 0;0
2068 KEY_DDOWN 29112;-15035 0;0
2069 NONE 29292;-14681 0;0
2070 NONE 29468;-14325 0;0
2071 NONE 29640;-13967 0;0
2072 NONE 29807;-13606 0;0
2073 NONE 29970;-13244 0;0
2074 NONE 30128;-12880 0;0
2075 NONE 30282;-12513 0;0
2076 NONE 30431;-12145 0;0
2077 NONE 30552;-11841 0;0
2078 KEY_B 30552;-11841 0;0
2079 KEY_B 2334;32683 0;0
2080 KEY_B 2334;32683 0;0
2081 KEY_B 2334;32683 0;0
2082 KEY_B 2334;32683 0;0
2083 KEY_B 2334;32683 0;0
2084 KEY_B 2334;32683 0;0
2085 KEY_B 2334;32683 0;0
2086 KEY_B 2334;32683 0;0
2087 KEY_B 2334;32683 0;0
2088 KEY_B 2334;32683 0;0
2089 KEY_B 2334;32683 0;0
2090 KEY_B 2334;32683 0;0
2091 KEY_B 2334;32683 0;0
2092 NONE 2334;32683 0;0
2093 NONE 2334;32683 0;0
2094 NONE 2334;32683 0;0
2095 NONE 2334;32683 0;0
2096 NONE 2334;32683 0;0
2097 NONE 2334;32683 0;0
2098 NONE 2334;32683 0;0
2099 NONE 2334;32683 0;0
2100 NONE 2334;32683 0;0
2101 NONE 2334;32683 0;0
2102 NONE 2334;32683 0;0
2103 NONE 2334;32683 0;0
2104 NONE 2334;32683 0;0
2105 NONE 2334;32683 0;0
2106 NONE 2334;32683 0;0
2107 NONE 2334;32683 0;0
2108 NONE 2334;32683 0;0
2109 NONE 2334;32683 0;0
2110 NONE 2334;32683 0;0
2111 NONE 2334;32683 0;0
2112 NONE 2334;32683 0;0
2113 NONE 2334;32683 0;0
2114 NONE 2334;32683 0;0
2115 NONE 2334;32683 0;0
2116 NONE 2334;32683 0;0
2117 NONE 2334;32683 0;0
2118 NONE 2334;32683 0;0
2119 NONE 2334;32683 0;0
2120 NONE 2334;32683 0;0
2121 NONE 2334;32683 0;0
2122 NONE 2334;32683 0;0
2123 NONE 2925;32636 0;0
2124 NONE 2925;32636 0;0
2125 NONE 2925;32636 0;0
2126 NONE 2925;32636 0;0
2127 NONE 2925;32636 0;0
2128 NONE 2925;32636 0;0
2129 KEY_L 2925;32636 0;0
2130 NONE 27754;17418 0;0
2131 NONE -28224;-16643 0;0
2132 NONE -18587;-26984 0;0
2133 NONE -5491;-32302 0;0
2134 NONE 8626;-31610 0;0
2135 NONE 21139;-25035 0;0
2136 NONE 29718;-13802 0;0
2137 KEY_ZL -29679;-13886 0;0
2138 KEY_Y -30751;-11315 0;0
2139 NONE -30751;-11315 0;0
2140 NONE -30751;-11315 0;0
2141 NONE -30751;-11315 0;0
2142 NONE -30751;-11315 0;0
2143 NONE -30751;-11315 0;0
2144 NONE -30751;-11315 0;0
2145 NONE -30751;-11315 0;0
2146 NONE -30751;-11315 0;0
2147 NONE -30751;-11315 0;0
2148 NONE 30606;11702 0;0
2149 NONE -25219;20920 0;0
2150 NONE -5223;-32347 0;0
2151 NONE 30606;11702 0;0
2152 NONE -25219;20920 0;0
2153 NONE -5223;-32347 0;0
2154 NONE 30606;11702 0;0
2155 NONE -25219;20920 0;0
2156 NONE -5223;-32347 0;0
2157 NONE 30606;11702 0;0
2158 NONE -25219;20920 0;0
2159 NONE -5223;-32347 0;0
2160 KEY_B 30606;11702 0;0
2161 KEY_ZL;KEY_DDOWN -25219;20920 0;0
2162 KEY_ZL -17244;-27861 0;0
2163 KEY_ZL -17244;-27861 0;0
2164 KEY_ZL -17244;-27861 0;0
2165 KEY_ZL -17244;-27861 0;0
2166 KEY_ZL -17244;-27861 0;0
2167 KEY_ZL -17244;-27861 0;0
2168 KEY_Y;KEY_ZL -17244;-27861 0;0
2169 KEY_ZL 0;0 0;0
2170 KEY_ZL 0;0 0;0
2171 KEY_ZL 0;0 0;0
2172 KEY_ZL 0;0 0;0
2173 KEY_ZL 0;0 0;0
2174 KEY_ZL 0;0 0;0
2175 KEY_ZL 0;0 0;0
2176 KEY_ZL 0;0 0;0
2177 KEY_ZL 0;0 0;0
2178 KEY_ZL 0;0 0;0
2179 KEY_ZL 0;0 0;0
2180 KEY_ZL 0;0 0;0
2181 KEY_ZL 0;0 0;0
2182 KEY_ZL 0;0 0;0
2183 KEY_ZL 0;0 0;0
2184 KEY_ZL 0;0 0;0
2185 KEY_ZL 0;0 0;0
2186 KEY_ZL 0;0 0;0
2187 KEY_ZL 0;0 0;0
2188 KEY_ZL 0;0 0;0
2189 KEY_ZL 0;0 0;0
2190 KEY_ZL;KEY_R 0;0 0;0
2191 KEY_ZL 0;0 0;0
2192 KEY_ZL 0;0 0;0
2193 KEY_ZL 0;0 0;0
2194 KEY_ZL 0;0 0;0
2195 KEY_ZL 0;0 0;0
2196 KEY_ZL 0;0 0;0
2197 KEY_ZL 0;0 0;0
2198 KEY_ZL 0;0 0;0
2199 KEY_ZL 0;0 0;0
2200 KEY_ZL;KEY_L 0;0 0;0
2201 KEY_ZL 0;0 0;0
2202 KEY_ZL 0;0 0;0
2203 KEY_ZL 0;0 0;0
2204 KEY_ZL 0;0 0;0
2205 KEY_ZL 0;0 0;0
2206 KEY_ZL 0;0 0;0
2207 KEY_ZL 0;0 0;0
2208 KEY_ZL 0;0 0;0
2209 KEY_ZL 0;0 0;0
2210 KEY_ZL 0;0 0;0
2211 KEY_ZL 0;0 0;0
2212 KEY_ZL 0;0 0;0
2213 KEY_ZL 0;0 0;0
2214 KEY_ZL 0;0 0;0
2215 KEY_ZL 0;0 0;0
2216 KEY_ZL;KEY_L 0;0 0;0
2217 KEY_ZL 0;0 0;0
2218 KEY_ZL 0;0 0;0
2219 KEY_ZL 0;0 0;0
2220 KEY_ZL 0;0 0;0
2221 KEY_ZL 0;0 0;0
2222 KEY_ZL 0;0 0;0
2223 KEY_ZL 0;0 0;0
2224 KEY_ZL;KEY_R 0;0 0;0
2225 KEY_ZL 0;0 0;0
2226 KEY_ZL 0;0 0;0
2227 KEY_ZL 0;0 0;0
2228 KEY_ZL 0;0 0;0
2229 KEY_ZL 0;0 0;0
2230 KEY_ZL 0;0 0;0
2231 KEY_ZL 0;0 0;0
2232 KEY_ZL;KEY_L 0;0 0;0
2233 KEY_ZL 0;0 0;0
2234 KEY_ZL 0;0 0;0
2235 KEY_ZL 0;0 0;0
2236 KEY_ZL 0;0 0;0
2237 KEY_ZL 0;0 0;0
2238 KEY_ZL 0;0 0;0
2239 KEY_ZL 0;0 0;0
2240 KEY_ZL 0;0 0;0
2241 KEY_ZL 0;0 0;0
2242 KEY_ZL 0;0 0;0
2243 KEY_ZL 0;0 0;0
2244 KEY_ZL 0;0 0;0
2245 KEY_ZL 0;0 0;0
2246 KEY_ZL 0;0 0;0
2247 KEY_ZL 0;0 0;0
2248 KEY_ZL;KEY_L 0;0 0;0
2249 KEY_ZL 0;0 0;0
2250 KEY_ZL 0;0 0;0
2251 KEY_ZL 0;0 0;0
2252 KEY_ZL 0;0 0;0
2253 KEY_ZL 0;32767 0;0
2254 KEY_ZL 0;32767 0;0
2255 KEY_ZL 0;32767 0;0
2256 KEY_ZL 0;32767 0;0
2257 KEY_ZL 0;32767 0;0
2258 KEY_ZL 0;32767 0;0
2259 KEY_ZL 0;32767 0;0
2260 KEY_ZL 0;32767 0;0
2261 KEY_ZL 0;32767 0;0
2262 KEY_ZL 0;32767 0;0
2263 KEY_ZL 0;32767 0;0
2264 KEY_ZL 0;32767 0;0
2265 KEY_ZL 0;32767 0;0
2266 KEY_ZL 0;32767 0;0
2267 KEY_ZL 0;32767 0;0
2268 KEY_ZL 0;32767 0;0
2269 KEY_ZL 0;32767 0;0
2270 KEY_ZL 0;32767 0;0
2271 KEY_ZL 0;32767 0;0
2272 KEY_B;KEY_ZL;KEY_DUP 0;32767 0;0
2273 NONE 32767;0 0;0
2274 NONE -8831;31552 0;0
2275 NONE -8831;31552 0;0
2276 KEY_B -8831;31552 0;0
2277 NONE -8831;31552 0;0
2278 NONE -8831;31552 0;0
2279 NONE -8831;31552 0;0
2280 NONE 31288;9709 0;0
2281 NONE 31288;9709 0;0
2282 NONE 31288;9709 0;0
2283 NONE 31288;9709 0;0
2284 NONE 31288;9709 0;0
2285 NONE 31288;9709 0;0
2286 NONE 31288;9709 0;0
2287 NONE 31288;9709 0;0
2288 NONE 31288;9709 0;0
2289 NONE 31288;9709 0;0
2290 NONE 31288;9709 0;0
2291 NONE 31288;9709 0;0
2292 NONE 31288;9709 0;0
2293 NONE 31288;9709 0;0
2294 NONE 31288;9709 0;0
2295 NONE 31288;9709 0;0
2296 NONE 31288;9709 0;0
2297 NONE 31288;9709 0;0
2298 NONE 31288;9709 0;0
2299 NONE 31288;9709 0;0
2300 NONE 31288;9709 0;0
2301 NONE 31288;9709 0;0
2302 KEY_B 31288;9709 0;0
2303 KEY_B 31288;9709 0;0
2304 KEY_B 31288;9709 0;0
2305 KEY_B 31288;9709 0;0
2306 KEY_B 31288;9709 0;0
2307 KEY_B -32415;4776 0;0
2308 NONE -32415;4776 0;0
2309 NONE -32415;4776 0;0
2310 NONE -32415;4776 0;0
2311 NONE -32415;4776 0;0
2312 NONE -32415;4776 0;0
2313 NONE -32415;4776 0;0
2314 NONE -32415;4776 0;0
2315 NONE -32415;4776 0;0
2316 NONE -32415;4776 0;0
2317 NONE -32415;4776 0;0
2318 NONE -32415;4776 0;0
2319 NONE -32415;4776 0;0
2320 NONE -32415;4776 0;0
2321 NONE -32415;4776 0;0
2322 NONE -32415;4776 0;0
2323 NONE -32415;4776 0;0
2324 NONE 32437;4633 0;0
2325 KEY_B 32437;4633 0;0
2326 KEY_B 32437;4633 0;0
2327 KEY_B 3476;32566 0;0
2328 KEY_B 3476;32566 0;0
2329 KEY_B 3476;32566 0;0
2330 KEY_B 3476;32566 0;0
2331 KEY_B 3476;32566 0;0
2332 KEY_B 3476;32566 0;0
2333 KEY_B 3476;32566 0;0
2334 KEY_B 3476;32566 0;0
2335 KEY_B 3476;32566 0;0
2336 KEY_B 3476;32566 0;0
2337 KEY_B 3476;32566 0;0
2338 KEY_B 3476;32566 0;0
2339 NONE 3476;32566 0;0
2340 NONE 3476;32566 0;0
2341 NONE 3476;32566 0;0
2342 NONE 3476;32566 0;0
2343 NONE 3476;32566 0;0
2344 NONE 3476;32566 0;0
2345 NONE 3476;32566 0;0
2346 NONE 3476;32566 0;0
2347 NONE 3476;32566 0;0
2348 NONE 3476;32566 0;0
2349 NONE 3476;32566 0;0
2350 NONE 3476;32566 0;0
2351 NONE 3476;32566 0;0
2352 NONE 3476;32566 0;0
2353 NONE 3476;32566 0;0
2354 NONE 3476;32566 0;0
2355 NONE 3476;32566 0;0
2356 NONE 3476;32566 0;0
2357 KEY_L 3476;32566 0;0
2358 NONE 32767;0 0;0
2359 NONE 32767;0 0;0
2360 NONE 32767;0 0;0
2361 NONE 32767;0 0;0
2362 NONE 32767;0 0;0
2363 NONE -31751;8095 0;0
2364 NONE -32217;-5972 0;0
2365 KEY_ZL -26738;-18939 0;0
2366 KEY_Y 16628;28229 0;0
2367 KEY_Y 16628;28229 0;0
2368 KEY_Y 16628;28229 0;0
2369 KEY_Y 16628;28229 0;0
2370 KEY_Y 16628;28229 0;0
2371 KEY_Y 16628;28229 0;0
2372 KEY_Y 16628;28229 0;0
2373 KEY_Y 16628;28229 0;0
2374 KEY_Y 16628;28229 0;0
2375 KEY_Y 16628;28229 0;0
2376 KEY_Y 16628;28229 0;0
2377 KEY_Y 16628;28229 0;0
2378 KEY_Y 16628;28229 0;0
2379 KEY_Y 16628;28229 0;0
2380 KEY_Y 16628;28229 0;0
2381 KEY_Y 16628;28229 0;0
2382 KEY_Y 16628;28229 0;0
2383 KEY_Y 16628;28229 0;0
2384 KEY_Y 16628;28229 0;0
2385 KEY_Y 16628;28229 0;0
2386 KEY_Y 16628;28229 0;0
2387 KEY_Y 16628;28229 0;0
2388 KEY_Y 16628;28229 0;0
2389 KEY_Y 16628;28229 0;0
2390 KEY_Y 16628;28229 0;0
2391 KEY_Y 16628;28229 0;0
2392 KEY_Y 16628;28229 0;0
2393 KEY_Y 16628;28229 0;0
2394 KEY_B;KEY_Y 16628;28229 0;0
2395 KEY_Y 16628;28229 0;0
2396 NONE 0;32767 0;0
2397 NONE 0;32767 0;0
2398 NONE 0;32767 0;0
2399 NONE 0;32767 0;0
2400 NONE 0;32767 0;0
2401 NONE 0;32767 0;0
2402 NONE 0;32767 0;0
2403 NONE 0;32767 0;0
2404 NONE 0;32767 0;0
2405 NONE 0;32767 0;0
2406 NONE 0;32767 0;0
2407 NONE 0;32767 0;0
2408 NONE 0;32767 0;0
2409 NONE 0;32767 0;0
2410 NONE 0;32767 0;0
2411 NONE 0;32767 0;0
2412 NONE 0;32767 0;0
2413 NONE 0;32767 0;0
2414 NONE 0;32767 0;0
2415 NONE 0;32767 0;0
2416 NONE 0;32767 0;0
2417 KEY_DDOWN 0;32767 0;0
2418 KEY_X -21040;-25119 0;0
2419 KEY_X -21040;-25119 0;0
2420 KEY_X -21040;-25119 0;0
2421 KEY_X -21040;-25119 0;0
2422 KEY_X -21040;-25119 0;0
2423 KEY_X 16277;28437 0;0
2424 KEY_X 26759;18909 0;0
2425 KEY_X 32240;5847 0;0
2426 KEY_X 31695;-8306 0;0
2427 KEY_X 25227;-20908 0;0
2428 KEY_X 14045;-29603 0;0
2429 KEY_X;KEY_ZL 237;-32765 0;0
2430 KEY_X;KEY_Y;KEY_R -19460;26360 0;0
2431 KEY_X -20802;25315 0;0
2432 KEY_X -22088;24201 0;0
2433 KEY_X -23315;23021 0;0
2434 KEY_X -24478;21780 0;0
2435 KEY_X -25576;20480 0;0
2436 KEY_X -26605;19124 0;0
2437 KEY_X -27562;17718 0;0
2438 KEY_X -28445;16263 0;0
2439 KEY_X -29251;14764 0;0
2440 KEY_X -29978;13226 0;0
2441 KEY_X -30624;11652 0;0
2442 KEY_X -31188;10046 0;0
2443 KEY_X -31667;8413 0;0
2444 KEY_X -32062;6758 0;0
2445 KEY_B;KEY_X -32369;5084 0;0
2446 KEY_B;KEY_X 16388;28374 0;0
2447 KEY_B;KEY_X 16388;28374 0;0
2448 KEY_B;KEY_X 16388;28374 0;0
2449 KEY_B;KEY_X 16388;28374 0;0
2450 KEY_B;KEY_X 16388;28374 0;0
2451 KEY_B;KEY_X 16388;28374 0;0
2452 KEY_B;KEY_X 16388;28374 0;0
2453 KEY_B;KEY_X 16388;28374 0;0
2454 KEY_B;KEY_X 16388;28374 0;0
2455 KEY_B;KEY_X 16388;28374 0;0
2456 KEY_B;KEY_X 16388;28374 0;0
2457 KEY_B;KEY_X 16388;28374 0;0
2458 KEY_B;KEY_X 16388;28374 0;0
2459 KEY_B;KEY_X 16388;28374 0;0
2460 KEY_B;KEY_X 16388;28374 0;0
2461 KEY_B;KEY_X 16388;28374 0;0
2462 KEY_X;KEY_ZL 16388;28374 0;0
2463 KEY_X;KEY_Y 0;0 0;-32767
2464 KEY_X 0;0 0;-32767
2465 KEY_X 0;0 0;-32767
2466 KEY_X 0;0 0;-32767
2467 KEY_X 0;0 0;-32767
2468 KEY_X 0;0 0;-32767
2469 KEY_X 0;0 0;-32767
2470 KEY_X 0;0 0;-32767
2471 KEY_X 0;0 0;-32767
2472 KEY_X 0;0 0;-32767
2473 KEY_X 32223;5941 0;-32767
2474 KEY_X 32223;5941 0;-32767
2475 KEY_X 32223;5941 0;-32767
2476 KEY_X 32223;5941 0;-32767
2477 KEY_X 32223;5941 0;-32767
2478 KEY_X 32223;5941 0;-32767
2479 KEY_X 32223;5941 0;-32767
2480 KEY_X 32223;5941 0;-32767
2481 KEY_X 32223;5941 0;-32767
2482 KEY_X 32223;5941 0;0
2483 KEY_X 32223;5941 0;0
2484 KEY_X 32223;5941 0;0
2485 KEY_X 32223;5941 0;0
2486 KEY_X 32268;5689 0;0
2487 KEY_X 21060;25100 0;0
2488 KEY_X -32767;0 0;0
2489 KEY_X 16382;-28374 0;0
2490 KEY_X 16383;28376 0;0
2491 KEY_X -32767;0 0;0
2492 KEY_X 16383;-28377 0;0
2493 KEY_X 16383;28377 0;0
2494 KEY_X -32767;0 0;0
2495 KEY_X 16382;-28374 0;0
2496 KEY_X 16383;28376 0;0
2497 KEY_X -32767;0 0;0
2498 KEY_X 16383;-28377 0;0
2499 KEY_X 16383;28377 0;0
2500 KEY_X -32767;0 0;0
2501 KEY_A;KEY_X 16222;-28469 0;0
2502 KEY_X;KEY_ZL -21255;24936 0;0
2503 KEY_X;KEY_ZL -21255;24936 0;0
2504 KEY_X;KEY_ZL -21255;24936 0;0
2505 KEY_X;KEY_ZL -21255;24936 0;0
2506 KEY_X;KEY_ZL -21255;24936 0;0
2507 KEY_X;KEY_ZL -21255;24936 0;0
2508 KEY_X;KEY_ZL -21255;24936 0;0
2509 KEY_X;KEY_ZL -21255;24936 0;0
2510 KEY_X;KEY_ZL -21255;24936 0;0
2511 KEY_X;KEY_ZL -21255;24936 0;0
2512 KEY_X;KEY_ZL -21255;24936 0;0
2513 KEY_X;KEY_ZL -21255;24936 0;0
2514 KEY_X;KEY_ZL -21255;24936 0;0
2515 KEY_X;KEY_Y;KEY_ZL;KEY_R -21255;24936 0;0
2516 KEY_X;KEY_ZL 0;0 0;0
2517 KEY_X;KEY_ZL -16383;0 0;0
2518 KEY_X;KEY_ZL -32767;0 0;0
2519 KEY_X;KEY_ZL -32767;0 0;0
2520 KEY_X;KEY_ZL -32767;0 0;0
2521 KEY_X;KEY_ZL -32767;0 0;0
2522 KEY_X;KEY_ZL -32767;0 0;0
2523 KEY_X;KEY_ZL -32767;0 0;0
2524 KEY_X;KEY_ZL -32767;0 0;0
2525 KEY_X;KEY_ZL -32767;0 0;0
2526 KEY_X;KEY_ZL -32767;0 0;0
2527 KEY_ZL -32767;0 0;0
2528 KEY_ZL -32767;0 0;0
2529 KEY_ZL -32767;0 0;0
2530 KEY_ZL -32767;0 0;0
2531 KEY_ZL -32767;0 0;0
2532 KEY_ZL -32767;0 0;0
2533 KEY_ZL -32767;0 0;0
2534 KEY_ZL -32767;0 0;0
2535 KEY_ZL -32767;0 0;0
2536 KEY_ZL -32767;0 0;0
2537 KEY_ZL -32767;0 0;0
2538 KEY_ZL -32767;0 0;0
2539 KEY_ZL -32767;0 0;0
2540 KEY_ZL -32767;0 0;0
2541 KEY_ZL -32767;0 0;0
2542 KEY_ZL -32767;0 -32767;0
2543 KEY_ZL -32767;0 -32767;0
2544 KEY_ZL -32767;0 -32767;0
2545 KEY_ZL -32767;0 -32767;0
2546 KEY_ZL -32767;0 -32767;0
2547 KEY_ZL -32767;0 -32767;0
2548 KEY_ZL -32767;0 -32767;0
2549 KEY_ZL -32767;0 -32767;0
2550 KEY_ZL -32767;0 -32767;0
2551 KEY_ZL -32767;0 -32767;0
2552 KEY_ZL -32767;0 -32767;0
2553 KEY_ZL;KEY_L -32767;0 -32767;0
2554 KEY_ZL -32767;0 0;0
2555 KEY_ZL -32767;0 0;0
2556 KEY_ZL -32767;0 0;0
2557 KEY_ZL -32767;0 0;0
2558 KEY_ZL -32767;0 0;0
2559 KEY_ZL -32767;0 0;0
2560 KEY_ZL -32767;0 0;0
2561 KEY_ZL -32767;0 0;0
2562 KEY_ZL -32767;0 0;0
2563 KEY_ZL -32767;0 0;0
2564 KEY_ZL -32767;0 0;0
2565 KEY_ZL -32767;0 0;0
2566 KEY_ZL -32767;0 0;0
2567 KEY_ZL -32767;0 0;0
2568 KEY_ZL -32767;0 0;0
2569 KEY_ZL;KEY_L -32767;0 0;0
2570 KEY_ZL -32767;0 0;0
2571 KEY_ZL -32767;0 0;0
2572 KEY_ZL -32767;0 0;0
2573 KEY_ZL -32767;0 0;0
2574 KEY_ZL -32767;0 0;0
2575 KEY_ZL -32767;0 0;0
2576 KEY_ZL -32767;0 0;0
2577 KEY_ZL -32767;0 0;0
2578 KEY_ZL -32767;0 0;0
2579 KEY_ZL -32767;0 0;0
2580 KEY_ZL -32767;0 0;0
2581 KEY_ZL -32767;0 0;0
2582 KEY_ZL -32767;0 0;0
2583 KEY_ZL -32767;0 0;0
2584 KEY_ZL -32767;0 0;0
2585 KEY_ZL;KEY_L -32767;0 0;0
2586 KEY_ZL -32767;0 0;0
2587 KEY_ZL -32767;0 0;0
2588 KEY_ZL -32767;0 0;0
2589 KEY_ZL -32767;0 0;0
2590 KEY_ZL -32767;0 0;0
2591 KEY_ZL -32767;0 0;0
2592 KEY_ZL -32767;0 0;0
2593 KEY_ZL -32767;0 0;0
2594 KEY_ZL -32767;0 0;0
2595 KEY_ZL -32767;0 0;0
2596 KEY_ZL -32767;0 0;0
2597 KEY_ZL -32767;0 0;0
2598 KEY_ZL -32767;0 0;0
2599 KEY_ZL -32767;0 0;0
2600 KEY_ZL -32767;0 0;0
2601 KEY_ZL -32767;0 0;0
2602 KEY_ZL;KEY_L -32767;0 0;0
2603 KEY_ZL -32767;0 0;0
2604 KEY_ZL -32767;0 0;0
2605 KEY_ZL -32767;0 0;0
2606 KEY_ZL -32767;0 0;0
2607 KEY_ZL -32767;0 0;0
2608 KEY_ZL -32767;0 0;0
2609 KEY_ZL -32767;0 0;0
2610 KEY_ZL -32767;0 0;0
2611 KEY_ZL -32767;0 0;0
2612 KEY_ZL -32767;0 0;0
2613 KEY_ZL -32767;0 0;0
2614 KEY_ZL -32767;0 0;0
2615 KEY_ZL -32767;0 0;0
2616 KEY_ZL -32767;0 0;0
2617 KEY_ZL -32767;0 0;0
2618 KEY_ZL -32767;0 0;0
2619 KEY_ZL;KEY_R;KEY_L -32767;0 0;0
2620 KEY_ZL -32767;0 0;0
2621 KEY_ZL -32767;0 0;0
2622 KEY_ZL -32767;0 0;0
2623 KEY_ZL;KEY_R -32767;0 0;0
2624 KEY_ZL -32767;0 0;0
2625 KEY_ZL -32767;0 0;0
2626 KEY_ZL -32767;0 0;0
2627 KEY_ZL;KEY_R -32767;0 0;0
2628 KEY_ZL -32767;0 0;0
2629 KEY_ZL -32767;0 0;0
2630 KEY_ZL -32767;0 0;0
2631 KEY_ZL;KEY_R -32767;0 0;0
2632 KEY_ZL -32767;0 0;0
2633 KEY_ZL -32767;0 0;0
2634 KEY_ZL -32767;0 0;0
2635 KEY_ZL;KEY_R -32767;0 0;0
2636 KEY_ZL -32767;0 0;0
2637 KEY_ZL -32767;0 0;0
2638 KEY_ZL -32767;0 0;0
2639 KEY_ZL;KEY_R -32767;0 0;0
2640 KEY_ZL -32767;0 0;0
2641 KEY_ZL -32767;0 0;0
2642 KEY_ZL -32767;0 0;0
2643 KEY_ZL;KEY_R -32767;0 0;0
2644 KEY_ZL -32767;0 0;0
2645 KEY_ZL -32767;0 0;0
2646 KEY_ZL -32767;0 0;0
2647 KEY_ZL;KEY_R -32767;0 0;0
2648 KEY_ZL -32767;0 0;0
2649 KEY_ZL -32767;0 0;0
2650 KEY_ZL -32767;0 0;0
2651 KEY_ZL;KEY_R -32767;0 0;0
2652 KEY_ZL -32767;0 0;0
2653 KEY_ZL -32767;0 0;0
2654 KEY_ZL -32767;0 0;0
2655 KEY_ZL -32767;0 0;0
2656 KEY_ZL -32767;0 0;0
2657 KEY_ZL -32767;0 0;0
2658 KEY_ZL -32767;0 0;0
2659 KEY_ZL;KEY_R;KEY_L -32767;0 0;0
2660 KEY_ZL -32767;0 0;0
2661 KEY_ZL -32767;0 0;0
2662 KEY_ZL -32767;0 0;0
2663 KEY_ZL;KEY_R -32767;0 0;0
2664 KEY_ZL -32767;0 0;0
2665 KEY_ZL -32767;0 0;0
2666 KEY_ZL -32767;0 0;0
2667 KEY_ZL;KEY_R -32767;0 0;0
2668 KEY_ZL -32767;0 0;0
2669 KEY_ZL -32767;0 0;0
2670 KEY_ZL -32767;0 0;0
2671 KEY_ZL;KEY_R -32767;0 0;0
2672 KEY_ZL -32767;0 0;0
2673 KEY_ZL -32767;0 0;0
2674 KEY_ZL -32767;0 0;0
2675 KEY_ZL;KEY_R;KEY_L -26213;0 0;0
2676 KEY_ZL 32767;0 0;0
2677 KEY_ZL 32767;0 0;0
2678 KEY_ZL 32767;0 0;0
2679 KEY_ZL;KEY_R 32767;0 0;0
2680 KEY_ZL 32767;0 0;0
2681 KEY_ZL 32767;0 0;0
2682 KEY_ZL 32767;0 0;0
2683 KEY_ZL;KEY_R 32767;0 0;0
2684 KEY_ZL 32767;0 0;0
2685 KEY_ZL 32767;0 0;0
2686 KEY_ZL 32767;0 0;0
2687 KEY_ZL;KEY_R 32767;0 0;0
2688 KEY_ZL 32767;0 0;0
2689 KEY_ZL 32767;0 0;0
2690 KEY_ZL 32767;0 0;0
2691 KEY_ZL;KEY_R;KEY_L 32767;0 0;0
2692 KEY_ZL 32767;0 0;0
2693 KEY_ZL 32767;0 0;0
2694 KEY_ZL 32767;0 0;0
2695 KEY_ZL 32767;0 0;0
2696 KEY_ZL 32767;0 0;0
2697 KEY_ZL 32767;0 0;0
2698 KEY_ZL 32767;0 0;0
2699 KEY_ZL 32767;0 0;0
2700 KEY_ZL 32767;0 0;0
2701 KEY_ZL 32767;0 0;0
2702 KEY_ZL 32767;0 0;0
2703 KEY_ZL 32767;0 0;0
2704 KEY_ZL 32767;0 0;0
2705 KEY_ZL 32767;0 0;0
2706 KEY_ZL 32767;0 0;0
2707 KEY_ZL 32767;0 0;0
2708 KEY_ZL 32767;0 0;0
2709 KEY_ZL 32767;0 0;0
2710 KEY_ZL 32767;0 0;0
2711 KEY_ZL 32767;0 0;0
2712 KEY_B;KEY_ZL;KEY_L;KEY_DDOWN 32767;0 0;0
2713 KEY_ZL -8757;31574 0;0
2714 NONE -16286;28432 0;0
2715 NONE -16222;-28469 0;0
2716 NONE 32767;0 0;0
2717 NONE -16286;28432 0;0
2718 NONE -16222;-28469 0;0
2719 NONE 32767;0 0;0
2720 NONE -16286;28432 0;0
2721 NONE -16222;-28469 0;0
2722 NONE 32767;0 0;0
2723 NONE -16286;28432 0;0
2724 NONE -16222;-28469 0;0
2725 NONE 32767;0 0;0
2726 NONE -16286;28432 0;0
2727 NONE -16222;-28469 0;0
2728 NONE 32767;0 0;0
2729 NONE -16286;28432 0;0
2730 NONE -16222;-28469 0;0
2731 NONE 32767;0 0;0
2732 NONE -16286;28432 0;0
2733 KEY_B 32767;0 0;0
2734 KEY_ZL 12798;-30150 0;0
2735 KEY_ZL 12798;-30150 0;0
2736 KEY_ZL 12798;-30150 0;0
2737 KEY_ZL 12798;-30150 0;0
2738 KEY_ZL 12798;-30150 0;0
2739 KEY_ZL 12798;-30150 0;0
2740 KEY_X;KEY_ZL 12798;-30150 0;0
2741 KEY_Y;KEY_ZL 12798;-30150 0;0
2742 KEY_X;KEY_ZL 12798;-30150 0;0
2743 KEY_Y 0;0 0;0
2744 KEY_Y 0;0 0;0
2745 KEY_Y 0;0 0;0
2746 KEY_Y 0;0 0;0
2747 KEY_Y 0;0 0;0
2748 KEY_Y 0;0 0;0
2749 KEY_Y 0;0 0;0
2750 KEY_Y 0;0 0;0
2751 KEY_Y 0;0 0;0
2752 KEY_Y 0;0 0;0
2753 KEY_Y 0;0 0;0
2754 KEY_Y 0;0 0;0
2755 KEY_Y 0;0 0;0
2756 KEY_Y 0;0 0;0
2757 KEY_Y 0;0 0;0
2758 KEY_Y 0;0 -32767;0
2759 KEY_Y 0;0 -32767;0
2760 KEY_Y 0;0 -32767;0
2761 KEY_Y 0;0 -32767;0
2762 KEY_Y 0;0 -32767;0
2763 KEY_Y 0;0 -32767;0
2764 KEY_Y 0;0 -32767;0
2765 KEY_Y 0;0 -32767;0
2766 KEY_Y 0;0 -32767;0
2767 KEY_Y 0;0 -32767;0
2768 KEY_Y 0;0 -32767;0
2769 KEY_Y 0;0 -32767;0
2770 KEY_Y 0;0 -32767;0
2771 KEY_Y 0;0 -32767;0
2772 KEY_Y 0;0 -32767;0
2773 KEY_Y 0;0 -32767;0
2774 KEY_Y 0;0 -32767;0
2775 KEY_Y 0;0 -32767;0
2776 KEY_Y 0;0 -32767;0
2777 KEY_Y 0;0 -32767;0
2778 KEY_Y 0;0 -32767;0
2779 KEY_Y 0;0 -32767;0
2780 KEY_B;KEY_Y 23060;-23278 0;0
2781 KEY_B;KEY_Y 23060;-23278 0;0
2782 KEY_B;KEY_Y 23060;-23278 0;0
2783 KEY_B;KEY_Y 23060;-23278 0;0
2784 KEY_B;KEY_Y 23060;-23278 0;0
2785 KEY_B;KEY_Y 23060;-23278 0;0
2786 KEY_B;KEY_Y 23060;-23278 0;0
2787 KEY_B;KEY_Y 23060;-23278 0;0
2788 KEY_B;KEY_Y 23060;-23278 0;0
2789 KEY_B;KEY_Y 23060;-23278 0;0
2790 KEY_B;KEY_Y 23060;-23278 0;0
2791 KEY_B;KEY_Y 23060;-23278 0;0
2792 KEY_B;KEY_Y 23060;-23278 0;0
2793 KEY_B;KEY_Y 23060;-23278 0;0
2794 KEY_B;KEY_Y 23060;-23278 0;0
2795 KEY_B;KEY_Y 23060;-23278 0;0
2796 KEY_B;KEY_Y 23060;-23278 0;0
2797 KEY_Y 23060;-23278 0;0
2798 KEY_Y 23060;-23278 0;0
2799 KEY_Y 23060;-23278 0;0
2800 KEY_Y 23060;-23278 0;0
2801 KEY_Y 23060;-23278 0;0
2802 KEY_Y 23060;-23278 0;0
2803 KEY_Y 23060;-23278 0;0
2804 KEY_Y 23060;-23278 0;0
2805 KEY_Y 23060;-23278 0;0
2806 KEY_Y 23060;-23278 0;0
2807 KEY_Y 23060;-23278 0;0
2808 KEY_Y 23060;-23278 0;0
2809 KEY_Y 23060;-23278 0;0
2810 KEY_Y 23060;-23278 0;0
2811 KEY_Y 23060;-23278 0;0
2812 KEY_Y 23060;-23278 0;0
2813 KEY_Y 23060;-23278 0;0
2814 KEY_Y 23060;-23278 0;0
2815 KEY_Y 23060;-23278 0;0
2816 KEY_Y 23060;-23278 0;0
2817 KEY_Y 23060;-23278 0;0
2818 KEY_Y 23060;-23278 0;0
2819 KEY_Y 23060;-23278 0;0
2820 KEY_B;KEY_Y 23060;-23278 0;0
2821 KEY_B;KEY_Y 23060;-23278 0;0
2822 KEY_B;KEY_Y 23060;-23278 0;0
2823 KEY_Y 23060;-23278 0;0
2824 KEY_Y 24564;-21685 0;0
2825 KEY_Y 24564;-21685 0;0
2826 KEY_Y 24564;-21685 0;0
2827 KEY_Y 24564;-21685 0;0
2828 KEY_Y 24564;-21685 0;0
2829 KEY_Y 24564;-21685 0;0
2830 KEY_Y 24564;-21685 0;0
2831 KEY_Y 24564;-21685 0;0
2832 KEY_Y 24564;-21685 0;0
2833 KEY_Y 24564;-21685 0;0
2834 KEY_Y;KEY_DUP 24564;-21685 0;0
2835 KEY_Y 24564;-21685 0;0
2836 KEY_Y 24564;-21685 0;0
2837 KEY_Y 24564;-21685 0;0
2838 KEY_Y 24564;-21685 0;0
2839 KEY_Y 24564;-21685 0;0
2840 KEY_Y 24564;-21685 0;0
2841 KEY_Y 24564;-21685 0;0
2842 KEY_Y 24564;-21685 0;0
2843 KEY_Y 24564;-21685 0;0
2844 KEY_Y -26240;19624 0;0
2845 KEY_Y;KEY_ZL 0;0 0;0
2866 NONE 0;0 32767;0
2867 NONE 0;0 32767;0
2868 NONE 0;0 32767;0
2869 NONE 0;0 32767;0
2870 NONE 0;0 32767;0
2871 NONE 0;0 32767;0
2872 NONE 0;0 32767;0
2873 NONE 0;0 32767;0
2874 NONE 0;0 32767;0
2875 NONE 0;0 32767;0
2876 NONE 0;0 32767;0
2877 NONE 0;0 32767;0
2878 NONE 0;0 32767;0
2879 NONE 0;0 32767;0
2880 NONE 0;0 32767;0
2881 NONE 0;0 32767;0
2882 NONE 0;0 32767;0
2883 NONE 0;0 32767;0
2884 NONE 0;0 32767;0
2885 NONE 0;0 32767;0
2886 NONE 0;0 32767;0
2887 NONE 0;0 32767;0
2888 NONE 0;0 32767;0
2889 NONE 0;0 32767;0
2890 NONE 0;0 32767;0
2891 NONE 0;0 32767;0
2892 NONE 0;0 32767;0
2893 NONE 0;0 32767;0
2894 NONE 0;0 32767;0
2895 NONE 0;0 32767;0
2896 NONE 0;0 32767;0
2897 NONE 0;0 32767;0
2898 NONE 0;0 32767;0
2899 NONE 0;0 32767;0
2900 NONE 0;0 32767;0
2901 NONE 0;0 32767;0
2902 NONE 0;0 32767;0
2903 NONE 0;0 32767;0
2904 NONE 0;0 32767;0
2905 NONE 0;0 32767;0
2906 NONE 0;0 32767;0
2907 NONE 0;0 32767;0
2908 NONE 0;0 32767;0
2909 NONE 0;0 32767;0
2910 NONE 0;0 32767;0
2911 NONE 0;0 32767;0
2912 NONE 0;0 32767;0
2913 NONE 0;0 32767;0
2914 NONE 0;0 32767;0
2915 NONE 0;0 32767;0
2916 NONE 0;0 32767;0
2917 NONE 0;0 32767;0
2918 NONE 0;0 32767;0
2919 NONE 0;0 32767;0
2920 NONE 0;0 32767;0
2921 NONE 0;0 32767;0
2922 NONE 0;0 32767;0
2923 NONE 0;0 32767;0
2924 NONE 0;0 32767;0
2925 NONE 0;0 32767;0
2926 NONE 0;0 32767;0
2927 NONE 0;0 32767;0
2928 NONE 0;0 32767;0
2929 NONE 0;0 32767;0
2930 NONE 0;0 32767;0
2931 NONE 0;0 32767;0
2932 NONE 0;0 32767;0
2933 NONE 0;0 32767;0
2934 NONE 0;0 16383;0
2935 NONE 0;0 0;32767
2936 NONE 0;0 0;32767
2937 NONE 0;0 0;32767
2938 NONE 0;0 0;32767
3916 KEY_LSTICK 0;0 0;0
