0 NONE 0;32767 0;0
1 KEY_A 0;32767 0;0
2 KEY_DRIGHT 0;32767 0;0
3 NONE -1714;32722 0;0
4 NONE 0;32767 0;0
5 NONE 0;32767 0;0
6 NONE 0;32767 0;0
7 NONE 0;32767 0;0
8 NONE 0;32767 0;0
9 NONE 0;32767 0;0
10 NONE 0;32767 0;0
11 KEY_ZR 0;32767 0;0
12 KEY_Y 0;32767 0;0
13 NONE 0;32767 0;0
14 NONE 0;32767 0;0
15 NONE 0;32767 0;0
16 KEY_A 0;32767 0;0
17 KEY_B 0;32767 0;0
18 KEY_A 0;32767 0;0
19 KEY_B 0;32767 0;0
20 KEY_A 0;32767 0;0
21 KEY_B 0;32767 0;0
22 KEY_A 0;32767 0;0
23 KEY_B 0;32767 0;0
24 KEY_A 0;32767 0;0
25 KEY_B 0;32767 0;0
26 KEY_A 0;32767 0;0
27 KEY_B 0;32767 0;0
28 KEY_A 0;32767 0;0
29 KEY_B 0;32767 0;0
30 KEY_A 0;32767 0;0
31 KEY_B 0;32767 0;0
32 KEY_A 0;32767 0;0
33 KEY_B 0;32767 0;0
34 KEY_A 0;32767 0;0
35 KEY_B 0;32767 0;0
36 KEY_A 0;32767 0;0
37 KEY_B 0;32767 0;0
38 KEY_A 0;32767 0;0
39 KEY_B 0;32767 0;0
40 KEY_A 0;32767 0;0
41 KEY_B 0;32767 0;0
42 KEY_A 0;32767 0;0
43 KEY_B 0;32767 0;0
44 KEY_A 0;32767 0;0
45 KEY_B 0;32767 0;0
46 KEY_A 0;32767 0;0
47 KEY_B 0;32767 0;0
48 KEY_A 0;32767 0;0
49 KEY_B 0;32767 0;0
50 KEY_A 0;32767 0;0
51 KEY_B 0;32767 0;0
52 KEY_A 0;32767 0;0
53 KEY_B 0;32767 0;0
54 KEY_A 0;32767 0;0
55 KEY_B 0;32767 0;0
56 KEY_A 0;32767 0;0
57 KEY_B 0;32767 0;0
58 KEY_A 0;32767 0;0
59 KEY_ZR 0;32767 0;0
60 KEY_Y 0;32767 0;0
61 NONE 0;32767 0;0
62 NONE 0;32767 0;0
63 NONE 0;32767 0;0
64 NONE 0;32767 0;0
65 NONE 0;32767 0;0
66 NONE 0;32767 0;0
67 NONE 0;32767 0;0
68 NONE 0;32767 0;0
69 NONE 0;32767 0;0
70 NONE 0;32767 0;0
71 NONE 0;32767 0;0
72 NONE 0;32767 0;0
73 NONE 0;32767 0;0
74 NONE 0;32767 0;0
75 NONE 0;32767 0;0
76 NONE 0;32767 0;0
77 NONE 0;32767 0;0
78 NONE 0;32767 0;0
297 KEY_MINUS 0;0 0;0
298 NONE 457;-32750 0;-32767
299 NONE 457;-32750 0;-32767
300 NONE 457;-32750 0;-32767
301 NONE 457;-32750 0;-32767
302 NONE 457;-32750 0;-32767
303 NONE 457;-32750 0;-32767
304 NONE 457;-32750 0;-32767
305 NONE 457;-32750 0;-32767
306 NONE 457;-32750 0;-32767
307 NONE 457;-32750 0;-32767
308 NONE 457;-32750 0;-32767
309 NONE 457;-32750 0;-32767
310 NONE 457;-32750 0;-32767
311 NONE 457;-32750 0;-32767
312 NONE 457;-32750 0;-32767
313 NONE 457;-32750 0;-32767
314 NONE 457;-32750 0;-32767
315 NONE 457;-32750 0;-32767
316 NONE 457;-32750 0;-32767
317 NONE 457;-32750 0;-32767
318 NONE 457;-32750 0;-32767
319 NONE 457;-32750 0;-32767
320 NONE 457;-32750 0;-32767
321 NONE 457;-32750 0;-32767
322 NONE 457;-32750 0;-32767
323 NONE 457;-32750 0;-32767
324 NONE 457;-32750 0;-32767
325 NONE 457;-32750 0;-32767
326 NONE 457;-32750 0;-32767
327 NONE 457;-32750 0;-32767
328 NONE 457;-32750 0;-32767
329 NONE 457;-32750 0;-32767
330 NONE 457;-32750 0;-32767
331 NONE 457;-32750 0;-32767
332 NONE 457;-32750 0;-32767
333 NONE 457;-32750 0;-32767
334 NONE 457;-32750 0;-32767
335 NONE 457;-32750 0;-32767
336 NONE 457;-32750 0;-32767
337 NONE 457;-32750 0;-32767
338 NONE 457;-32750 0;-32767
339 NONE 457;-32750 0;-32767
340 NONE 457;-32750 0;-32767
343 KEY_A 0;0 0;0
671 KEY_DRIGHT -29696;13847 0;0
672 KEY_DRIGHT -29696;13847 0;0
673 KEY_DRIGHT -29696;13847 0;0
674 KEY_DRIGHT -29696;13847 0;0
675 KEY_DRIGHT -29696;13847 0;0
676 KEY_DRIGHT -29696;13847 0;0
677 KEY_DRIGHT -29696;13847 0;0
678 KEY_DRIGHT -29696;13847 0;0
679 KEY_DRIGHT -29696;13847 0;0
680 KEY_DRIGHT -29696;13847 0;0
681 KEY_DRIGHT -29696;13847 0;0
682 KEY_DRIGHT -29696;13847 0;0
683 KEY_DRIGHT -29696;13847 0;0
684 KEY_DRIGHT -29696;13847 0;0
685 KEY_DRIGHT -29696;13847 0;0
686 KEY_DRIGHT -29696;13847 0;0
687 KEY_DRIGHT -29696;13847 0;0
688 KEY_DRIGHT -29696;13847 0;0
689 KEY_DRIGHT -29696;13847 0;0
690 KEY_DRIGHT -29696;13847 0;0
