0 NONE 27203;18265 0;0
1 NONE 27203;18265 0;0
2 NONE 27203;18265 0;0
3 NONE 27203;18265 0;0
4 NONE 27203;18265 0;0
5 NONE 27203;18265 0;0
6 NONE 27203;18265 0;0
7 NONE 27203;18265 0;0
8 NONE 27203;18265 0;0
9 NONE 27203;18265 0;0
10 NONE 27203;18265 0;0
11 NONE 27203;18265 0;0
12 NONE 27203;18265 0;0
13 NONE 27203;18265 0;0
14 NONE 27203;18265 0;0
15 NONE 27203;18265 0;0
16 NONE 27203;18265 0;0
17 NONE 27203;18265 0;0
18 NONE 27203;18265 0;0
19 NONE 27203;18265 0;0
20 NONE 27203;18265 0;0
21 NONE 20317;25707 0;0
22 NONE 20317;25707 0;0
23 NONE 20317;25707 0;0
24 NONE 20317;25707 0;0
25 NONE 20317;25707 0;0
26 KEY_ZR 22193;24106 0;0
27 KEY_Y;KEY_ZR 22193;24106 0;0
28 KEY_ZR 32162;-6264 0;0
29 KEY_ZR 32162;-6264 0;0
30 KEY_ZR 32162;-6264 0;0
31 KEY_ZR 32162;-6264 0;0
32 KEY_ZR 32162;-6264 0;0
33 KEY_ZR 32162;-6264 0;0
34 KEY_ZR 32162;-6264 0;0
35 KEY_ZR 32162;-6264 0;0
36 KEY_ZR 32162;-6264 0;0
37 KEY_ZR 32162;-6264 0;0
38 KEY_ZR 32162;-6264 0;0
39 KEY_ZR 32162;-6264 0;0
40 KEY_ZR 32162;-6264 0;0
41 KEY_ZR 32162;-6264 0;0
42 KEY_ZR 32162;-6264 0;0
43 KEY_ZR 32162;-6264 0;0
44 KEY_ZR 32162;-6264 0;0
45 KEY_ZR 32162;-6264 0;0
46 KEY_ZR 32162;-6264 0;0
47 KEY_ZR 32162;-6264 0;0
48 KEY_ZR 32162;-6264 0;0
49 KEY_ZR 32162;-6264 0;0
50 KEY_ZR 32162;-6264 0;0
51 KEY_ZR 32162;-6264 0;0
52 KEY_ZR 32162;-6264 0;0
53 KEY_ZR 32162;-6264 0;0
54 KEY_ZR 32162;-6264 0;0
55 KEY_ZR 32162;-6264 0;0
56 KEY_ZR 32162;-6264 0;0
57 KEY_ZR 32162;-6264 0;0
58 KEY_ZR 32162;-6264 0;0
59 KEY_ZR 32162;-6264 0;0
60 KEY_ZR 32162;-6264 0;0
61 KEY_ZR 32444;-4559 0;0
62 KEY_ZR 32444;-4559 0;0
63 KEY_Y;KEY_ZR 32444;-4559 0;0
64 KEY_ZR 32444;-4559 0;0
65 KEY_ZR 32444;-4559 0;0
66 KEY_ZR 32444;-4559 0;0
67 NONE 32444;-4559 0;0
68 NONE 19083;26636 0;0
69 NONE 19083;26636 0;0
70 NONE 19083;26636 0;0
71 NONE 19083;26636 0;0
72 NONE 19083;26636 0;0
73 NONE 19083;26636 0;0
74 NONE 19083;26636 0;0
75 NONE 19083;26636 0;0
76 NONE 19083;26636 0;0
77 NONE 19083;26636 0;0
78 NONE 19083;26636 0;0
79 NONE 19083;26636 0;0
80 NONE 19083;26636 0;0
81 NONE 19083;26636 0;0
82 NONE 19083;26636 0;0
83 NONE 19083;26636 0;0
84 NONE 19083;26636 0;0
85 NONE 19083;26636 0;0
86 NONE 19083;26636 0;0
87 NONE 19083;26636 0;0
88 NONE 19083;26636 0;0
89 NONE -32765;0 0;0
90 NONE -32765;0 0;0
91 NONE -32765;0 0;0
92 NONE -32765;0 0;0
93 NONE -32765;0 0;0
94 NONE -32765;0 0;0
95 NONE -32765;0 0;0
96 NONE -32765;0 0;0
97 NONE -32765;0 0;0
98 NONE -32765;0 0;0
99 NONE -32765;0 0;0
100 NONE -32765;0 0;0
101 NONE -32765;0 0;0
102 NONE -32765;0 0;0
103 NONE -32765;0 0;0
104 NONE -32765;0 0;0
105 NONE -32765;0 0;0
106 NONE -32765;0 0;0
107 NONE -32764;0 0;0
108 NONE -32764;0 0;0
109 NONE -32764;0 0;0
110 NONE -32764;0 0;0
111 NONE -32764;0 0;0
112 NONE -32764;0 0;0
113 NONE -32764;0 0;0
114 NONE -32764;0 0;0
115 NONE -32764;0 0;0
116 NONE -32764;0 0;0
117 NONE -32764;0 0;0
118 NONE -32764;0 0;0
119 NONE -32764;0 0;0
120 NONE -32764;0 0;0
121 NONE -32764;0 0;0
122 NONE -32764;0 0;0
123 NONE -32764;0 0;0
124 NONE -32764;0 0;0
125 NONE -32763;0 0;0
126 NONE -32763;0 0;0
127 KEY_R -32763;0 0;0
128 NONE -32763;0 0;0
129 NONE -32763;0 0;0
130 NONE -32763;0 0;0
131 NONE 21840;24426 0;0
132 NONE 31054;10454 0;0
133 NONE 32685;2306 0;0
134 NONE 31246;-9867 0;0
135 NONE 31678;-8374 0;0
136 NONE 25431;-20662 0;0
137 NONE 21604;-24636 0;0
138 NONE 32766;0 0;0
139 NONE 32526;-3965 0;0
140 NONE 32526;-3965 0;0
141 KEY_L;KEY_DDOWN 32526;-3965 0;0
142 NONE 32639;2855 0;0
143 NONE 32639;2855 0;0
144 NONE 32639;2855 0;0
145 NONE 32639;2855 0;0
146 NONE 32639;2855 0;0
147 NONE 32639;2855 0;0
148 NONE 32639;2855 0;0
149 NONE 32639;2855 0;0
150 NONE 32639;2855 0;0
151 KEY_ZR 32639;2855 0;0
152 KEY_Y;KEY_ZR 32639;2855 0;0
153 KEY_Y;KEY_ZR 32639;2855 0;0
154 KEY_Y;KEY_ZR 32639;2855 0;0
155 KEY_Y;KEY_ZR 32639;2855 0;0
156 KEY_Y;KEY_ZR 32639;2855 0;0
157 KEY_Y;KEY_ZR 32639;2855 0;0
158 KEY_Y;KEY_ZR 32639;2855 0;0
159 KEY_Y;KEY_ZR 32639;2855 0;0
160 KEY_Y;KEY_ZR 32639;2855 0;0
161 KEY_Y;KEY_ZR 32639;2855 0;0
162 KEY_Y;KEY_ZR 32639;2855 0;0
163 KEY_Y;KEY_ZR 32639;2855 0;0
164 KEY_Y;KEY_ZR 32639;2855 0;0
165 KEY_Y;KEY_ZR 32639;2855 0;0
166 KEY_Y;KEY_ZR;KEY_R 32639;2855 0;0
167 KEY_Y;KEY_ZR 32639;2855 0;0
168 KEY_Y;KEY_ZR 32639;2855 0;0
169 KEY_Y;KEY_ZR 32639;2855 0;0
170 KEY_Y;KEY_ZR 32639;2855 0;0
171 KEY_Y;KEY_ZR 32639;2855 0;0
172 KEY_Y;KEY_ZR 32639;2855 0;0
173 KEY_Y;KEY_ZR 32639;2855 0;0
174 KEY_Y;KEY_ZR 32639;2855 0;0
175 KEY_Y;KEY_ZR 32639;2855 0;0
176 KEY_Y;KEY_ZR 32639;2855 0;0
177 KEY_Y;KEY_ZR 32639;2855 0;0
178 KEY_Y;KEY_ZR 32639;2855 0;0
179 KEY_Y;KEY_ZR 32639;2855 0;0
180 KEY_Y;KEY_ZR 32639;2855 0;0
181 KEY_Y;KEY_ZR 32639;2855 0;0
182 KEY_Y;KEY_ZR 32639;2855 0;0
183 KEY_Y;KEY_ZR 32639;2855 0;0
184 NONE 32639;2855 0;0
185 NONE 32639;2855 0;0
186 NONE 32639;2855 0;0
187 NONE 32639;2855 0;0
188 NONE 32639;2855 0;0
189 NONE 32639;2855 0;0
190 NONE 32639;2855 0;0
191 NONE 32639;2855 0;0
192 NONE 32639;2855 0;0
193 NONE 32639;2855 0;0
194 NONE 32639;2855 0;0
195 NONE 32639;2855 0;0
196 NONE 32639;2855 0;0
197 NONE 32639;2855 0;0
198 KEY_L;KEY_DLEFT 32639;2855 0;0
199 NONE 32639;2855 0;0
200 NONE 32639;2855 0;0
201 NONE 32639;2855 0;0
202 NONE 32639;2855 0;0
203 NONE 32639;2855 0;0
204 NONE 32639;2855 0;0
205 NONE 32639;2855 0;0
206 NONE 32639;2855 0;0
207 NONE 32639;2855 0;0
208 NONE 32639;2855 0;0
209 KEY_ZR 32639;2855 0;0
210 KEY_Y;KEY_ZR 32639;2855 0;0
211 NONE 32639;2855 0;0
212 NONE 32639;2855 0;0
213 NONE 32639;2855 0;0
214 NONE 32639;2855 0;0
215 NONE 32639;2855 0;0
216 NONE 32639;2855 0;0
217 NONE 32639;2855 0;0
218 NONE 32639;2855 0;0
219 NONE 32639;2855 0;0
220 NONE 32639;2855 0;0
221 NONE 32639;2855 0;0
222 NONE 32639;2855 0;0
223 NONE 32639;2855 0;0
224 KEY_L;KEY_DDOWN 32639;2855 0;0
225 NONE 32639;2855 0;0
226 NONE 0;32767 0;0
227 NONE -28376;-16383 0;0
228 NONE 28377;-16383 0;0
229 NONE 0;32767 0;0
230 NONE -28376;-16383 0;0
231 NONE 28377;-16383 0;0
232 NONE 0;32767 0;0
233 NONE -28376;-16383 0;0
234 NONE 28377;-16383 0;0
235 NONE 0;32767 0;0
236 NONE -28376;-16383 0;0
237 NONE 28377;-16383 0;0
238 NONE 0;32767 0;0
239 NONE -28376;-16383 0;0
240 NONE 28377;-16383 0;0
241 NONE 0;32767 0;0
242 NONE -28376;-16383 0;0
243 NONE 28377;-16383 0;0
244 NONE 0;32767 0;0
245 NONE -28376;-16383 0;0
246 NONE 28377;-16383 0;0
247 KEY_A 32766;0 0;0
248 KEY_ZR 32766;0 0;0
249 KEY_ZR 32766;0 0;0
250 KEY_ZR 32766;0 0;0
251 KEY_ZR 32766;0 0;0
252 KEY_ZR 32744;1143 0;0
253 KEY_ZR 32744;1143 0;0
254 KEY_ZR 32744;1143 0;0
255 KEY_Y;KEY_ZR 32744;1143 0;0
256 KEY_Y;KEY_ZR 32744;1143 0;0
257 KEY_Y;KEY_ZR 32744;1143 0;0
258 KEY_Y;KEY_ZR 32744;1143 0;0
259 KEY_Y;KEY_ZR 32744;1143 0;0
260 KEY_Y;KEY_ZR 32744;1143 0;0
261 KEY_Y;KEY_ZR 32744;1143 0;0
262 KEY_Y;KEY_ZR 32744;1143 0;0
263 KEY_ZR 32744;1143 0;0
264 KEY_ZR 32744;1143 0;0
265 KEY_ZR 32744;1143 0;0
266 KEY_ZR 32744;1143 0;0
267 KEY_B;KEY_DLEFT 32744;1143 0;0
268 KEY_B 32744;1143 0;0
269 KEY_B 32744;1143 0;0
270 KEY_B 32744;1143 0;0
271 KEY_B 32744;1143 0;0
272 KEY_B 32744;1143 0;0
273 KEY_B 32744;1143 0;0
274 KEY_B 32744;1143 0;0
275 KEY_B 32744;1143 0;0
276 KEY_B 32744;1143 0;0
277 NONE 32744;1143 0;0
278 NONE 32744;1143 0;0
279 NONE 32721;-1714 0;0
280 NONE 32721;-1714 0;0
281 NONE 32721;-1714 0;0
282 NONE 32721;-1714 0;0
283 NONE 32721;-1714 0;0
284 NONE 32721;-1714 0;0
285 NONE 32721;-1714 0;0
286 NONE 32721;-1714 0;0
287 NONE 32721;-1714 0;0
288 NONE 32721;-1714 0;0
289 NONE 32721;-1714 0;0
290 NONE 32721;-1714 0;0
291 NONE 32721;-1714 0;0
292 NONE 32721;-1714 0;0
293 NONE 32721;-1714 0;0
294 NONE 32721;-1714 0;0
295 NONE 32721;-1714 0;0
296 NONE 32721;-1714 0;0
297 NONE 32721;-1714 0;0
298 NONE 31435;-9245 0;0
299 NONE 31435;-9245 0;0
300 NONE 31435;-9245 0;0
301 KEY_DUP 31435;-9245 0;0
302 NONE 31435;-9245 0;0
303 KEY_Y 31435;-9245 0;0
304 KEY_Y 31435;-9245 0;0
305 KEY_Y 31435;-9245 0;0
306 KEY_Y 31435;-9245 0;0
307 KEY_Y 31435;-9245 0;0
308 KEY_Y 31435;-9245 0;0
309 KEY_Y 31435;-9245 0;0
310 KEY_Y 31435;-9245 0;0
311 KEY_Y 31435;-9245 0;0
312 KEY_Y 31435;-9245 0;0
313 KEY_Y 31435;-9245 0;0
314 KEY_Y 31435;-9245 0;0
315 KEY_Y 31435;-9245 0;0
316 KEY_Y 31435;-9245 0;0
317 KEY_Y 31435;-9245 0;0
318 KEY_Y;KEY_ZR 31435;-9245 0;0
319 KEY_X;KEY_Y;KEY_ZR 31435;-9245 0;0
320 KEY_X;KEY_Y;KEY_ZR 31435;-9245 0;0
321 KEY_X;KEY_Y;KEY_ZR 31435;-9245 0;0
322 KEY_Y 31435;-9245 0;0
323 KEY_Y 31435;-9245 0;0
324 KEY_Y 31435;-9245 0;0
325 KEY_Y 32721;-1714 0;0
326 KEY_Y 32721;-1714 0;0
327 KEY_Y 32721;-1714 0;0
328 KEY_Y 32721;-1714 0;0
329 KEY_Y 32721;-1714 0;0
330 KEY_Y 32721;-1714 0;0
331 KEY_Y 32721;-1714 0;0
332 KEY_Y 32721;-1714 0;0
333 KEY_Y 32721;-1714 0;0
334 KEY_Y 32721;-1714 0;0
335 KEY_Y 32721;-1714 0;0
336 KEY_Y 32721;-1714 0;0
337 KEY_Y 32721;-1714 0;0
338 KEY_Y 32721;-1714 0;0
339 KEY_Y 32721;-1714 0;0
340 KEY_Y 32721;-1714 0;0
341 KEY_Y 32721;-1714 0;0
342 KEY_Y 32721;-1714 0;0
343 KEY_Y 32721;-1714 0;0
344 KEY_Y 32721;-1714 0;0
345 KEY_DUP 32632;-2966 0;0
346 NONE 32632;-2966 0;0
347 KEY_Y 32632;-2966 0;0
348 KEY_Y 32632;-2966 0;0
349 KEY_Y 32632;-2966 0;0
350 KEY_Y 32632;-2966 0;0
351 KEY_Y 32632;-2966 0;0
352 KEY_Y 32632;-2966 0;0
353 KEY_Y 32632;-2966 0;0
354 KEY_Y 32632;-2966 0;0
355 KEY_Y 32632;-2966 0;0
356 KEY_Y 32632;-2966 0;0
357 KEY_Y 32632;-2966 0;0
358 KEY_Y 32632;-2966 0;0
359 KEY_Y 32632;-2966 0;0
360 KEY_Y 32632;-2966 0;0
361 KEY_Y 32632;-2966 0;0
362 KEY_Y 32632;-2966 0;0
363 KEY_Y 32632;-2966 0;0
364 KEY_Y 32632;-2966 0;0
365 KEY_Y 32632;-2966 0;0
366 KEY_Y 32632;-2966 0;0
367 KEY_Y 32632;-2966 0;0
368 KEY_Y 32632;-2966 0;0
369 KEY_Y 32632;-2966 0;0
370 KEY_Y 32632;-2966 0;0
371 KEY_Y 32632;-2966 0;0
372 KEY_Y 32632;-2966 0;0
373 KEY_Y 32632;-2966 0;0
374 KEY_Y 32632;-2966 0;0
375 KEY_Y 32632;-2966 0;0
376 KEY_Y 32632;-2966 0;0
377 KEY_Y 32632;-2966 0;0
378 KEY_Y 32632;-2966 0;0
379 KEY_Y 32632;-2966 0;0
380 KEY_Y 32632;-2966 0;0
381 KEY_Y 32632;-2966 0;0
382 KEY_Y 32632;-2966 0;0
383 KEY_Y 32632;-2966 0;0
384 KEY_Y 32632;-2966 0;0
385 KEY_Y 32632;-2966 0;0
386 KEY_Y 32632;-2966 0;0
387 KEY_Y -32767;0 0;0
388 KEY_Y -32767;0 0;0
389 KEY_Y -32767;0 0;0
390 KEY_Y -32767;0 0;0
391 KEY_Y -32767;0 0;0
392 KEY_Y -32767;0 0;0
393 KEY_Y -32767;0 0;0
394 KEY_Y -32767;0 0;0
395 KEY_Y -32767;0 0;0
396 KEY_Y -32767;0 0;0
397 KEY_Y -32767;0 0;0
398 KEY_Y -32767;0 0;0
399 KEY_Y -32767;0 0;0
400 KEY_Y -32767;0 0;0
401 KEY_Y -32767;0 0;0
402 KEY_Y -32767;0 0;0
403 KEY_Y -32767;0 0;0
404 KEY_Y 31594;-8688 0;0
405 KEY_Y 31594;-8688 0;0
406 KEY_Y 31594;-8688 0;0
407 KEY_Y 31594;-8688 0;0
408 KEY_Y 31594;-8688 0;0
409 KEY_Y 31594;-8688 0;0
410 KEY_Y 31594;-8688 0;0
411 KEY_Y 31594;-8688 0;0
412 KEY_Y 31594;-8688 0;0
413 KEY_Y 31594;-8688 0;0
414 KEY_Y 31594;-8688 0;0
415 KEY_Y 31594;-8688 0;0
416 KEY_Y 31594;-8688 0;0
417 KEY_Y 31594;-8688 0;0
418 KEY_Y 31594;-8688 0;0
419 KEY_Y 31594;-8688 0;0
420 KEY_Y 31594;-8688 0;0
421 KEY_Y 31594;-8688 0;0
422 KEY_Y 31594;-8688 0;0
423 KEY_Y 31594;-8688 0;0
424 NONE 32767;0 0;0
425 NONE 32767;0 0;0
426 NONE 32767;0 0;0
427 NONE 32767;0 0;0
428 KEY_A 0;0 0;0
430 NONE 0;32767 0;0
431 NONE 0;32767 0;0
432 NONE 0;32767 0;0
433 NONE 0;32766 0;0
434 NONE 32751;1023 0;0
435 NONE 32751;1023 0;0
436 NONE 32751;1023 0;0
437 NONE 32751;1023 0;0
438 NONE 32751;1023 0;0
439 NONE 32751;1023 0;0
440 NONE 32751;1023 0;0
441 NONE 32751;1023 0;0
442 NONE 32751;1023 0;0
443 NONE 3424;32586 0;0
444 NONE 3424;32586 0;0
445 NONE 3424;32586 0;0
446 KEY_L;KEY_DDOWN 3424;32586 0;0
447 NONE 3424;32586 0;0
448 NONE 3424;32586 0;0
449 NONE 3424;32586 0;0
450 NONE 3424;32586 0;0
451 NONE 3424;32586 0;0
452 NONE 3424;32586 0;0
453 NONE 3424;32586 0;0
454 KEY_ZR 3424;32586 0;32767
455 KEY_Y;KEY_ZR 3424;32586 0;32767
456 NONE 3424;32586 0;32767
457 NONE 3424;32586 0;32767
458 NONE 22025;24259 0;32767
459 NONE 22025;24259 0;32767
460 NONE 22025;24259 0;32767
461 NONE 22025;24259 0;32767
462 NONE 22025;24259 0;32767
463 NONE 22025;24259 0;32767
464 NONE 22025;24259 0;32767
465 NONE 22025;24259 0;32767
466 NONE 22025;24259 0;32767
467 NONE 22025;24259 0;32767
468 NONE 22025;24259 0;32767
469 NONE 22025;24259 0;32767
470 NONE 22025;24259 0;32767
471 NONE 22025;24259 0;32767
472 NONE 22025;24259 0;32767
473 NONE 0;32766 0;32767
474 NONE 12767;-30177 0;32767
475 KEY_A 12767;-30177 0;32767
476 KEY_A 1197;32745 0;32767
477 KEY_A 1197;32745 0;32767
478 KEY_A 1197;32745 0;32767
479 KEY_A 1197;32745 0;32767
480 KEY_A 1197;32745 0;32767
481 KEY_A 1197;32745 0;32767
482 KEY_A 1197;32745 0;32767
483 KEY_A 1197;32745 0;32767
484 KEY_A 1197;32745 0;32767
485 KEY_A 1197;32745 0;32767
486 KEY_A 1197;32745 0;32767
487 KEY_A 1197;32745 0;32767
488 KEY_A 1197;32745 0;32767
489 KEY_A 1197;32745 0;32767
490 KEY_A 1197;32745 0;32767
491 KEY_A 1197;32745 0;32767
492 KEY_A 1197;32745 0;32767
493 KEY_L;KEY_DDOWN 31460;9159 0;32767
494 NONE 31460;9159 0;32767
495 KEY_X 31460;9159 0;32767
496 KEY_X 696;32759 0;32767
497 KEY_X 696;32759 0;32767
498 KEY_X 696;32759 0;32767
499 KEY_X 696;32759 0;32767
500 KEY_X 696;32759 0;32767
501 KEY_X;KEY_ZR 696;32759 0;32767
502 KEY_X;KEY_Y;KEY_ZR 696;32759 0;32767
503 KEY_X 696;32759 0;32767
504 KEY_X 696;32759 0;32767
505 KEY_X 696;32759 0;32767
506 NONE 696;32759 0;32767
507 NONE 696;32759 0;32767
508 NONE 696;32759 0;32767
509 NONE 696;32759 0;32767
510 NONE 696;32759 0;32767
511 NONE 696;32759 0;32767
512 NONE 696;32759 0;32767
513 NONE 696;32759 0;32767
514 NONE 696;32759 0;32767
515 NONE 10243;31124 0;32767
516 NONE 10243;31124 0;32767
517 NONE 10243;31124 0;32767
518 NONE 10243;31124 0;32767
519 NONE 10243;31124 0;32767
520 NONE 10243;31124 0;32767
521 NONE 18790;-26843 0;32767
522 NONE 32182;6162 0;32767
523 NONE 32182;6162 0;32767
524 NONE 32182;6162 0;32767
525 NONE 32182;6162 0;32767
526 NONE 32182;6162 0;32767
527 KEY_A -32767;0 0;32767
528 KEY_A -32767;0 0;32767
529 KEY_A -32767;0 0;32767
530 KEY_A -32767;0 0;32767
531 KEY_A -32767;0 0;32767
532 KEY_A -32767;0 0;32767
533 KEY_ZR 1142;32747 0;32767
534 KEY_Y;KEY_ZR 1142;32747 0;32767
535 KEY_Y;KEY_ZR 1142;32747 0;32767
536 KEY_Y;KEY_ZR -32767;0 0;32767
537 KEY_Y;KEY_ZR -32767;0 0;32767
538 KEY_Y;KEY_ZR -32767;0 0;32767
539 KEY_Y;KEY_ZR -32767;0 0;32767
540 KEY_Y;KEY_ZR -32767;0 0;32767
541 KEY_Y;KEY_ZR -32767;0 0;32767
542 KEY_Y;KEY_ZR -32767;0 0;32767
543 KEY_Y;KEY_ZR -32767;0 0;32767
544 NONE -32767;0 0;32767
545 NONE -32767;0 0;32767
546 NONE -32767;0 0;32767
547 NONE -32767;0 0;32767
548 NONE -32767;0 0;32767
549 NONE -32767;0 0;32767
550 NONE -32767;0 0;32767
551 NONE -32767;0 0;32767
552 NONE -32767;0 0;32767
553 NONE -32767;0 0;32767
554 NONE -32767;0 0;32767
555 NONE -32767;0 0;32767
556 NONE -32767;0 0;32767
557 NONE -32767;0 0;32767
558 NONE -32767;0 0;32767
559 NONE -32767;0 0;32767
560 NONE -32767;0 0;32767
561 NONE -32767;0 0;32767
562 NONE -32767;0 0;32767
563 NONE -32767;0 0;32767
564 NONE -32767;0 0;32767
565 NONE -32767;0 0;32767
566 NONE 0;0 0;32767
567 NONE 0;0 0;32767
568 NONE 0;0 0;32767
569 NONE 0;0 0;32767
570 NONE 0;0 0;32767
571 NONE 0;0 0;32767
572 NONE 0;0 0;32767
573 NONE 0;0 0;32767
574 NONE 0;0 0;32767
575 NONE 0;0 0;32767
576 NONE 0;0 0;32767
577 NONE 0;0 0;32767
578 NONE 0;0 0;32767
579 NONE 0;0 0;32767
580 NONE 0;0 0;32767
581 NONE 0;0 0;32767
582 NONE 0;0 0;32767
583 NONE 0;0 0;32767
584 NONE 0;0 0;32767
585 NONE 0;0 0;32767
586 NONE 0;0 0;32767
587 NONE 0;0 0;32767
588 NONE 0;0 0;32767
589 NONE 0;0 0;32767
590 NONE 0;0 0;32767
591 NONE 0;0 0;32767
592 NONE 0;0 0;32767
593 NONE 0;0 0;32767
594 NONE 0;0 0;32767
595 NONE 0;0 0;32767
596 NONE 0;0 0;32767
597 NONE 0;0 0;32767
598 NONE 0;0 0;32767
599 NONE 0;32766 0;32767
600 NONE 0;32766 0;32767
601 NONE 0;32766 0;32767
602 NONE 0;32766 0;32767
603 NONE 0;32766 0;32767
604 NONE 0;32766 0;32767
605 NONE 0;32766 0;32767
606 NONE 0;32766 0;32767
607 NONE 0;32766 0;32767
608 NONE 0;32766 0;32767
609 NONE 0;32766 0;32767
610 NONE 0;32766 0;32767
611 NONE 0;32766 0;32767
612 NONE 0;32766 0;32767
613 NONE 0;0 0;32767
614 NONE 0;0 0;32767
615 NONE 0;0 0;32767
616 NONE 0;0 0;32767
617 NONE 0;0 0;32767
618 NONE 0;0 0;32767
619 NONE 0;0 0;32767
620 NONE 0;0 0;32767
621 NONE 0;0 0;32767
622 NONE 0;0 0;32767
623 NONE 0;0 0;32767
624 NONE 0;0 0;32767
625 NONE 0;0 0;32767
626 NONE 0;0 0;32767
627 NONE 0;0 0;32767
628 NONE 0;0 0;32767
629 NONE 0;0 0;32767
630 NONE 0;0 0;32767
631 NONE 0;0 0;32767
632 NONE 0;0 0;32767
633 NONE 0;0 0;32767
634 NONE 0;0 0;32767
635 NONE 0;0 0;32767
636 NONE 0;0 0;32767
637 NONE 0;0 0;32767
638 NONE 0;0 0;32767
639 NONE 0;0 0;32767
640 NONE 0;0 0;32767
641 NONE 0;0 0;32767
642 NONE 0;0 0;32767
643 NONE 0;0 0;32767
644 NONE 0;0 0;32767
645 NONE 0;0 0;32767
646 NONE 0;0 0;32767
647 NONE 0;0 0;32767
648 NONE 0;0 0;32767
649 NONE 0;0 0;32767
650 NONE 0;0 0;32767
651 NONE 0;0 0;32767
652 NONE 0;0 0;32767
653 NONE 0;0 0;32767
654 NONE 0;0 0;32767
655 NONE 0;0 0;32767
656 NONE 0;0 0;32767
657 NONE 0;0 0;32767
658 NONE 0;0 0;32767
659 NONE 0;0 0;32767
660 NONE 0;0 0;32767
661 NONE 0;0 0;32767
662 NONE 0;0 0;32767
663 NONE 0;0 0;32767
664 NONE 0;0 0;32767
665 NONE 0;0 0;32767
666 NONE 0;0 0;32767
667 NONE 0;0 0;32767
668 NONE 0;0 0;32767
669 NONE 0;0 0;32767
670 NONE 0;0 0;32767
671 NONE 0;0 0;32767
672 NONE 0;0 0;32767
673 NONE 0;0 0;32767
674 NONE 0;0 0;32767
675 NONE 0;0 0;32767
676 NONE 0;0 0;32767
677 NONE 0;0 0;32767
678 NONE 0;0 0;32767
679 NONE 0;0 0;32767
680 NONE 0;0 0;32767
681 NONE 0;0 0;32767
682 NONE 0;0 0;32767
683 NONE 0;0 0;32767
684 NONE 0;0 0;32767
685 NONE 0;0 0;32767
686 NONE 0;0 0;32767
687 NONE 0;0 0;32767
688 NONE 0;0 0;32767
689 NONE 0;0 0;32767
690 NONE 0;0 0;32767
691 NONE 0;0 0;32767
692 NONE 0;0 0;32767
693 NONE 0;0 0;32767
694 NONE 0;0 0;32767
695 NONE 0;0 0;32767
696 NONE 0;0 0;32767
697 NONE 0;0 0;32767
698 NONE 0;0 0;32767
699 NONE 0;0 0;32767
700 NONE 0;0 0;32767
701 NONE 0;0 0;32767
702 NONE 0;0 0;32767
703 NONE 0;0 0;32767
704 NONE 0;0 0;32767
705 NONE 0;0 0;32767
706 NONE 0;0 0;32767
707 NONE 0;0 0;32767
708 NONE 0;0 0;32767
709 NONE 0;0 0;32767
710 NONE 0;0 0;32767
711 NONE 0;0 0;32767
712 NONE 0;0 0;32767
713 NONE 0;0 0;32767
714 NONE 0;0 0;32767
715 NONE 0;0 0;32767
716 NONE 0;0 0;32767
717 NONE 0;0 0;32767
718 NONE 0;0 0;32767
719 NONE 0;0 0;32767
720 NONE 0;0 0;32767
721 NONE 0;0 0;32767
722 NONE 0;0 0;32767
723 NONE 0;0 0;32767
724 NONE 0;0 0;32767
725 NONE 0;0 0;32767
726 NONE 0;0 0;32767
727 NONE 0;0 0;32767
728 NONE 0;0 0;32767
729 NONE 0;0 0;32767
730 NONE 0;0 0;32767
731 NONE 0;0 0;32767
732 NONE 0;0 0;32767
733 NONE 0;0 0;32767
734 NONE 0;0 0;32767
735 NONE 0;0 0;32767
736 NONE 0;0 0;32767
737 NONE 0;0 0;32767
738 NONE 0;0 0;32767
739 NONE 0;0 0;32767
740 NONE 0;0 0;32767
741 NONE 0;0 0;32767
742 NONE 0;0 0;32767
743 NONE 0;0 0;32767
744 NONE 0;0 0;32767
745 NONE 0;0 0;32767
746 NONE 0;0 0;32767
747 NONE 0;0 0;32767
748 NONE 0;0 0;32767
749 NONE 0;0 0;32767
750 NONE 0;0 0;32767
751 NONE 0;0 0;32767
752 NONE 0;0 0;32767
753 NONE 0;0 0;32767
754 NONE 0;0 0;32767
755 NONE 0;0 0;32767
756 NONE 0;0 0;32767
757 NONE 0;0 0;32767
758 NONE 0;0 0;32767
759 NONE 0;0 0;32767
760 NONE 0;0 0;32767
761 NONE 0;0 0;32767
762 NONE 0;0 0;32767
763 NONE 0;0 0;32767
764 NONE 0;0 0;32767
765 NONE 0;0 0;32767
766 NONE 0;0 0;32767
767 NONE 0;0 0;32767
768 NONE 0;0 0;32767
769 NONE 0;0 0;32767
770 NONE 0;0 0;32767
771 NONE 0;0 0;32767
772 NONE 0;0 0;32767
773 NONE 0;0 0;32767
774 NONE 0;0 0;32767
775 NONE 0;0 0;32767
776 NONE 0;0 0;32767
777 NONE 0;0 0;32767
778 NONE 0;0 0;32767
779 NONE 0;0 0;32767
780 NONE 0;0 0;32767
781 NONE 0;0 0;32767
782 NONE 0;0 0;32767
783 NONE 0;0 0;32767
784 NONE 0;0 0;32767
785 NONE 0;0 0;32767
786 NONE 0;0 0;32767
787 NONE 0;0 0;32767
788 NONE 0;0 0;32767
789 NONE 0;0 0;32767
790 NONE 0;0 0;32767
791 NONE 0;0 0;32767
792 NONE 0;0 0;32767
793 NONE 0;0 0;32767
794 NONE 0;0 0;32767
795 NONE 0;0 0;32767
796 NONE 0;0 0;32767
797 NONE 0;0 0;32767
798 NONE 0;0 0;32767
799 NONE 0;0 0;32767
800 NONE 0;0 0;32767
801 NONE 0;0 0;32767
802 NONE 0;0 0;32767
803 NONE 0;0 0;32767
804 NONE 0;0 0;32767
805 NONE 0;0 0;32767
806 NONE 0;0 0;32767
807 NONE 0;0 0;32767
808 NONE 0;0 0;32767
809 NONE 0;0 0;32767
810 NONE 0;0 0;32767
811 NONE 0;0 0;32767
812 NONE 0;0 0;32767
813 NONE 0;0 0;32767
814 NONE 0;0 0;32767
815 NONE 0;0 0;32767
816 NONE 0;0 0;32767
817 NONE 0;0 0;32767
818 NONE 0;0 0;32767
819 NONE 0;0 0;32767
820 NONE 32767;0 0;0
821 NONE -16383;28377 0;0
822 NONE -16383;-28377 0;0
823 NONE 32767;0 0;0
824 NONE -16383;28377 0;0
825 NONE -16383;-28377 0;0
826 NONE 32767;0 0;0
827 NONE -16383;28377 0;0
828 NONE -16383;-28377 0;0
829 NONE 32767;0 0;0
830 NONE -16383;28377 0;0
831 NONE -16383;-28377 0;0
832 NONE 32767;0 0;0
833 NONE -16383;28377 0;0
834 NONE -16383;-28377 0;0
835 NONE 32767;0 0;0
836 NONE -16383;28377 0;0
837 NONE -16383;-28377 0;0
838 NONE 32767;0 0;0
839 NONE -16383;28377 0;0
840 NONE -16383;-28377 0;0
841 NONE 32767;0 0;0
842 NONE -16383;28377 0;0
843 NONE -16383;-28377 0;0
844 NONE 32767;0 0;0
845 NONE -16383;28377 0;0
846 NONE -16383;-28377 0;0
847 NONE 32767;0 0;0
848 NONE -16383;28377 0;0
849 NONE -16383;-28377 0;0
850 NONE 32767;0 0;0
851 NONE -16383;28377 0;0
852 NONE -16383;-28377 0;0
853 NONE 32767;0 0;0
854 NONE -16383;28377 0;0
855 NONE -16383;-28377 0;0
856 NONE 32767;0 0;0
857 NONE -16383;28377 0;0
858 NONE -16383;-28377 0;0
859 NONE 32767;0 0;0
860 NONE -16383;28377 0;0
861 NONE -16383;-28377 0;0
862 NONE -32767;0 0;0
863 NONE -32767;0 0;0
864 NONE -32767;0 0;0
865 NONE -32767;0 0;0
866 NONE -32767;0 0;0
867 NONE -32767;0 0;0
868 NONE -32767;0 0;0
869 NONE -32767;0 0;0
870 NONE -32767;0 0;0
871 NONE -32767;0 0;0
872 NONE -32767;0 0;0
873 NONE -32767;0 0;0
874 NONE -32767;0 0;0
875 NONE -32767;0 0;0
876 NONE -32767;0 0;0
877 NONE -32767;0 0;0
878 KEY_B -32767;0 0;0
879 KEY_ZR -32767;0 0;0
880 KEY_ZR -32767;0 0;0
881 KEY_ZR -32767;0 0;0
882 KEY_ZR -32767;0 0;0
883 KEY_ZR -32767;0 0;0
884 KEY_ZR -32767;0 0;0
885 KEY_ZR -32767;0 0;0
886 KEY_Y;KEY_ZR -32767;0 0;0
887 NONE -32767;0 0;0
888 NONE -32767;0 0;0
889 NONE -32767;0 0;0
890 NONE -32767;0 0;0
891 NONE -32767;0 0;0
892 KEY_B;KEY_DDOWN -32767;0 0;0
893 NONE -32760;-514 0;0
894 NONE -32760;-514 0;0
895 NONE -32760;-514 0;0
896 NONE -32760;-514 0;0
897 NONE -32760;-514 0;0
898 NONE -32760;-514 0;0
899 NONE -32760;-514 0;0
900 NONE -32760;-514 0;0
901 NONE -32760;-514 0;0
902 NONE -32760;-514 0;0
903 NONE -32760;-514 0;0
904 NONE -32760;-514 0;0
905 NONE -32760;-514 0;0
906 NONE -32760;-514 0;0
907 NONE -32760;-514 0;0
908 NONE -32760;-514 0;0
909 NONE -32760;-514 0;0
910 NONE -32760;-514 0;0
911 NONE -32760;-514 0;0
912 NONE -32760;-514 0;0
913 NONE -32760;-514 0;0
914 NONE -32760;-514 0;0
915 NONE -32760;-514 0;0
916 NONE -32760;-514 0;0
917 NONE -32760;-514 0;0
918 NONE -32760;-514 0;0
919 NONE -32760;-514 0;0
920 NONE -32760;-514 0;0
921 NONE -32760;-514 0;0
922 NONE -32760;-514 0;0
923 NONE -32760;-514 0;0
924 NONE -32760;-514 0;0
925 NONE -32760;-514 0;0
926 NONE -32760;-514 0;0
927 NONE -32760;-514 0;0
928 NONE -32760;-514 0;0
929 NONE -32760;-514 0;0
930 NONE -32760;-514 0;0
931 NONE -32760;-514 0;0
932 NONE -32760;-514 0;0
933 NONE -32760;-514 0;0
934 NONE -32760;-514 0;0
935 NONE -32760;-514 0;0
936 NONE -32760;-514 0;0
937 NONE -32760;-514 0;0
938 NONE -32760;-514 0;0
939 NONE -32760;-514 0;0
940 NONE -32760;-514 0;0
941 NONE -32760;-514 0;0
942 NONE -32760;-514 0;0
943 NONE -32760;-514 0;0
944 NONE -32760;-514 0;0
945 NONE -32760;-514 0;0
946 NONE -32760;-514 0;0
947 NONE -32760;-514 0;0
948 KEY_L;KEY_DDOWN -32760;-514 0;0
949 KEY_X -32760;-514 0;0
950 KEY_X -32760;-514 0;0
951 KEY_X -32760;-514 0;0
952 KEY_X -32760;-514 0;0
953 KEY_X -32760;-514 0;0
954 KEY_X -32760;-514 0;0
955 KEY_X -32760;-514 0;0
956 KEY_X -32760;-514 0;0
957 KEY_X;KEY_ZR -32760;-514 0;0
958 KEY_X;KEY_Y;KEY_ZR -32760;-514 0;0
959 KEY_X -32760;-514 0;0
960 KEY_X -32760;-514 0;0
961 KEY_X -32760;-514 0;0
962 KEY_X -32760;-514 0;0
963 KEY_X -32760;-514 0;0
964 KEY_X -32760;-514 0;0
965 KEY_X -32760;-514 0;0
966 KEY_X -32760;-514 0;0
967 KEY_X -32760;-514 0;0
968 KEY_X -32760;-514 0;0
969 KEY_X -32760;-514 0;0
970 KEY_X -32760;-514 0;0
971 KEY_X -32760;-514 0;0
972 KEY_X -32760;-514 0;0
973 KEY_X -32760;-514 0;0
974 KEY_X -32760;-514 0;0
975 KEY_X -32760;-514 0;0
976 KEY_X -32760;-514 0;0
977 KEY_X -32760;-514 0;0
978 KEY_X -32760;-514 0;0
979 KEY_X -32760;-514 0;0
980 KEY_X -32760;-514 0;0
981 KEY_X -32760;-514 0;0
982 KEY_X -32760;-514 0;0
983 KEY_X -32760;-514 0;0
984 KEY_X -32760;-514 0;0
985 KEY_X -32760;-514 0;0
986 KEY_X -32760;-514 0;0
987 KEY_X -32760;-514 0;0
988 KEY_X -32760;-514 0;0
989 KEY_X -32760;-514 0;0
990 KEY_X -32760;-514 0;0
991 KEY_X -32760;-514 0;0
992 KEY_X -32760;-514 0;0
993 KEY_X -32760;-514 0;0
994 KEY_X -32760;-514 0;0
995 KEY_X -32760;-514 0;0
996 KEY_X -32760;-514 0;0
997 KEY_X -32760;-514 0;0
998 KEY_X -32760;-514 0;0
999 KEY_X -32760;-514 0;0
1000 NONE -32760;-514 0;0
1001 NONE -32760;-514 0;0
1002 NONE -32760;-514 0;0
1003 NONE -32760;-514 0;0
1004 NONE -32760;-514 0;0
1005 KEY_L;KEY_DDOWN -32760;-514 0;0
1006 NONE -32760;-514 0;0
1007 NONE -32760;-514 0;0
1008 NONE -32760;-514 0;0
1009 NONE -32760;-514 0;0
1010 NONE -32760;-514 0;0
1011 NONE -32760;-514 0;0
1012 NONE -32760;-514 0;0
1013 NONE -32760;-514 0;0
1014 NONE -32760;-514 0;0
1015 KEY_ZR -32760;-514 0;0
1016 KEY_Y;KEY_ZR -32760;-514 0;0
1017 KEY_R;KEY_DDOWN -32760;-514 0;0
1018 NONE -32760;-514 0;0
1019 NONE -32760;-514 0;0
1020 NONE -32760;-514 0;0
1021 NONE -32760;-514 0;0
1022 NONE -32766;0 0;0
1023 NONE -16383;28377 0;0
1024 NONE -16383;-28377 0;0
1025 NONE 32766;0 0;0
1026 NONE -16383;28377 0;0
1027 NONE -16383;-28377 0;0
1028 NONE 32766;0 0;0
1029 NONE -16383;28377 0;0
1030 NONE -16383;-28377 0;0
1031 NONE 32766;0 0;0
1032 NONE -16383;28377 0;0
1033 NONE -16383;-28377 0;0
1034 NONE 32766;0 0;0
1035 NONE -16383;28377 0;0
1036 NONE -16383;-28377 0;0
1037 NONE 32766;0 0;0
1038 NONE -16383;28377 0;0
1039 NONE -16383;-28377 0;0
1040 NONE 32766;0 0;0
1041 NONE -16383;28377 0;0
1042 NONE -16383;-28377 0;0
1043 NONE 32766;0 0;0
1044 NONE -16383;28377 0;0
1045 NONE -16383;-28377 0;0
1046 KEY_B -32766;0 0;0
1047 KEY_ZR -32766;0 0;0
1048 KEY_ZR -32766;0 0;0
1049 KEY_ZR -32766;0 0;0
1050 KEY_ZR -32766;0 0;0
1051 KEY_ZR -32766;0 0;0
1052 KEY_ZR -32767;0 0;0
1053 KEY_ZR -32767;0 0;0
1054 KEY_Y;KEY_ZR -32767;0 0;0
1055 NONE 10108;-31168 0;0
1056 KEY_B;KEY_DLEFT 10108;-31168 0;0
1057 NONE 10108;-31168 -32767;0
1058 NONE -32766;0 -32767;0
1059 NONE -32766;0 -32767;0
1060 NONE -32745;-1183 -32767;0
1061 KEY_A -32745;-1183 -32767;0
1062 KEY_A -32745;-1183 -32767;0
1063 KEY_A -32745;-1183 -32767;0
1064 KEY_A -32745;-1183 -32767;0
1065 KEY_A -32745;-1183 -32767;0
1066 KEY_A -32745;-1183 -32767;0
1067 KEY_A -32745;-1183 -32767;0
1068 KEY_A -32745;-1183 -32767;0
1069 KEY_A -32745;-1183 -32767;0
1070 KEY_A -32745;-1183 -32767;0
1071 KEY_A -32745;-1183 -32767;0
1072 NONE -32745;-1183 -32767;0
1073 NONE -32745;-1183 -32767;0
1074 NONE -32745;-1183 -32767;0
1075 NONE -32745;-1183 -32767;0
1076 NONE -32745;-1183 -32767;0
1077 NONE -32745;-1183 -32767;0
1078 NONE -32745;-1183 -32767;0
1079 NONE -32745;-1183 -32767;0
1080 NONE -32745;-1183 -32767;0
1081 NONE -4684;32430 -32767;0
1082 NONE -4684;32430 -32767;0
1083 NONE -4684;32430 -32767;0
1084 NONE -4684;32430 -32767;0
1085 NONE -4684;32430 -32767;0
1086 NONE -4684;32430 -32767;0
1087 NONE -4684;32430 -32767;0
1088 NONE -4684;32430 -32767;0
1089 NONE -4684;32430 -32767;0
1090 NONE -4684;32430 -32767;0
1091 NONE -4684;32430 -32767;0
1092 NONE -4684;32430 -32767;0
1093 NONE -4684;32430 -32767;0
1094 NONE -4684;32430 -32767;0
1095 NONE -22546;23776 -32767;0
1096 KEY_A -22546;23776 -32767;0
1097 KEY_A -22546;23776 -32767;0
1098 KEY_A -30136;12862 -32767;0
1099 KEY_A -30136;12862 -32767;0
1100 KEY_A -30136;12862 -32767;0
1101 KEY_A -30136;12862 -32767;0
1102 KEY_A -30136;12862 -32767;0
1103 KEY_A -30136;12862 -32767;0
1104 NONE -30136;12862 -32767;0
1105 NONE -30136;12862 -32767;0
1106 NONE -30136;12862 -32767;0
1107 NONE -30136;12862 -32767;0
1108 NONE -30136;12862 -32767;0
1109 NONE -30136;12862 -32767;0
1110 NONE -30136;12862 -32767;0
1111 NONE -30136;12862 -32767;0
1112 NONE -30136;12862 0;0
1113 NONE -30136;12862 0;0
1114 NONE -30136;12862 0;0
1115 NONE -30136;12862 0;0
1116 NONE -30136;12862 0;0
1117 NONE -30136;12862 0;0
1118 NONE -30136;12862 0;0
1119 NONE -30136;12862 0;0
1120 NONE -30136;12862 0;0
1121 NONE -30136;12862 0;0
1122 NONE -30136;12862 0;0
1123 NONE -30136;12862 0;0
1124 NONE -30136;12862 0;0
1125 NONE -30136;12862 0;0
1126 NONE -30136;12862 0;0
1127 NONE -30136;12862 0;0
1128 NONE -30136;12862 0;0
1129 NONE -30136;12862 0;0
1130 NONE -30136;12862 0;0
1131 NONE -30136;12862 0;0
1132 NONE -30136;12862 0;0
1133 NONE -30136;12862 0;0
1134 NONE -30136;12862 0;0
1135 NONE -30136;12862 0;0
1136 NONE -30136;12862 0;0
1137 NONE -30136;12862 0;0
1138 NONE -30136;12862 0;0
1139 NONE -30136;12862 0;0
1140 NONE -30136;12862 0;0
1141 NONE -30136;12862 0;0
1142 NONE -30136;12862 0;0
1143 NONE -30136;12862 0;0
1144 NONE -30136;12862 0;0
1145 NONE -30136;12862 0;0
1146 NONE -30136;12862 0;0
1147 NONE -30136;12862 0;0
1148 NONE -30136;12862 0;0
1149 NONE -30136;12862 0;0
1150 NONE -30136;12862 0;0
1151 NONE -30136;12862 0;0
1152 NONE -30136;12862 0;0
1153 NONE -30136;12862 0;0
1154 NONE -30136;12862 0;0
1155 NONE -30136;12862 0;0
1156 NONE -30136;12862 0;0
1157 NONE -30136;12862 0;0
1158 NONE -30136;12862 0;0
1159 NONE -30136;12862 0;0
1160 NONE -30136;12862 0;0
1161 NONE -30136;12862 0;0
1162 NONE -30136;12862 0;0
1163 NONE -30136;12862 0;0
1164 NONE -30136;12862 0;0
1165 NONE -30136;12862 0;0
1166 NONE -30136;12862 0;0
1167 NONE -30136;12862 0;0
1168 NONE -30136;12862 0;0
1169 NONE -30136;12862 0;0
1170 NONE -30136;12862 0;0
1171 NONE -30136;12862 0;0
1172 NONE -30136;12862 0;0
1173 NONE -30136;12862 0;0
1174 NONE -32766;0 0;0
1175 NONE -32766;0 0;0
1176 NONE -32766;0 0;0
1177 NONE -32766;0 0;0
1178 NONE -32766;0 0;0
1179 NONE -32766;0 0;0
1180 NONE -32766;0 0;0
1181 NONE -32766;0 0;0
1182 NONE -32766;0 0;0
1183 NONE -32766;0 0;0
1184 NONE -32766;0 0;0
1185 NONE -32766;0 0;0
1186 NONE -32766;0 0;0
1187 NONE -32766;0 0;0
1188 NONE -32766;0 0;0
1189 NONE -32766;0 0;0
1190 NONE -32766;0 0;0
1191 NONE -32766;0 0;0
1192 NONE -32766;0 0;0
1193 NONE -32766;0 0;0
1194 NONE -32766;0 0;0
1195 NONE -32766;0 0;0
1196 NONE -32766;0 0;0
1197 NONE -32766;0 0;0
1198 NONE -32766;0 0;0
1199 NONE -32766;0 0;0
1200 NONE -32766;0 0;0
1201 NONE -32766;0 0;0
1202 NONE -32766;0 0;0
1203 NONE -32766;0 0;0
1204 NONE -32766;0 0;0
1205 NONE -32766;0 0;0
1206 NONE -32766;0 0;0
1207 NONE -32766;0 0;0
1208 NONE -32766;0 0;0
1209 NONE -32766;0 0;0
1210 NONE 0;32766 0;0
1211 NONE 0;32766 0;0
1212 NONE 0;32766 0;0
1213 NONE 0;32766 0;0
1214 NONE 0;32766 0;0
1215 NONE 0;32766 0;0
1216 NONE 0;32766 0;0
1217 NONE 0;32766 0;0
1218 NONE 0;32766 0;0
1219 NONE 0;32766 0;0
1220 NONE 0;32766 0;0
1221 NONE 0;32766 0;0
1222 NONE 0;32766 0;0
1223 NONE 0;32766 0;0
1224 NONE 0;32766 0;0
1225 NONE 0;32766 0;0
1226 NONE 0;32766 0;0
1227 NONE 0;32766 0;0
1228 NONE 0;32766 0;0
1229 NONE 0;32766 0;0
1230 NONE 0;32766 0;0
1231 NONE 0;32766 0;0
1232 NONE 0;32766 0;0
1233 NONE 0;32766 0;0
1234 NONE 0;32766 0;0
1235 NONE 0;32766 0;0
1236 NONE 0;32766 0;0
1237 NONE 0;32766 0;0
1238 NONE 0;32766 0;0
1239 NONE 0;32766 0;0
1240 NONE 0;32766 0;0
1241 NONE 0;32766 0;0
1242 NONE 0;32766 0;0
1243 NONE 0;32766 0;0
1244 NONE 0;32766 0;0
1245 NONE 0;32766 0;0
1246 NONE 0;32766 0;0
1247 NONE 0;32766 0;0
1248 NONE 0;32766 0;0
1249 NONE 0;32766 0;0
1250 NONE 0;32766 0;0
1251 NONE 0;32766 0;0
1252 NONE 0;32766 0;0
1253 NONE 0;32766 0;0
1254 NONE 0;32766 0;0
1255 NONE 0;32766 0;0
1256 NONE 0;32766 0;0
1257 NONE 0;32766 0;0
1258 NONE 0;32766 0;0
1259 NONE 0;32766 0;0
1260 NONE 0;32766 0;0
1261 NONE 0;32766 0;0
1262 NONE 0;32766 0;0
1263 NONE 0;32766 0;0
1264 NONE 0;32766 0;0
1265 NONE 0;32766 0;0
1266 NONE 0;32766 0;0
1267 NONE 0;32766 0;0
1268 NONE 0;32766 0;0
1269 NONE 0;32766 0;0
1270 NONE 0;32766 0;0
1271 NONE 0;32766 0;0
1272 NONE 0;32766 0;0
1273 NONE 0;32766 0;0
1274 NONE 0;32766 0;0
1275 NONE 0;32766 0;0
1276 NONE 0;32766 0;0
1277 NONE 0;32766 0;0
1278 NONE 0;32766 0;0
1279 NONE 0;32766 0;0
1280 NONE 0;32766 0;0
1281 NONE 0;32766 0;0
1282 NONE 0;32766 0;0
1283 NONE 0;32766 0;0
1284 NONE 0;32766 0;0
1285 NONE 0;32766 0;0
1286 NONE 0;32766 0;0
1287 NONE 0;32766 0;0
1288 NONE 0;32766 0;0
1289 NONE 0;32766 0;0
1290 NONE 0;32766 0;0
1291 NONE 0;32766 0;0
1292 NONE 0;32766 0;0
1293 NONE 0;32766 0;0
1294 NONE 0;32766 0;0
1295 NONE 0;32766 0;0
1296 NONE 0;32766 0;0
1297 NONE 0;32766 0;0
1298 NONE 0;32766 0;0
1299 NONE 0;32766 0;0
1300 NONE 0;32766 0;0
1301 NONE 0;32766 0;0
1302 NONE 0;32766 0;0
1303 NONE 0;32766 0;0
1304 NONE 0;32766 0;0
1305 NONE 0;32766 0;0
1306 NONE 0;32766 0;0
1307 NONE 0;32766 0;0
1308 NONE 0;32766 0;0
1309 NONE 0;32766 0;0
1310 NONE 0;32766 0;0
1311 NONE 0;32766 0;0
1312 NONE 0;32766 0;0
1313 NONE 0;32766 0;0
1314 NONE 0;32766 0;0
1315 NONE 0;32766 0;0
1316 NONE 0;32766 0;0
1317 NONE 0;32766 0;0
1318 NONE 0;32766 0;0
1319 NONE 0;32766 0;0
1320 NONE 0;32766 0;0
1321 NONE 0;32766 0;0
1322 NONE 0;32766 0;0
1323 NONE 0;32766 0;0
1324 NONE 0;32766 0;0
1325 NONE 0;32766 0;0
1326 NONE 0;32766 0;0
1327 NONE 0;32766 0;0
1328 NONE 0;32766 0;0
1329 NONE 0;32766 0;0
1330 NONE 0;32766 0;0
1331 NONE 0;32766 0;0
1348 KEY_MINUS 0;0 0;0
