0 NONE 27788;-17363 0;0
1 NONE 0;32767 0;0
2 NONE -28377;-16383 0;0
3 NONE 27788;-17363 0;0
4 NONE 0;32767 0;0
5 NONE -28377;-16383 0;0
6 NONE 27788;-17363 0;0
7 NONE 0;32767 0;0
8 NONE -28377;-16383 0;0
9 NONE 27788;-17363 0;0
10 NONE 0;32767 0;0
11 NONE -28377;-16383 0;0
12 NONE 27788;-17363 0;0
13 NONE 0;32767 0;0
14 NONE -28377;-16383 0;0
15 NONE 27788;-17363 0;0
16 NONE 0;32767 0;0
17 NONE -28377;-16383 0;0
18 NONE 27788;-17363 0;0
19 NONE 0;32767 0;0
20 NONE -28377;-16383 0;0
21 NONE 27788;-17363 0;0
22 NONE 0;32767 0;0
23 NONE -28377;-16383 0;0
24 NONE 27788;-17363 0;0
25 NONE 0;32767 0;0
26 NONE -28377;-16383 0;0
27 NONE 27788;-17363 0;0
28 NONE 0;32767 0;0
29 NONE -28377;-16383 0;0
30 NONE 27788;-17363 0;0
31 NONE 0;32767 0;0
32 NONE -28377;-16383 0;0
33 NONE 27788;-17363 0;0
34 NONE 0;32767 0;0
35 NONE -28377;-16383 0;0
36 NONE 27788;-17363 0;0
37 NONE 0;32767 0;0
38 NONE -28377;-16383 0;0
39 NONE 27788;-17363 0;0
40 NONE 0;32767 0;0
41 NONE -28377;-16383 0;0
42 NONE 27788;-17363 0;0
43 NONE 0;32767 0;0
44 NONE -28377;-16383 0;0
45 NONE 28377;-16383 0;0
46 NONE 0;32765 0;0
47 NONE 27788;-17363 0;0
48 NONE -12274;30379 0;0
49 KEY_B -12274;30379 0;0
50 KEY_ZL -12274;30379 0;0
51 KEY_ZL -12274;30379 0;0
52 KEY_X;KEY_ZL -12274;30379 0;0
53 KEY_Y;KEY_ZL -12274;30379 0;0
54 KEY_X;KEY_ZL -12274;30379 0;0
55 KEY_Y;KEY_ZL -12274;30379 0;0
56 KEY_X;KEY_ZL -12274;30379 0;0
57 KEY_Y;KEY_ZL -12274;30379 0;0
58 KEY_ZL -12274;30379 0;0
59 KEY_ZL -12274;30379 0;0
60 KEY_ZL -12274;30379 0;0
61 KEY_ZL -12274;30379 0;0
62 KEY_ZL -12274;30379 0;0
63 KEY_ZL -12274;30379 0;0
64 KEY_ZL -12274;30379 0;0
65 KEY_ZL -12274;30379 0;0
66 KEY_ZL -12274;30379 0;0
67 KEY_ZL -12274;30379 0;0
68 KEY_ZL -12274;30379 0;0
69 KEY_ZL -12274;30379 0;0
70 KEY_ZL -12274;30379 0;0
71 KEY_ZL -12274;30379 0;0
72 KEY_ZL -12274;30379 0;0
73 KEY_ZL -12274;30379 0;0
74 KEY_ZL -12274;30379 0;0
75 KEY_ZL -12274;30379 0;0
76 KEY_ZL -12274;30379 0;0
77 KEY_ZL -12274;30379 0;0
78 KEY_ZL -12274;30379 0;0
79 KEY_ZL -12274;30379 0;0
80 KEY_ZL -12274;30379 0;0
81 KEY_ZL -12274;30379 0;0
82 KEY_ZL -12274;30379 0;0
83 KEY_ZL -12274;30379 0;0
84 KEY_ZL -12274;30379 0;0
85 KEY_ZL -12274;30379 0;0
86 KEY_ZL -12274;30379 0;0
87 KEY_ZL -12274;30379 0;0
88 KEY_ZL -12274;30379 0;0
89 KEY_ZL -12274;30379 0;0
90 KEY_ZL -12274;30379 0;0
91 KEY_ZL -12274;30379 0;0
92 KEY_ZL -12274;30379 0;0
93 KEY_ZL -12274;30379 0;0
94 KEY_ZL -12274;30379 0;0
95 KEY_ZL -12274;30379 0;0
96 KEY_ZL -12274;30379 0;0
97 NONE -12274;30379 0;0
98 NONE -12274;30379 0;0
99 NONE -12274;30379 0;0
100 NONE -12274;30379 0;0
101 NONE -12274;30379 0;0
102 NONE -12274;30379 0;0
103 NONE -12274;30379 0;0
104 NONE -12274;30379 0;0
105 KEY_B -12274;30379 0;0
106 NONE -12274;30379 0;0
107 NONE -12274;30379 0;0
108 NONE -12274;30379 0;0
109 NONE -12274;30379 0;0
110 NONE -5688;32269 0;0
111 NONE -5688;32269 0;0
112 NONE -5688;32269 0;0
113 NONE -5688;32269 0;0
114 NONE -5688;32269 0;0
115 NONE -5688;32269 0;0
116 NONE -5688;32269 0;0
117 NONE -2285;32683 0;0
118 NONE -2285;32683 0;0
119 NONE -2285;32683 0;0
120 NONE -2285;32683 0;0
121 NONE -2285;32683 0;0
122 NONE -2285;32683 0;0
123 NONE -2285;32683 0;0
124 NONE -2285;32683 0;0
125 NONE -2285;32683 0;0
126 NONE -2285;32683 0;0
127 NONE -2285;32683 0;0
128 NONE -2285;32683 0;0
129 NONE -2285;32683 0;0
130 NONE -2285;32683 0;0
131 NONE -2285;32683 0;0
132 KEY_B -2285;32683 0;0
133 NONE -2285;32683 0;0
134 NONE -2285;32683 0;0
135 NONE -2285;32683 0;0
136 NONE -2285;32683 0;0
137 NONE -2285;32683 0;0
138 NONE -2285;32683 0;0
139 NONE -2285;32683 0;0
140 NONE -2285;32683 0;0
141 NONE -2285;32683 0;0
142 NONE -2285;32683 0;0
143 NONE -2285;32683 0;0
144 NONE -2285;32683 0;0
145 NONE -2285;32683 0;0
146 NONE -2285;32683 0;0
147 NONE -2285;32683 0;0
148 NONE -2285;32683 0;0
149 NONE -2285;32683 0;0
150 NONE -2285;32683 0;0
151 NONE -2285;32683 0;0
152 NONE -2285;32683 0;0
153 NONE -2285;32683 0;0
154 NONE -2285;32683 0;0
155 NONE -2285;32683 0;0
156 NONE -2285;32683 0;0
157 NONE -2285;32683 0;0
158 NONE -2285;32683 0;0
159 NONE -2285;32683 0;0
160 NONE -2285;32683 0;0
161 NONE -2285;32683 0;0
162 NONE -2285;32683 0;0
163 NONE -2285;32683 0;0
164 KEY_B 32722;1713 0;0
165 KEY_B 32722;1713 0;0
166 KEY_B 32722;1713 0;0
167 KEY_B 32722;1713 0;0
168 KEY_B 32722;1713 0;0
169 KEY_B 32722;1713 0;0
170 KEY_B 32722;1713 0;0
171 KEY_B 32722;1713 0;0
172 KEY_B 32722;1713 0;0
173 KEY_B 32722;1713 0;0
174 NONE 32722;1713 0;0
175 NONE 32722;1713 0;0
176 NONE 32722;1713 0;0
177 NONE 32722;1713 0;0
178 NONE 32722;1713 0;0
179 NONE 32722;1713 0;0
180 NONE 32722;1713 0;0
181 NONE 32722;1713 0;0
182 NONE 32722;1713 0;0
183 NONE 32722;1713 0;0
184 NONE 32722;1713 0;0
185 NONE 32722;1713 0;0
186 NONE 32722;1713 0;0
187 NONE 32722;1713 0;0
188 NONE 32722;1713 0;0
189 NONE 32722;1713 0;0
190 NONE 32722;1713 0;0
191 NONE 32722;1713 0;0
192 NONE 32722;1713 0;0
193 NONE 32722;1713 0;0
194 NONE 32722;1713 0;0
195 NONE 32722;1713 0;0
196 NONE 32722;1713 0;0
197 NONE 32722;1713 0;0
198 NONE 32722;1713 0;0
199 NONE 32722;1713 0;0
200 NONE 32722;1713 0;0
201 NONE 32722;1713 0;0
202 NONE 32722;1713 0;0
203 NONE 32722;1713 0;0
204 NONE 32722;1713 0;0
205 NONE 32722;1713 0;0
206 KEY_L 32722;1713 0;0
207 NONE 5688;32269 0;0
208 NONE 5688;32269 0;0
209 NONE 5688;32269 0;0
210 NONE 5688;32269 0;0
211 NONE 5688;32269 0;0
212 NONE 5688;32269 0;0
213 NONE 5688;32269 0;0
214 KEY_ZL 5688;32269 0;0
215 KEY_Y 5688;32269 0;0
216 KEY_Y 5688;32269 0;0
217 KEY_Y 5688;32269 0;0
218 KEY_Y 5688;32269 0;0
219 KEY_Y 5688;32269 0;0
220 KEY_Y 5688;32269 0;0
221 KEY_Y 5688;32269 0;0
222 KEY_Y 5688;32269 0;0
223 KEY_Y 5688;32269 0;0
224 KEY_Y 5688;32269 0;0
225 KEY_Y 5688;32269 0;0
226 KEY_Y 5688;32269 0;0
227 KEY_Y 5688;32269 0;0
228 KEY_Y 5688;32269 0;0
229 KEY_Y 5688;32269 0;0
230 KEY_Y 5688;32269 0;0
231 KEY_Y 5688;32269 0;0
232 KEY_Y 5688;32269 0;0
233 KEY_Y 5688;32269 0;0
234 KEY_Y 5688;32269 0;0
235 KEY_Y 5688;32269 0;0
236 KEY_Y 5688;32269 0;0
237 KEY_Y 5688;32269 0;0
238 KEY_Y 5688;32269 0;0
239 KEY_Y 5688;32269 0;0
240 KEY_Y 5688;32269 0;0
241 KEY_Y 5688;32269 0;0
242 KEY_Y 5688;32269 0;0
243 KEY_Y 5688;32269 0;0
244 KEY_Y 5688;32269 0;0
245 NONE 5688;32269 0;0
246 NONE 5688;32269 0;0
247 NONE 5688;32269 0;0
248 NONE 5688;32269 0;0
249 NONE 5688;32269 0;0
250 NONE 5688;32269 0;0
251 NONE 5688;32269 0;0
252 NONE 5688;32269 0;0
253 NONE 5688;32269 0;0
254 NONE 5688;32269 0;0
255 NONE 5688;32269 0;0
256 NONE 5688;32269 0;0
257 NONE 5688;32269 0;0
258 NONE 5688;32269 0;0
259 NONE 5688;32269 0;0
260 KEY_ZL 0;32767 0;0
261 KEY_Y 0;32767 0;0
262 NONE 0;32767 0;0
263 NONE 0;32767 0;0
264 NONE 0;32767 0;0
265 NONE 0;32767 0;0
266 NONE 0;32767 0;0
267 NONE 0;32767 0;0
268 NONE 0;32767 0;0
269 NONE -28377;16382 0;0
270 NONE 0;-32767 0;0
271 NONE 28377;16382 0;0
272 NONE -28377;16382 0;0
273 NONE 0;-32767 0;0
274 NONE 28377;16382 0;0
275 NONE -28377;16382 0;0
276 NONE 0;-32767 0;0
277 NONE 28377;16382 0;0
278 NONE -28377;16382 0;0
279 NONE 0;-32767 0;0
280 NONE 28377;16382 0;0
281 KEY_B 0;32767 0;0
282 KEY_ZL 5689;32269 0;0
283 KEY_ZL 5689;32269 0;0
284 KEY_ZL 5689;32269 0;0
285 KEY_B 5689;32269 0;0
286 NONE 5689;32269 0;0
287 NONE 5689;32269 0;0
288 NONE 5689;32269 0;0
289 NONE 5689;32269 0;0
290 NONE 5689;32269 0;0
291 NONE 5689;32269 0;0
292 NONE 5689;32269 0;0
293 NONE 5689;32269 0;0
294 NONE 5689;32269 0;0
295 NONE 5689;32269 0;0
296 NONE 5689;32269 0;0
297 NONE 5689;32269 0;0
298 NONE 5689;32269 0;0
299 NONE 5689;32269 0;0
300 NONE 5689;32269 0;0
301 NONE 5689;32269 0;0
302 NONE 5689;32269 0;0
303 NONE 5689;32269 0;0
304 NONE 5689;32269 0;0
305 NONE 5689;32269 0;0
306 NONE 5689;32269 0;0
307 NONE 5689;32269 0;0
308 NONE 5689;32269 0;0
309 NONE 5689;32269 0;0
310 NONE 5689;32269 0;0
311 NONE 5689;32269 0;0
312 NONE 5689;32269 0;0
313 NONE 5689;32269 0;0
314 KEY_L 5689;32269 0;0
315 NONE 5689;32269 0;0
316 NONE 5689;32269 0;0
317 NONE 5689;32269 0;0
318 NONE 5689;32269 0;0
319 NONE 5689;32269 0;0
320 NONE 5689;32269 0;0
321 NONE 5689;32269 0;0
322 NONE 5689;32269 0;0
323 NONE 5689;32269 0;0
324 NONE 5689;32269 0;0
325 NONE 5689;32269 0;0
326 KEY_ZL 5689;32269 0;0
327 KEY_Y 0;0 0;0
328 KEY_Y 0;0 0;0
329 KEY_Y 0;0 0;0
330 KEY_Y 0;0 0;0
331 KEY_Y 0;0 0;0
332 KEY_Y 0;0 0;0
333 KEY_Y 0;0 0;0
334 KEY_Y 0;0 0;0
335 KEY_Y 0;0 0;0
336 KEY_Y 0;0 0;0
337 KEY_Y 0;0 0;0
338 KEY_Y 0;0 0;0
339 KEY_Y 0;0 0;0
340 KEY_Y 0;0 0;0
341 KEY_Y 0;0 0;0
342 KEY_Y 0;0 0;0
343 KEY_Y 0;0 0;0
344 KEY_Y 0;0 0;0
345 KEY_Y 0;0 0;0
346 KEY_Y 0;0 0;0
347 KEY_Y 0;0 0;0
348 KEY_Y 0;0 0;0
349 KEY_Y 0;0 0;0
350 KEY_Y 0;0 0;0
351 KEY_Y 0;0 0;0
352 KEY_Y 0;0 0;0
353 KEY_Y 0;0 0;0
354 KEY_Y 0;0 0;0
355 KEY_Y 0;0 0;0
356 KEY_Y 0;0 0;0
357 KEY_Y 0;0 0;0
367 KEY_Y 0;0 0;0
368 NONE 5688;32269 0;0
369 NONE 5688;32269 0;0
370 NONE 5688;32269 0;0
371 NONE 5688;32269 0;0
372 NONE 5688;32269 0;0
373 NONE 5688;32269 0;0
374 NONE 5688;32269 0;0
375 NONE 5688;32269 0;0
376 NONE 5688;32269 0;0
377 NONE 5688;32269 0;0
378 NONE 5688;32269 0;0
379 NONE 5688;32269 0;0
380 NONE 5688;32269 0;0
381 NONE 5688;32269 0;0
382 NONE 5688;32269 0;0
383 NONE 5688;32269 0;0
384 NONE 5688;32269 0;0
385 NONE 5688;32269 0;0
386 NONE 5688;32269 0;0
387 NONE 5688;32269 0;0
388 NONE 5688;32269 0;0
389 NONE 5688;32269 0;0
390 KEY_B 5688;32269 0;0
391 NONE 5688;32269 0;0
392 NONE 5688;32269 0;0
393 NONE 5688;32269 0;0
394 NONE -16381;-28377 0;0
395 NONE -16381;-28377 0;0
396 NONE -16381;-28377 0;0
397 NONE -16381;-28377 0;0
398 NONE -16381;-28377 0;0
399 NONE -16381;-28377 0;0
400 NONE -16381;-28377 0;0
401 NONE -16381;-28377 0;0
402 NONE -16381;-28377 0;0
403 NONE -16381;-28377 0;0
404 NONE -16381;-28377 0;0
405 NONE -16381;-28377 0;0
406 NONE -16381;-28377 0;0
407 NONE -16381;-28377 0;0
408 NONE -16381;-28377 0;0
409 NONE -16381;-28377 0;0
410 NONE -16381;-28377 0;0
411 NONE -16381;-28377 0;0
412 NONE -16381;-28377 0;0
413 KEY_DUP -16381;-28377 0;0
414 NONE -1714;32716 0;0
422 KEY_ZL 0;0 0;0
423 KEY_Y 0;0 0;0
438 KEY_ZL 0;0 0;0
439 KEY_B;KEY_ZL 0;0 0;0
440 NONE 2721;32653 0;0
441 NONE 2721;32653 0;0
442 NONE 2721;32653 0;0
443 NONE 2721;32653 0;0
444 NONE 2721;32653 0;0
445 NONE 2721;32653 0;0
446 NONE 2721;32653 0;0
447 NONE 2721;32653 0;0
448 NONE 2721;32653 0;0
449 NONE 2721;32653 0;0
450 NONE 2854;32638 0;0
451 NONE 2854;32638 0;0
452 NONE 2854;32638 0;0
453 NONE 2854;32638 0;0
454 NONE 2854;32638 0;0
455 NONE 2854;32638 0;0
456 NONE 2854;32638 0;0
457 NONE 2854;32638 0;0
458 NONE 2854;32638 0;0
459 KEY_L 2854;32638 0;0
460 NONE 2854;32638 0;0
461 NONE 2854;32638 0;0
462 NONE 2854;32638 0;0
463 NONE 2854;32638 0;0
464 NONE 2854;32638 0;0
465 NONE 2854;32638 0;0
466 NONE 2854;32638 0;0
467 NONE 2854;32638 0;0
468 NONE 2854;32638 0;0
469 NONE 2854;32638 0;0
470 NONE 2854;32638 0;0
471 NONE 2854;32638 0;0
472 NONE 2854;32638 0;0
473 NONE 2854;32638 0;0
474 NONE 2854;32638 0;0
475 NONE 2854;32638 0;0
476 KEY_ZL 2854;32638 0;0
477 KEY_Y 2854;32638 0;0
478 KEY_Y 2854;32638 0;0
479 KEY_Y 2854;32638 0;0
480 KEY_Y 2854;32638 0;0
481 KEY_Y 2854;32638 0;0
482 KEY_Y 2854;32638 0;0
483 KEY_Y 2854;32638 0;0
484 KEY_Y 2854;32638 0;0
485 KEY_Y 2854;32638 0;0
486 KEY_Y 2854;32638 0;0
487 KEY_Y 2854;32638 0;0
488 KEY_Y 2854;32638 0;0
489 KEY_Y 2854;32638 0;0
490 KEY_Y 2854;32638 0;0
491 KEY_Y 2854;32638 0;0
492 KEY_Y 2854;32638 0;0
493 KEY_Y 2854;32638 0;0
494 KEY_Y 2854;32638 0;0
495 KEY_Y 2854;32638 0;0
496 KEY_Y 2854;32638 0;0
497 KEY_Y 2854;32638 0;0
498 KEY_Y 2854;32638 0;0
499 KEY_Y 2854;32638 0;0
500 KEY_Y 2854;32638 0;0
501 KEY_Y 2854;32638 0;0
502 KEY_Y 2854;32638 0;0
503 KEY_Y 2854;32638 0;0
504 KEY_Y 2854;32638 0;0
505 KEY_Y 2854;32638 0;0
506 KEY_Y 2854;32638 0;0
507 NONE 2854;32638 0;0
508 NONE 2854;32638 0;0
509 NONE 2854;32638 0;0
510 NONE 2854;32638 0;0
511 NONE 2854;32638 0;0
512 NONE 2854;32638 0;0
513 NONE 2854;32638 0;0
514 NONE 2854;32638 0;0
515 NONE 2854;32638 0;0
516 KEY_ZL 2854;32638 0;0
517 KEY_Y;KEY_ZL -1142;32747 0;0
518 KEY_ZL -1142;32747 0;0
519 KEY_ZL -1142;32747 0;0
520 KEY_ZL -1142;32747 0;0
521 KEY_ZL -1142;32747 0;0
522 KEY_ZL -1142;32747 0;0
523 KEY_ZL -1142;32747 0;0
524 KEY_ZL -1142;32747 0;0
525 KEY_ZL -1142;32747 0;0
526 KEY_ZL -1142;32747 0;0
527 KEY_ZL -1142;32747 0;0
528 KEY_ZL -1142;32747 0;0
529 KEY_ZL -1142;32747 0;0
530 KEY_ZL -1142;32747 0;0
531 KEY_ZL -1142;32747 0;0
532 KEY_ZL -1142;32747 0;0
533 KEY_ZL;KEY_L -1142;32747 0;0
534 KEY_ZL -1142;32747 0;0
535 KEY_ZL -1142;32747 0;0
536 KEY_ZL -1142;32747 0;0
537 KEY_ZL -1142;32747 0;0
538 KEY_ZL -1142;32747 0;0
539 KEY_ZL -1142;32747 0;0
540 KEY_ZL -1142;32747 0;0
541 KEY_ZL -1142;32747 0;0
542 KEY_ZL -1142;32747 0;0
543 KEY_ZL -1142;32747 0;0
544 KEY_ZL -1142;32747 0;0
545 KEY_ZL -1142;32747 0;0
546 KEY_ZL -1142;32747 0;0
547 KEY_ZL -1142;32747 0;0
548 KEY_ZL -1142;32747 0;0
549 KEY_ZL;KEY_L -1142;32747 0;0
550 KEY_ZL -1142;32747 0;0
551 KEY_ZL -1142;32747 0;0
552 KEY_ZL -1142;32747 0;0
553 KEY_ZL -1142;32747 0;0
554 KEY_ZL -1142;32747 0;0
555 KEY_ZL -1142;32747 0;0
556 KEY_ZL -1142;32747 0;0
557 KEY_ZL -1142;32747 0;0
558 KEY_ZL -1142;32747 0;0
559 KEY_ZL -1142;32747 0;0
560 KEY_ZL -1142;32747 0;0
561 KEY_ZL -1142;32747 0;0
562 KEY_ZL -1142;32747 0;0
563 KEY_ZL -1142;32747 0;0
564 KEY_ZL -1142;32747 0;0
565 KEY_ZL -1142;32747 0;0
566 KEY_ZL -1142;32747 0;0
567 KEY_ZL;KEY_L -1142;32747 0;0
568 KEY_ZL -1142;32747 0;0
569 KEY_ZL -1142;32747 0;0
570 KEY_ZL -1142;32747 0;0
571 KEY_ZL -1142;32747 0;0
572 KEY_ZL -1142;32747 0;0
573 KEY_ZL -1142;32747 0;0
574 KEY_ZL -1142;32747 0;0
575 KEY_ZL -1142;32747 0;0
576 KEY_ZL -1142;32747 0;0
577 KEY_ZL -1142;32747 0;0
578 KEY_ZL -1142;32747 0;0
579 KEY_ZL -1142;32747 0;0
580 KEY_ZL -1142;32747 0;0
581 KEY_ZL -1142;32747 0;0
582 KEY_ZL -1142;32747 0;0
583 KEY_ZL -1142;32747 0;0
584 KEY_ZL -1142;32747 0;0
585 KEY_ZL;KEY_L -1142;32747 0;0
586 KEY_ZL -1142;32747 0;0
587 KEY_ZL -1142;32747 0;0
588 KEY_ZL -1142;32747 0;0
589 KEY_ZL -1142;32747 0;0
590 KEY_ZL -1142;32747 0;0
591 KEY_ZL -1142;32747 0;0
592 KEY_ZL -1142;32747 0;0
593 KEY_ZL -1142;32747 0;0
594 KEY_ZL -1142;32747 0;0
595 KEY_ZL -1142;32747 0;0
596 KEY_ZL -1142;32747 0;0
597 KEY_ZL -1142;32747 0;0
598 KEY_ZL -1142;32747 0;0
599 KEY_ZL -1142;32747 0;0
600 KEY_ZL -1142;32747 0;0
601 KEY_B;KEY_ZL;KEY_DUP -1142;32747 0;0
602 NONE -32761;-571 0;0
603 NONE -1142;32747 0;0
604 NONE -1142;32747 0;0
605 NONE -1142;32747 0;0
606 NONE -1142;32747 0;0
607 NONE -1142;32747 0;0
608 NONE -1142;32747 0;0
609 NONE -1142;32747 0;0
610 KEY_B -1141;32743 0;0
611 KEY_B -1141;32743 0;0
612 KEY_B -32767;0 0;0
613 KEY_B -32767;0 0;0
614 KEY_B -32767;0 0;0
615 KEY_B -32767;0 0;0
616 KEY_B -32767;0 0;0
617 KEY_B -32767;0 0;0
618 KEY_B -32767;0 0;0
619 KEY_B -32767;0 0;0
620 NONE -32767;0 0;0
621 NONE -32767;0 0;0
622 NONE -32767;0 0;0
623 NONE -32767;0 0;0
624 NONE -32767;0 0;0
625 NONE -32767;0 0;0
626 NONE -32767;0 0;0
627 NONE -32767;0 0;0
628 NONE -32767;0 0;0
629 NONE -32767;0 0;0
630 NONE -32767;0 0;0
631 NONE -32767;0 0;0
632 NONE -32767;0 0;0
633 NONE -32767;0 0;0
634 NONE -32767;0 0;0
635 NONE -32767;0 0;0
636 NONE -32767;0 0;0
637 NONE -32767;0 0;0
638 NONE -32767;0 0;0
639 NONE -32767;0 0;0
640 NONE -32767;0 0;0
641 NONE -32767;0 0;0
642 KEY_L -32767;0 0;0
643 NONE -2934;32629 0;0
644 NONE -2934;32629 0;0
645 NONE -2934;32629 0;0
646 NONE -2934;32629 0;0
647 NONE -2934;32629 0;0
648 NONE -2934;32629 0;0
649 NONE -2934;32629 0;0
650 NONE -2934;32629 0;0
651 NONE -2934;32629 0;0
652 NONE -2934;32629 0;0
653 NONE -2934;32629 0;0
654 NONE -2934;32629 0;0
655 NONE -2934;32629 0;0
656 NONE -2934;32629 0;0
657 NONE -2934;32629 0;0
658 KEY_ZL -2934;32629 0;0
659 KEY_Y -2934;32629 0;0
660 KEY_Y -2934;32629 0;0
661 KEY_Y -2934;32629 0;0
662 KEY_Y -2934;32629 0;0
663 KEY_Y -2934;32629 0;0
664 KEY_Y -2934;32629 0;0
665 KEY_Y -2934;32629 0;0
666 KEY_Y -2934;32629 0;0
667 KEY_Y -2934;32629 0;0
668 KEY_Y -2934;32629 0;0
669 KEY_Y -2934;32629 0;0
670 KEY_Y -2934;32629 0;0
671 KEY_Y -2934;32629 0;0
672 KEY_Y -2934;32629 0;0
673 KEY_Y -2934;32629 0;0
674 KEY_Y -2934;32629 0;0
675 KEY_Y -2934;32629 0;0
676 KEY_Y -2934;32629 0;0
677 KEY_Y -2934;32629 0;0
678 KEY_Y -2934;32629 0;0
679 KEY_Y -2934;32629 0;0
680 KEY_Y -2934;32629 0;0
681 KEY_Y -2934;32629 0;0
682 KEY_Y -2934;32629 0;0
683 KEY_Y -2934;32629 0;0
684 KEY_Y -2934;32629 0;0
685 KEY_Y -2934;32629 0;0
686 KEY_Y -2934;32629 0;0
687 KEY_Y -2934;32629 0;0
688 KEY_Y -2934;32629 0;0
689 KEY_Y -2934;32629 0;0
690 KEY_Y -2934;32629 0;0
691 NONE -2934;32629 0;0
692 NONE -2934;32629 0;0
693 NONE -2934;32629 0;0
694 NONE -2934;32629 0;0
695 NONE -2934;32629 0;0
696 NONE -2934;32629 0;0
697 NONE -2934;32629 0;0
698 NONE -2934;32629 0;0
699 NONE -2934;32629 0;0
700 NONE -2934;32629 0;0
701 NONE -2934;32629 0;0
702 NONE -2934;32629 0;0
703 KEY_ZL -2934;32629 0;0
704 KEY_Y -2934;32629 0;0
705 NONE -2934;32629 0;0
706 NONE -2934;32629 0;0
707 NONE -2934;32629 0;0
708 NONE -2934;32629 0;0
709 NONE -2934;32629 0;0
710 NONE -2934;32629 0;0
711 NONE -2934;32629 0;0
712 NONE -2934;32629 0;0
713 NONE -2934;32629 0;0
714 NONE -2934;32629 0;0
715 NONE -2934;32629 0;0
716 NONE -2934;32629 0;0
717 NONE -2934;32629 0;0
718 NONE -29795;13635 0;0
719 NONE 3008;-32628 0;0
720 NONE 26800;18852 0;0
721 NONE -29795;13635 0;0
722 NONE 3008;-32628 0;0
723 NONE 26800;18852 0;0
724 NONE -29795;13635 0;0
725 NONE 3008;-32628 0;0
726 NONE 26800;18852 0;0
727 NONE -29795;13635 0;0
728 NONE 3008;-32628 0;0
729 NONE 26800;18852 0;0
730 NONE -29795;13635 0;0
731 NONE 3008;-32628 0;0
732 KEY_B -6806;32045 0;0
733 KEY_ZL -6806;32045 0;0
734 KEY_ZL -6806;32045 0;0
735 KEY_X;KEY_ZL -6806;32045 0;0
736 KEY_Y;KEY_ZL -6806;32045 0;0
737 KEY_X;KEY_ZL -6806;32045 0;0
738 KEY_Y;KEY_ZL -6806;32045 0;0
739 KEY_X;KEY_ZL -6806;32045 0;0
740 KEY_Y;KEY_ZL -6806;32045 0;0
741 NONE -6806;32045 0;0
742 NONE -6806;32045 0;0
743 NONE -6806;32045 0;0
744 NONE -6806;32045 0;0
745 NONE -6806;32045 0;0
746 NONE -6806;32045 0;0
747 NONE -6806;32045 0;0
748 NONE -6806;32045 0;0
749 NONE -6806;32045 0;0
750 NONE -6806;32045 0;0
751 NONE -6806;32045 0;0
752 KEY_B;KEY_L;KEY_DUP 18308;27151 0;0
753 NONE 18308;27151 0;0
754 NONE 18308;27151 0;0
755 NONE 18308;27151 0;0
756 NONE 18308;27151 0;0
757 NONE 18308;27151 0;0
758 NONE 18308;27151 0;0
759 NONE 18308;27151 0;0
760 NONE 18308;27151 0;0
761 KEY_B;KEY_Y 18308;27151 0;0
762 KEY_B;KEY_Y 30843;-11061 0;0
763 KEY_B;KEY_Y 30843;-11061 0;0
764 KEY_B;KEY_Y 30843;-11061 0;0
765 KEY_B;KEY_Y 30843;-11061 0;0
766 KEY_B;KEY_Y 30843;-11061 0;0
767 KEY_Y 30843;-11061 0;0
768 KEY_Y 30843;-11061 0;0
769 KEY_Y 30843;-11061 0;0
770 KEY_Y 30843;-11061 0;0
771 KEY_Y 30843;-11061 0;0
772 KEY_Y 30843;-11061 0;0
773 KEY_Y 30843;-11061 0;0
774 KEY_Y 30843;-11061 0;0
775 KEY_Y 30843;-11061 0;0
776 KEY_Y 30843;-11061 0;0
777 KEY_Y 30843;-11061 0;0
778 KEY_Y 30843;-11061 0;0
779 KEY_Y 30843;-11061 0;0
780 KEY_Y 30843;-11061 0;0
781 KEY_Y 30843;-11061 0;0
782 KEY_Y 30843;-11061 0;0
783 KEY_Y 30843;-11061 0;0
784 KEY_Y 30843;-11061 0;0
785 KEY_Y 30843;-11061 0;0
786 KEY_Y 30843;-11061 0;0
787 KEY_Y 30843;-11061 0;0
788 KEY_Y 30843;-11061 0;0
789 KEY_Y 30843;-11061 0;0
790 KEY_Y 30843;-11061 0;0
791 KEY_Y 30843;-11061 0;0
792 KEY_Y 30843;-11061 0;0
793 KEY_Y 30843;-11061 0;0
794 KEY_Y 30843;-11061 0;0
795 KEY_Y -24659;21577 0;0
796 KEY_Y -24659;21577 0;0
797 KEY_Y -24659;21577 0;0
798 KEY_Y -24659;21577 0;0
799 KEY_Y -24659;21577 0;0
800 KEY_Y -24659;21577 0;0
801 KEY_Y -24659;21577 0;0
802 KEY_Y -24659;21577 0;0
803 NONE -24659;21577 0;0
804 NONE -24659;21577 0;0
805 NONE -24659;21577 0;0
806 NONE -24659;21577 0;0
807 NONE -24659;21577 0;0
808 NONE -24659;21577 0;0
809 NONE -24659;21577 0;0
810 NONE -24659;21577 0;0
811 NONE -24659;21577 0;0
812 NONE -24659;21577 0;0
813 NONE -24659;21577 0;0
814 NONE -24659;21577 0;0
815 NONE -24659;21577 0;0
816 NONE -24659;21577 0;0
817 NONE -24659;21577 0;0
818 NONE -24659;21577 0;0
819 NONE -24659;21577 0;0
820 NONE -24659;21577 0;0
821 NONE -24659;21577 0;0
822 NONE -24659;21577 0;0
823 NONE -24659;21577 0;0
824 NONE -24659;21577 0;0
825 NONE -24659;21577 0;0
826 NONE -24659;21577 0;0
827 NONE -24659;21577 0;0
828 NONE -24659;21577 0;0
829 NONE -24659;21577 0;0
830 NONE -24659;21577 0;0
831 KEY_L -24659;21577 0;0
832 NONE 2285;32687 0;0
833 NONE 2285;32687 0;0
834 NONE 2285;32687 0;0
835 NONE 2285;32687 0;0
836 NONE 2285;32687 0;0
837 NONE 2285;32687 0;0
838 NONE 2285;32687 0;0
839 NONE 2285;32687 0;0
840 NONE 2285;32687 0;0
841 NONE 2285;32687 0;0
842 NONE 2285;32687 0;0
843 NONE 2285;32687 0;0
844 NONE 2285;32687 0;0
845 NONE 2285;32687 0;0
846 NONE 2285;32687 0;0
847 NONE 2285;32687 0;0
848 KEY_ZL 2285;32687 0;0
849 KEY_Y;KEY_DUP -5688;32269 0;0
850 NONE -5688;32269 0;0
851 NONE -5688;32269 0;0
852 NONE -5688;32269 0;0
853 NONE -5688;32269 0;0
854 NONE -5688;32269 0;0
855 NONE -5688;32269 0;0
856 NONE -5688;32269 0;0
857 NONE -5688;32269 0;0
858 NONE -5688;32269 0;0
859 NONE -5688;32269 0;0
860 NONE -5688;32269 0;0
861 NONE -5688;32269 0;0
862 NONE -5688;32269 0;0
863 NONE -5688;32269 0;0
864 NONE -5688;32269 0;0
865 NONE -5688;32269 0;0
866 NONE -5688;32269 0;0
867 NONE -5688;32269 0;0
868 KEY_B 0;32767 0;0
869 KEY_B 0;32767 0;0
870 KEY_B 0;32767 0;0
871 KEY_B 0;32767 0;0
872 KEY_B 0;32767 0;0
873 KEY_B 0;32767 0;0
874 KEY_B 0;32767 0;0
875 KEY_B 0;32767 0;0
876 KEY_B 0;32767 0;0
877 KEY_B 0;32767 0;0
878 NONE 0;32767 0;0
879 NONE 0;32767 0;0
880 NONE 0;32767 0;0
881 NONE 0;32767 0;0
882 NONE 0;32767 0;0
883 NONE 0;32767 0;0
884 NONE 0;32767 0;0
885 NONE 0;32767 0;0
886 KEY_ZL 0;32767 0;0
887 KEY_Y 0;32767 0;0
888 NONE 0;32767 0;0
889 NONE 0;32767 0;0
890 NONE 0;32767 0;0
891 NONE 0;32767 0;0
892 NONE 0;32767 0;0
893 NONE -28377;-16383 0;0
894 NONE 28377;-16383 0;0
895 NONE 0;32767 0;0
896 NONE -28377;-16383 0;0
897 NONE 28377;-16383 0;0
898 NONE 0;32767 0;0
899 NONE -28377;-16383 0;0
900 NONE 28377;-16383 0;0
901 NONE 0;32767 0;0
902 NONE -28377;-16383 0;0
903 NONE 28377;-16383 0;0
904 NONE 0;32767 0;0
905 NONE -28377;-16383 0;0
906 KEY_B -4560;32448 0;0
907 KEY_ZL -4560;32448 0;0
908 KEY_ZL -4560;32448 0;0
909 KEY_ZL -4560;32448 0;0
910 KEY_B -4560;32448 0;0
911 NONE -4560;32448 0;0
912 NONE -4560;32448 0;0
913 NONE -4560;32448 0;0
914 NONE -4560;32448 0;0
915 NONE -4560;32448 0;0
916 NONE -4560;32448 0;0
917 NONE -4560;32448 0;0
918 NONE -4560;32448 0;0
919 NONE -4560;32448 0;0
920 NONE -4560;32448 0;0
921 NONE -4560;32448 0;0
922 NONE -4560;32448 0;0
923 NONE -4560;32448 0;0
924 NONE -4560;32448 0;0
925 NONE -4560;32448 0;0
926 NONE -4560;32448 0;0
927 NONE -4560;32448 0;0
928 NONE -4560;32448 0;0
929 NONE -4560;32448 0;0
930 NONE -4560;32448 0;0
931 NONE -4560;32448 0;0
932 NONE -4560;32448 0;0
933 NONE -4560;32448 0;0
934 NONE -4560;32448 0;0
935 NONE -4560;32448 0;0
936 KEY_L -4560;32448 0;0
937 NONE -4560;32448 0;0
938 NONE -4560;32448 0;0
939 NONE -4560;32448 0;0
940 NONE -4560;32448 0;0
941 NONE -4560;32448 0;0
942 NONE -4560;32448 0;0
943 NONE -4560;32448 0;0
944 KEY_ZL 0;0 0;0
945 KEY_Y 0;0 0;0
946 KEY_Y 0;0 0;0
947 KEY_Y 0;0 0;0
948 KEY_Y 0;0 0;0
949 KEY_Y 0;0 0;0
950 KEY_Y 0;0 0;0
951 KEY_Y 0;0 0;0
952 KEY_Y 0;0 0;0
953 KEY_Y 0;0 0;0
954 KEY_Y 0;32767 0;0
955 KEY_Y 0;32767 0;0
956 KEY_Y 0;32767 0;0
957 KEY_Y 0;32767 0;0
958 KEY_Y 0;32767 0;0
959 NONE 0;32767 0;0
960 NONE 0;32767 0;0
961 KEY_ZL 0;32767 0;0
962 KEY_Y 0;32767 0;0
963 NONE 0;32767 0;0
964 NONE 0;32767 0;0
965 NONE 0;32767 0;0
966 NONE 0;32767 0;0
967 NONE 0;32767 0;0
968 NONE 0;32767 0;0
969 NONE 0;32767 0;0
970 NONE 0;32767 0;0
971 NONE -28377;-16383 0;0
972 NONE 28377;-16383 0;0
973 NONE 0;32767 0;0
974 NONE -28377;-16383 0;0
975 NONE 28377;-16383 0;0
976 NONE 0;32767 0;0
977 NONE -28377;-16383 0;0
978 NONE 28377;-16383 0;0
979 NONE 0;32767 0;0
980 NONE -28377;-16383 0;0
981 NONE 28377;-16383 0;0
982 NONE 0;32767 0;0
983 KEY_B -3425;32587 0;0
984 KEY_ZR -3425;32587 0;0
985 KEY_ZR -3425;32587 0;0
986 KEY_ZR -3425;32587 0;0
987 KEY_B -3425;32587 0;0
1005 NONE -2855;32642 0;0
1006 NONE -2855;32642 0;0
1007 NONE -2855;32642 0;0
1008 NONE -2855;32642 0;0
1009 NONE -3425;32587 0;0
1010 NONE -3425;32587 0;0
1011 NONE -3425;32587 0;0
1012 KEY_L -3425;32587 0;0
1013 NONE -3425;32587 0;0
1014 NONE -3425;32587 0;0
1015 NONE -3425;32587 0;0
1016 NONE -3425;32587 0;0
1017 NONE -3425;32587 0;0
1018 NONE -3425;32587 0;0
1019 NONE -3425;32587 0;0
1020 KEY_ZL 0;0 0;0
1021 KEY_Y 0;0 0;0
1022 KEY_Y 0;0 0;0
1023 KEY_Y 0;0 0;0
1024 KEY_Y 0;0 0;0
1025 KEY_Y 0;0 0;0
1026 KEY_Y 0;0 0;0
1027 KEY_Y 0;0 0;0
1028 KEY_Y 0;0 0;0
1029 KEY_Y 0;0 0;0
1030 KEY_Y 0;0 0;0
1031 KEY_Y 0;0 0;0
1032 KEY_Y 0;0 0;0
1033 KEY_Y 0;0 0;0
1034 KEY_Y 0;0 0;0
1049 KEY_DRIGHT 0;0 0;0
1050 NONE -3510;32576 0;0
1057 KEY_ZL 0;0 0;0
1058 KEY_Y;KEY_ZL 0;0 0;0
1059 KEY_ZL 0;0 0;0
1060 KEY_ZL 0;0 0;0
1061 KEY_ZL 0;0 0;0
1062 KEY_ZL 0;0 0;0
1063 KEY_ZL 0;0 0;0
1064 KEY_ZL 0;0 0;0
1065 KEY_ZL 0;0 0;0
1066 KEY_ZL 0;0 0;0
1067 KEY_ZL 0;0 0;0
1068 KEY_ZL 0;0 0;0
1069 KEY_ZL 0;0 0;0
1070 KEY_ZL 0;0 0;0
1071 KEY_ZL 0;0 0;0
1072 KEY_ZL 0;0 0;0
1073 KEY_ZL 0;0 0;0
1074 KEY_ZL 0;0 0;0
1075 KEY_ZL 0;0 0;0
1076 KEY_ZL 0;0 0;0
1077 KEY_ZL 0;0 0;0
1078 KEY_ZL 0;0 0;0
1079 KEY_ZL 0;0 0;0
1080 KEY_ZL 0;0 0;0
1081 KEY_ZL 0;0 0;0
1082 KEY_ZL 0;0 0;0
1083 KEY_ZL 0;0 0;0
1084 KEY_ZL 0;0 0;0
1085 KEY_ZL;KEY_L 0;0 0;0
1086 KEY_ZL 0;0 0;0
1087 KEY_ZL 0;0 0;0
1088 KEY_ZL 0;0 0;0
1089 KEY_ZL 0;0 0;0
1090 KEY_ZL 0;0 0;0
1091 KEY_ZL 0;0 0;0
1092 KEY_ZL 0;0 0;0
1093 KEY_ZL 0;0 0;0
1094 KEY_ZL 0;0 0;0
1095 KEY_ZL 0;0 0;0
1096 KEY_ZL 0;0 0;0
1097 KEY_ZL 0;0 0;0
1098 KEY_ZL 0;0 0;0
1099 KEY_ZL 0;0 0;0
1100 KEY_ZL 0;0 0;0
1101 KEY_ZL 0;0 0;0
1102 KEY_ZL 0;0 0;0
1103 KEY_ZL 0;0 0;0
1104 KEY_ZL;KEY_L 0;0 0;0
1105 KEY_ZL 0;0 0;0
1106 KEY_ZL 0;0 0;0
1107 KEY_ZL 0;0 0;0
1108 KEY_ZL 0;0 0;0
1109 KEY_ZL 0;0 0;0
1110 KEY_ZL 0;0 0;0
1111 KEY_ZL 0;0 0;0
1112 KEY_ZL 0;0 0;0
1113 KEY_ZL 0;0 0;0
1114 KEY_ZL 0;0 0;0
1115 KEY_ZL 0;0 0;0
1116 KEY_ZL 0;0 0;0
1117 KEY_ZL 0;0 0;0
1118 KEY_ZL 0;0 0;0
1119 KEY_ZL 0;0 0;0
1120 KEY_ZL;KEY_L 0;0 0;0
1320 KEY_LSTICK 0;0 0;0
