0 KEY_A 0;0 0;0
1 NONE 0;32766 0;0
2 NONE -28376;-16383 0;0
3 NONE 28376;-16382 0;0
4 NONE 0;32766 0;0
5 NONE -28376;-16383 0;0
6 NONE 28376;-16382 0;0
7 NONE 0;32766 0;0
8 NONE -28376;-16383 0;0
9 NONE 28376;-16382 0;0
10 NONE 0;32766 0;0
11 NONE -28376;-16383 0;0
12 NONE 28376;-16382 0;0
13 NONE 0;32766 0;0
14 NONE -28376;-16383 0;0
15 NONE 28376;-16382 0;0
16 NONE 0;32766 0;0
17 NONE -28376;-16383 0;0
18 NONE 28376;-16382 0;0
19 NONE 0;32766 0;0
20 NONE -28376;-16383 0;0
21 NONE 28376;-16382 0;0
22 NONE 0;32766 0;0
23 NONE -28376;-16383 0;0
24 NONE 28376;-16382 0;0
25 NONE 0;32766 0;0
26 NONE -28376;-16383 0;0
27 NONE 28376;-16382 0;0
28 NONE 0;32766 0;0
29 NONE -28376;-16383 0;0
30 NONE 28376;-16382 0;0
31 NONE 0;32766 0;0
32 NONE -28376;-16383 0;0
33 NONE 28376;-16382 0;0
34 NONE 0;32766 0;0
35 NONE -28376;-16383 0;0
36 NONE 28376;-16382 0;0
37 NONE 0;32766 0;0
38 NONE -28376;-16383 0;0
39 NONE 28376;-16382 0;0
40 NONE 0;32766 0;0
41 NONE -28376;-16383 0;0
42 NONE 28376;-16382 0;0
43 NONE 0;32766 0;0
44 NONE -28376;-16383 0;0
45 NONE 28376;-16382 0;0
46 NONE 0;32766 0;0
47 NONE -28376;-16383 0;0
48 NONE 28376;-16382 0;0
49 NONE 0;32766 0;0
50 NONE -28376;-16383 0;0
51 NONE 28376;-16382 0;0
52 NONE 0;32766 0;0
53 NONE -28376;-16383 0;0
54 NONE 28376;-16382 0;0
55 NONE 0;32766 0;0
56 NONE -28376;-16383 0;0
57 NONE 28376;-16382 0;0
58 NONE 0;32766 0;0
59 NONE -28376;-16383 0;0
60 NONE 28376;-16382 0;0
61 NONE 0;32766 0;0
62 NONE -28376;-16383 0;0
63 NONE 28376;-16382 0;0
64 NONE 0;32766 0;0
65 NONE -28376;-16383 0;0
66 NONE 28376;-16382 0;0
67 NONE 0;32766 0;0
68 NONE -28376;-16383 0;0
69 NONE 28376;-16382 0;0
70 NONE 0;32766 0;0
71 NONE -28376;-16383 0;0
72 NONE 28376;-16382 0;0
73 NONE 0;32766 0;0
74 NONE -28376;-16383 0;0
75 NONE 28376;-16382 0;0
76 NONE 0;32766 0;0
77 NONE -28376;-16383 0;0
78 NONE 28376;-16382 0;0
79 NONE 0;32766 0;0
80 NONE -28376;-16383 0;0
81 NONE 28376;-16382 0;0
82 NONE 0;32766 0;0
83 NONE -28376;-16383 0;0
84 NONE 28376;-16382 0;0
85 NONE 0;32766 0;0
86 NONE -28376;-16383 0;0
87 NONE 28376;-16382 0;0
88 NONE 0;32766 0;0
89 NONE -28376;-16383 0;0
90 NONE 28376;-16382 0;0
91 NONE 0;32766 0;0
92 NONE -28376;-16383 0;0
93 NONE 28376;-16382 0;0
94 NONE 0;32766 0;0
95 NONE -28376;-16383 0;0
96 NONE 28376;-16382 0;0
97 NONE 0;32766 0;0
98 NONE -28376;-16383 0;0
99 NONE 28376;-16382 0;0
100 NONE 0;32766 0;0
101 NONE -28376;-16383 0;0
102 NONE 28376;-16382 0;0
103 NONE 0;32766 0;0
104 NONE -28376;-16383 0;0
105 NONE 28376;-16382 0;0
106 NONE 0;32766 0;0
107 NONE -28376;-16383 0;0
108 NONE 28376;-16382 0;0
109 NONE 0;32766 0;0
110 NONE -28376;-16383 0;0
111 NONE 28376;-16382 0;0
112 NONE 0;32766 0;0
113 NONE -28376;-16383 0;0
114 NONE 28376;-16382 0;0
115 NONE 0;32766 0;0
116 NONE -28376;-16383 0;0
117 NONE 28376;-16382 0;0
118 NONE 0;32766 0;0
119 NONE -28376;-16383 0;0
120 NONE 28376;-16382 0;0
121 NONE 0;32766 0;0
122 NONE -28376;-16383 0;0
123 NONE 28376;-16382 0;0
124 NONE 0;32766 0;0
125 NONE -28376;-16383 0;0
126 NONE 28376;-16382 0;0
127 NONE 0;32766 0;0
128 NONE -28376;-16383 0;0
129 NONE 28376;-16382 0;0
130 NONE 0;32766 0;0
131 NONE -28376;-16383 0;0
132 NONE 28376;-16382 0;0
133 NONE 0;32766 0;0
134 NONE -28376;-16383 0;0
135 NONE 28376;-16382 0;0
136 NONE 0;32766 0;0
137 NONE -28376;-16383 0;0
138 NONE 28376;-16382 0;0
139 NONE 0;32766 0;0
140 NONE -28376;-16383 0;0
141 NONE 28376;-16382 0;0
142 NONE 0;32766 0;0
143 NONE -28376;-16383 0;0
144 NONE 28376;-16382 0;0
145 NONE 0;32766 0;0
146 NONE -28376;-16383 0;0
147 NONE 28376;-16382 0;0
148 NONE 0;32766 0;0
149 NONE -28376;-16383 0;0
150 NONE 28376;-16382 0;0
151 NONE 0;32766 0;0
152 NONE -28376;-16383 0;0
153 NONE 28376;-16382 0;0
154 NONE 0;32766 0;0
155 NONE -28376;-16383 0;0
156 NONE 28376;-16382 0;0
157 NONE 0;32766 0;0
158 NONE -28376;-16383 0;0
159 NONE 28376;-16382 0;0
160 NONE 0;32766 0;0
161 NONE -28376;-16383 0;0
162 NONE 28376;-16382 0;0
163 NONE 0;32766 0;0
164 NONE -28376;-16383 0;0
165 NONE 28376;-16382 0;0
166 NONE 0;32766 0;0
167 NONE -28376;-16383 0;0
168 NONE 28376;-16382 0;0
169 NONE 0;32766 0;0
170 NONE -28376;-16383 0;0
171 NONE 28376;-16382 0;0
172 NONE 0;32766 0;0
173 NONE -28376;-16383 0;0
174 NONE 28376;-16382 0;0
175 NONE 0;32766 0;0
176 NONE -28376;-16383 0;0
177 NONE 28376;-16382 0;0
178 NONE 0;32766 0;0
179 NONE -28376;-16383 0;0
180 NONE 28376;-16382 0;0
181 NONE 0;32766 0;0
182 NONE -28376;-16383 0;0
183 NONE 28376;-16382 0;0
184 NONE 0;32766 0;0
185 NONE -28376;-16383 0;0
186 NONE 28376;-16382 0;0
187 NONE 0;32766 0;0
188 NONE -28376;-16383 0;0
189 NONE 28376;-16382 0;0
190 NONE 0;32766 0;0
191 NONE -28376;-16383 0;0
192 NONE 28376;-16382 0;0
193 NONE 0;32766 0;0
194 NONE -28376;-16383 0;0
195 NONE 28376;-16382 0;0
196 NONE 0;32766 0;0
197 NONE -28376;-16383 0;0
198 NONE 28376;-16382 0;0
199 NONE 0;32766 0;0
200 NONE -28376;-16383 0;0
201 NONE 28376;-16382 0;0
202 NONE 0;32766 0;0
203 NONE -28376;-16383 0;0
204 NONE 28376;-16382 0;0
205 NONE 0;32766 0;0
206 NONE -28376;-16383 0;0
207 NONE 28376;-16382 0;0
208 NONE 0;32766 0;0
209 NONE -28376;-16383 0;0
210 NONE 28376;-16382 0;0
211 NONE 0;32766 0;0
212 NONE -28376;-16383 0;0
213 NONE 28376;-16382 0;0
214 NONE 0;32766 0;0
215 NONE -28376;-16383 0;0
216 NONE 28376;-16382 0;0
217 NONE 0;32766 0;0
218 NONE -28376;-16383 0;0
219 NONE 28376;-16382 0;0
220 NONE 0;32766 0;0
221 NONE -28376;-16383 0;0
222 NONE 28376;-16382 0;0
223 NONE 0;32766 0;0
224 NONE -28376;-16383 0;0
225 NONE 28376;-16382 0;0
226 NONE 0;32766 0;0
227 NONE -28376;-16383 0;0
228 NONE 28376;-16382 0;0
229 NONE 0;32766 0;0
230 NONE -28376;-16383 0;0
231 NONE 28376;-16382 0;0
232 NONE 0;32766 0;0
233 NONE -28376;-16383 0;0
234 NONE 28376;-16382 0;0
235 NONE 0;32766 0;0
236 NONE -28376;-16383 0;0
237 NONE 28376;-16382 0;0
238 NONE 0;32766 0;0
239 NONE -28376;-16383 0;0
240 NONE 28376;-16382 0;0
241 NONE 0;32766 0;0
242 NONE -28376;-16383 0;0
243 NONE 28376;-16382 0;0
244 NONE 0;32766 0;0
245 NONE -28376;-16383 0;0
246 NONE 28376;-16382 0;0
247 NONE 0;32766 0;0
248 NONE -28376;-16383 0;0
249 NONE 28376;-16382 0;0
250 NONE 0;32766 0;0
251 NONE -28376;-16383 0;0
252 NONE 28376;-16382 0;0
253 NONE 0;32766 0;0
254 NONE -28376;-16383 0;0
255 NONE 28376;-16382 0;0
256 NONE 0;32766 0;0
257 NONE -28376;-16383 0;0
258 NONE 28376;-16382 0;0
259 NONE 0;32766 0;0
260 NONE -28376;-16383 0;0
261 NONE 28376;-16382 0;0
262 NONE 0;32766 0;0
263 NONE -28376;-16383 0;0
264 NONE 28376;-16382 0;0
265 NONE 0;32766 0;0
266 NONE -28376;-16383 0;0
267 NONE 28376;-16382 0;0
268 NONE 0;32766 0;0
269 NONE -28376;-16383 0;0
270 NONE 28376;-16382 0;0
271 NONE 0;32766 0;0
272 NONE -28376;-16383 0;0
273 NONE 28376;-16382 0;0
274 NONE 0;32766 0;0
275 NONE -28376;-16383 0;0
276 NONE 28376;-16382 0;0
277 NONE 0;32766 0;0
278 NONE -28376;-16383 0;0
279 NONE 28376;-16382 0;0
280 NONE 0;32766 0;0
281 NONE -28376;-16383 0;0
282 NONE 28376;-16382 0;0
283 NONE 0;32766 0;0
284 NONE -28376;-16383 0;0
285 NONE 28376;-16382 0;0
286 NONE 0;32766 0;0
287 NONE -28376;-16383 0;0
288 NONE 28376;-16382 0;0
289 NONE 0;32766 0;0
290 NONE -28376;-16383 0;0
291 NONE 28376;-16382 0;0
292 NONE 0;32766 0;0
293 KEY_A 6643;32081 0;0
294 KEY_ZL 6643;32081 0;0
295 KEY_ZL 6643;32081 0;0
296 KEY_ZL 6643;32081 0;0
297 KEY_ZL 6643;32081 0;0
298 KEY_ZL 6643;32081 0;0
299 KEY_ZL 6643;32081 0;0
300 KEY_Y;KEY_ZL 6643;32081 0;0
301 KEY_A;KEY_DRIGHT 6643;32081 0;0
302 NONE -31957;7191 0;0
303 NONE 6642;32078 0;0
304 NONE 6642;32078 0;0
305 NONE 6642;32078 0;0
306 NONE 6642;32078 0;0
307 NONE 6642;32078 0;0
308 NONE 6642;32078 0;0
309 KEY_B 6642;32078 0;0
310 NONE -9293;31372 0;0
311 NONE -9293;31372 0;0
312 NONE -9293;31372 0;0
313 NONE -9293;31372 0;0
314 NONE -9293;31372 0;0
315 NONE -9293;31372 0;0
316 NONE -9293;31372 0;0
317 NONE -9293;31372 0;0
318 NONE -9293;31372 0;0
319 NONE -9293;31372 0;0
320 NONE -9293;31372 0;0
321 NONE -9293;31372 0;0
322 NONE -9293;31372 0;0
323 NONE -9293;31372 0;0
324 NONE -9293;31372 0;0
325 NONE -9293;31372 0;0
326 NONE -9293;31372 0;0
327 NONE -9293;31372 0;0
328 NONE -9293;31372 0;0
329 NONE -9293;31372 0;0
330 NONE -9293;31372 0;0
331 NONE -9293;31372 0;0
332 NONE -9293;31372 0;0
333 NONE -9293;31372 0;0
334 NONE -9293;31372 0;0
335 KEY_B -9293;31372 0;0
336 KEY_B 32178;5963 0;0
337 KEY_B 32178;5963 0;0
338 KEY_B 32178;5963 0;0
339 KEY_B 32178;5963 0;0
340 NONE 32178;5963 0;0
341 NONE 32178;5963 0;0
342 NONE 32178;5963 0;0
343 NONE 32178;5963 0;0
344 NONE 32178;5963 0;0
345 NONE 32178;5963 0;0
346 NONE 32178;5963 0;0
347 NONE 32178;5963 0;0
348 NONE 32178;5963 0;0
349 NONE 32178;5963 0;0
350 NONE 32178;5963 0;0
351 NONE 32178;5963 0;0
352 NONE 32178;5963 0;0
353 NONE 32178;5963 0;0
354 NONE 32178;5963 0;0
355 NONE 32178;5963 0;0
356 NONE 32178;5963 0;0
357 NONE 32178;5963 0;0
358 NONE 32178;5963 0;0
359 NONE 32178;5963 0;0
360 NONE 32178;5963 0;0
361 NONE 32178;5963 0;0
362 NONE 29008;15229 0;0
363 NONE 29008;15229 0;0
364 NONE 29008;15229 0;0
365 NONE 29008;15229 0;0
366 NONE 29008;15229 0;0
367 NONE 29008;15229 0;0
368 NONE 29008;15229 0;0
369 KEY_A 29008;15229 0;0
370 KEY_A 21979;24247 0;0
371 KEY_A 21979;24247 0;0
372 KEY_A 21979;24247 0;0
373 KEY_A 21979;24247 0;0
374 KEY_A 21979;24247 0;0
375 KEY_A 21979;24247 0;0
376 KEY_A 21979;24247 0;0
377 KEY_A 21979;24247 0;0
378 KEY_A 21979;24247 0;0
379 KEY_A 21979;24247 0;0
380 NONE 21979;24247 0;0
381 NONE 21979;24247 0;0
382 NONE 21979;24247 0;0
383 NONE 21979;24247 0;0
384 NONE 21979;24247 0;0
385 NONE 21979;24247 0;0
386 NONE 21979;24247 0;0
387 NONE 21979;24247 0;0
388 NONE 21979;24247 0;0
389 NONE 21979;24247 0;0
390 NONE 21979;24247 0;0
391 NONE 21979;24247 0;0
392 NONE 21979;24247 0;0
393 NONE 21979;24247 0;0
394 NONE 21979;24247 0;0
395 NONE 21979;24247 0;0
396 NONE 21979;24247 0;0
397 NONE 21979;24247 0;0
398 NONE 21979;24247 0;0
399 NONE 21979;24247 0;0
400 NONE 21979;24247 0;0
401 NONE 21979;24247 0;0
402 NONE 21979;24247 0;0
403 NONE 21979;24247 0;0
404 NONE 21979;24247 0;0
405 NONE 21979;24247 0;0
406 NONE 21979;24247 0;0
407 NONE 21979;24247 0;0
408 NONE 21979;24247 0;0
409 NONE 21979;24247 0;0
410 NONE 21979;24247 0;0
411 NONE 21979;24247 0;0
412 NONE 21979;24247 0;0
413 NONE 21979;24247 0;0
414 NONE 21979;24247 0;0
415 NONE 21979;24247 0;0
416 NONE 21979;24247 0;0
417 NONE 21979;24247 0;0
418 NONE 21979;24247 0;0
419 NONE 21979;24247 0;0
420 NONE 21979;24247 0;0
421 NONE 21979;24247 0;0
422 NONE 21979;24247 0;0
423 NONE 21979;24247 0;0
424 NONE 21979;24247 0;0
425 NONE 21979;24247 0;0
426 NONE -29107;-15046 0;0
427 NONE -29107;-15046 0;0
428 NONE -1;32541 0;0
429 NONE -1;32541 0;0
430 NONE -1;32541 0;0
431 NONE -1;32541 0;0
432 NONE -1;32541 0;0
433 NONE -1;32541 0;0
434 NONE -1;32541 0;0
435 NONE -1;32541 0;0
436 NONE -1;32541 0;0
437 NONE -1;32541 0;0
438 KEY_ZR -1;32541 0;0
439 KEY_Y;KEY_ZR -1;32541 0;0
440 KEY_ZR;KEY_L -1;32541 0;0
441 KEY_ZR;KEY_DRIGHT -1;32541 0;0
442 KEY_ZR;KEY_L -1;32541 0;0
443 KEY_ZR;KEY_DRIGHT -1;32541 0;0
444 KEY_ZR;KEY_L -1;32541 0;0
445 KEY_ZR;KEY_DRIGHT -1;32541 0;0
446 KEY_ZR;KEY_L -1;32541 0;0
447 KEY_ZR;KEY_DRIGHT -1;32541 0;0
448 KEY_ZR;KEY_L -1;32541 0;0
449 KEY_ZR;KEY_DRIGHT -1;32541 0;0
450 KEY_ZR;KEY_L -1;32541 0;0
451 KEY_ZR;KEY_DRIGHT -1;32541 0;0
452 KEY_ZR;KEY_L -1;32541 0;0
453 KEY_ZR;KEY_DRIGHT -1;32541 0;0
454 KEY_ZR;KEY_L -1;32541 0;0
455 KEY_ZR;KEY_DRIGHT -1;32541 0;0
456 KEY_ZR;KEY_L -1;32541 0;0
457 KEY_ZR;KEY_DRIGHT -1;32541 0;0
458 KEY_ZR;KEY_L -1;32541 0;0
459 KEY_ZR;KEY_DRIGHT -1;32541 0;0
460 KEY_ZR;KEY_L -1;32541 0;0
461 KEY_ZR;KEY_DRIGHT -1;32541 0;0
462 KEY_ZR;KEY_L -1;32541 0;0
463 KEY_ZR;KEY_DRIGHT -1;32541 0;0
464 KEY_ZR;KEY_L -1;32541 0;0
465 KEY_ZR;KEY_DRIGHT -1;32541 0;0
466 KEY_ZR;KEY_L -1;32541 0;0
467 KEY_ZR;KEY_DRIGHT -1;32541 0;0
468 KEY_ZR;KEY_L -1;32541 0;0
469 KEY_ZR;KEY_DRIGHT -1;32541 0;0
470 KEY_ZR;KEY_L -1;32541 0;0
471 KEY_ZR;KEY_DRIGHT -1;32541 0;0
472 KEY_ZR;KEY_L -1;32541 0;0
473 KEY_ZR;KEY_DRIGHT -1;32541 0;0
474 KEY_ZR;KEY_L -1;32541 0;0
475 KEY_ZR;KEY_DRIGHT -1;32541 0;0
476 KEY_ZR;KEY_L -1;32541 0;0
477 KEY_ZR;KEY_DRIGHT -1;32541 0;0
478 KEY_ZR;KEY_L -1;32541 0;0
479 KEY_ZR;KEY_DRIGHT -1;32541 0;0
480 KEY_ZR;KEY_L -1;32541 0;0
481 KEY_ZR;KEY_DRIGHT -1;32541 0;0
482 KEY_ZR;KEY_L -1;32541 0;0
483 KEY_ZR;KEY_DRIGHT -1;32541 0;0
484 KEY_ZR;KEY_L -1;32541 0;0
485 KEY_ZR;KEY_DRIGHT -1;32541 0;0
486 KEY_ZR;KEY_L -1;32541 0;0
487 KEY_ZR;KEY_DRIGHT -1;32541 0;0
488 KEY_ZR;KEY_L -1;32541 0;0
489 KEY_ZR;KEY_DRIGHT -1;32541 0;0
490 KEY_ZR;KEY_L -1;32541 0;0
491 KEY_ZR;KEY_DRIGHT -1;32541 0;0
492 KEY_ZR;KEY_L -1;32541 0;0
493 KEY_ZR;KEY_DRIGHT -1;32541 0;0
494 KEY_ZR;KEY_L -1;32541 0;0
495 KEY_ZR;KEY_DRIGHT -1;32541 0;0
496 KEY_ZR;KEY_L -1;32541 0;0
497 KEY_ZR;KEY_DRIGHT -1;32541 0;0
498 KEY_ZR;KEY_L -1;32541 0;0
499 KEY_ZR;KEY_DRIGHT -1;32541 0;0
500 KEY_ZR;KEY_L -1;32541 0;0
501 KEY_ZR;KEY_DRIGHT -1;32541 0;0
502 KEY_ZR;KEY_L -1;32541 0;0
503 KEY_ZR;KEY_DRIGHT -1;32541 0;0
504 KEY_ZR;KEY_L -1;32541 0;0
505 KEY_ZR;KEY_DRIGHT -1;32541 0;0
506 KEY_ZR;KEY_L -1;32541 0;0
507 KEY_ZR;KEY_DRIGHT -1;32541 0;0
508 KEY_ZR;KEY_L -1;32541 0;0
509 KEY_ZR;KEY_DRIGHT -1;32541 0;0
510 KEY_ZR;KEY_L -1;32541 0;0
511 KEY_ZR;KEY_DRIGHT -1;32541 0;0
512 KEY_ZR;KEY_L -1;32541 0;0
513 KEY_ZR;KEY_DRIGHT -1;32541 0;0
514 KEY_ZR;KEY_L -1;32541 0;0
515 KEY_ZR;KEY_DRIGHT -1;32541 0;0
516 KEY_ZR;KEY_L -1;32541 0;0
517 KEY_ZR;KEY_DRIGHT -1;32541 0;0
518 KEY_ZR;KEY_L -1;32541 0;0
519 KEY_ZR;KEY_DRIGHT -1;32541 0;0
520 KEY_ZR;KEY_L -1;32541 0;0
521 KEY_ZR;KEY_DRIGHT -1;32541 0;0
522 KEY_ZR;KEY_L -1;32541 0;0
523 KEY_ZR;KEY_DRIGHT -1;32541 0;0
524 KEY_ZR;KEY_L -1;32541 0;0
525 KEY_ZR;KEY_DRIGHT -1;32541 0;0
526 KEY_ZR;KEY_L -1;32541 0;0
527 KEY_ZR;KEY_DRIGHT -1;32541 0;0
528 KEY_ZR;KEY_L -1;32541 0;0
529 KEY_ZR;KEY_DRIGHT -1;32541 0;0
530 KEY_ZR;KEY_L -1;32541 0;0
531 KEY_ZR;KEY_DRIGHT -1;32541 0;0
532 KEY_ZR;KEY_L -1;32541 0;0
533 NONE -1;32541 0;0
534 NONE -1;32541 0;0
535 NONE -1;32541 0;0
536 NONE -1;32541 0;0
537 NONE -1;32541 0;0
538 KEY_A;KEY_Y -1;32541 0;0
539 NONE -32766;0 0;0
540 NONE 0;32541 0;0
541 NONE 0;32541 0;0
542 NONE 0;32541 0;0
543 NONE 0;32541 0;0
544 NONE 0;32541 0;0
545 NONE 0;32541 0;0
546 NONE 0;32541 0;0
547 NONE 0;32541 0;0
548 NONE 0;32541 0;0
549 NONE 0;32541 0;0
550 KEY_PLUS 0;32766 0;0
551 NONE 0;0 0;0
552 NONE 0;0 0;0
553 NONE 0;0 0;0
554 NONE 0;0 0;0
555 NONE 0;0 0;0
556 NONE 0;0 0;0
557 NONE 0;0 0;0
558 NONE 0;0 0;0
559 KEY_PLUS 0;0 0;0
560 NONE 0;0 0;0
561 NONE 0;0 0;0
562 NONE 0;0 0;0
563 NONE 0;0 0;0
564 NONE 0;0 0;0
565 NONE 0;0 0;0
566 NONE 0;0 0;0
567 NONE 0;0 0;0
568 NONE 0;0 0;0
569 NONE 0;0 0;0
570 NONE 0;0 0;0
571 NONE 0;0 0;0
572 NONE 0;0 0;0
573 NONE 0;0 0;0
574 NONE 0;0 0;0
575 NONE 0;0 0;0
576 NONE 0;0 0;0
577 NONE 0;0 0;0
578 NONE 0;0 0;0
579 NONE 0;0 0;0
580 NONE 0;0 0;0
581 NONE 0;0 0;0
582 KEY_A 0;0 0;0
583 NONE 0;0 0;0
584 NONE 0;0 0;0
585 NONE 0;0 0;0
586 NONE 0;0 0;0
587 NONE 0;0 0;0
588 NONE 0;0 0;0
589 NONE 0;0 0;0
590 NONE 0;0 0;0
591 NONE 0;0 0;0
592 NONE 0;0 0;0
593 NONE 0;0 0;0
594 NONE 0;0 0;0
595 NONE 0;0 0;0
596 NONE 0;0 0;0
597 NONE 0;0 0;0
598 NONE 0;0 0;0
599 NONE 0;0 0;0
600 NONE 0;0 0;0
601 NONE 0;0 0;0
602 NONE 0;0 0;0
603 NONE 0;0 0;0
604 NONE 0;0 0;0
605 NONE 0;0 0;0
606 NONE 0;0 0;0
607 NONE 0;0 0;0
608 NONE 0;0 0;0
609 NONE 0;0 0;0
610 NONE 0;0 0;0
611 NONE 0;0 0;0
612 NONE 0;0 0;0
613 NONE 0;0 0;0
614 NONE 0;0 0;0
615 NONE 0;0 0;0
