1 KEY_A 0;0 0;0
329 KEY_DRIGHT -29696;13847 0;0
330 KEY_DRIGHT -29696;13847 0;0
331 KEY_DRIGHT -29696;13847 0;0
332 KEY_DRIGHT -29696;13847 0;0
333 KEY_DRIGHT -29696;13847 0;0
334 KEY_DRIGHT -29696;13847 0;0
335 KEY_DRIGHT -29696;13847 0;0
336 KEY_DRIGHT -29696;13847 0;0
337 KEY_DRIGHT -29696;13847 0;0
338 KEY_DRIGHT -29696;13847 0;0
339 KEY_DRIGHT -29696;13847 0;0
340 KEY_DRIGHT -29696;13847 0;0
341 KEY_DRIGHT -29696;13847 0;0
342 KEY_DRIGHT -29696;13847 0;0
343 KEY_DRIGHT -29696;13847 0;0
344 KEY_DRIGHT -29696;13847 0;0
345 KEY_DRIGHT -29696;13847 0;0
346 KEY_DRIGHT -29696;13847 0;0
347 KEY_DRIGHT -29696;13847 0;0
348 KEY_DRIGHT -29696;13847 0;0
1446 KEY_A 0;0 0;0
1447 KEY_B 0;0 0;0
1448 KEY_A 0;0 0;0
1449 KEY_B 0;0 0;0
1450 KEY_A 0;0 0;0
1451 KEY_B 0;0 0;0
1452 KEY_A 0;0 0;0
1453 KEY_B 0;0 0;0
1454 KEY_A 0;0 0;0
1455 KEY_B 0;0 0;0
1456 KEY_A 0;0 0;0
1457 KEY_B 0;0 0;0
1458 KEY_A 0;0 0;0
1459 KEY_B 0;0 0;0
1460 KEY_A 0;0 0;0
1461 KEY_B 0;0 0;0
1462 KEY_A 0;0 0;0
1463 KEY_B 0;0 0;0
1464 KEY_A 0;0 0;0
1465 KEY_B 0;0 0;0
1466 KEY_A 0;0 0;0
1467 KEY_B 0;0 0;0
1468 KEY_A 0;0 0;0
1469 KEY_B 0;0 0;0
1470 KEY_A 0;0 0;0
1471 KEY_B 0;0 0;0
1472 KEY_A 0;0 0;0
1473 KEY_B 0;0 0;0
1474 KEY_A 0;0 0;0
1475 KEY_B 0;0 0;0
1476 KEY_A 0;0 0;0
1477 KEY_B 0;0 0;0
1478 KEY_A 0;0 0;0
1479 KEY_B 0;0 0;0
1480 KEY_A 0;0 0;0
1481 KEY_B 0;0 0;0
1482 KEY_A 0;0 0;0
1483 KEY_B 0;0 0;0
1484 KEY_A 0;0 0;0
1485 KEY_B 0;0 0;0
1486 KEY_A 0;0 0;0
1487 KEY_B 0;0 0;0
1488 KEY_A 0;0 0;0
1489 KEY_B 0;0 0;0
1490 KEY_A 0;0 0;0
1491 KEY_B 0;0 0;0
1492 KEY_A 0;0 0;0
1493 KEY_B 0;0 0;0
1494 KEY_A 0;0 0;0
1495 KEY_B 0;0 0;0
1496 KEY_A 0;0 0;0
1497 KEY_B 0;0 0;0
1498 KEY_A 0;0 0;0
1499 KEY_B 0;0 0;0
1500 KEY_A 0;0 0;0
1501 KEY_B 0;0 0;0
1502 KEY_A 0;0 0;0
1503 KEY_B 0;0 0;0
1504 KEY_A 0;0 0;0
1505 KEY_B 0;0 0;0
1506 KEY_A 0;0 0;0
1507 KEY_B 0;0 0;0
1508 KEY_A 0;0 0;0
1509 KEY_B 0;0 0;0
1510 KEY_A 0;0 0;0
1511 KEY_B 0;0 0;0
1512 KEY_A 0;0 0;0
1513 KEY_B 0;0 0;0
1514 KEY_A 0;0 0;0
1515 KEY_B 0;0 0;0
1516 KEY_A 0;0 0;0
1517 KEY_B 0;0 0;0
1518 KEY_A 0;0 0;0
1519 KEY_B 0;0 0;0
1520 KEY_A 0;0 0;0
1521 KEY_B 0;0 0;0
1522 KEY_A 0;0 0;0
1523 KEY_B 0;0 0;0
1524 KEY_A 0;0 0;0
1525 KEY_B 0;0 0;0
1526 KEY_A 0;0 0;0
1527 KEY_B 0;0 0;0
1528 KEY_A 0;0 0;0
1529 KEY_B 0;0 0;0
1530 KEY_A 0;0 0;0
1531 KEY_B 0;0 0;0
1532 KEY_A 0;0 0;0
1533 KEY_B 0;0 0;0
1534 KEY_A 0;0 0;0
1535 KEY_B 0;0 0;0
1536 KEY_A 0;0 0;0
1537 KEY_B 0;0 0;0
1538 KEY_A 0;0 0;0
1539 KEY_B 0;0 0;0
1540 KEY_A 0;0 0;0
1541 KEY_B 0;0 0;0
1542 KEY_A 0;0 0;0
1543 KEY_B 0;0 0;0
1544 KEY_A 0;0 0;0
1545 KEY_B 0;0 0;0
1546 KEY_A 0;0 0;0
1547 KEY_B 0;0 0;0
1548 KEY_A 0;0 0;0
1549 KEY_B 0;0 0;0
1550 KEY_A 0;0 0;0
1551 KEY_B 0;0 0;0
1552 KEY_A 0;0 0;0
1553 KEY_B 0;0 0;0
1554 KEY_A 0;0 0;0
1555 KEY_B 0;0 0;0
1556 KEY_A 0;0 0;0
1557 KEY_B 0;0 0;0
1558 KEY_A 0;0 0;0
1559 KEY_B 0;0 0;0
1560 KEY_A 0;0 0;0
1561 KEY_B 0;0 0;0
1562 KEY_A 0;0 0;0
1563 KEY_B 0;0 0;0
1564 KEY_A 0;0 0;0
1565 KEY_B 0;0 0;0
1566 KEY_A 0;0 0;0
1567 KEY_B 0;0 0;0
1568 KEY_A 0;0 0;0
1569 KEY_B 0;0 0;0
1570 KEY_A 0;0 0;0
1571 KEY_B 0;0 0;0
1572 KEY_A 0;0 0;0
1573 KEY_B 0;0 0;0
1574 KEY_A 0;0 0;0
1575 KEY_B 0;0 0;0
1576 KEY_A 0;0 0;0
1577 KEY_B 0;0 0;0
1578 KEY_A 0;0 0;0
1579 KEY_B 0;0 0;0
1580 KEY_A 0;0 0;0
1581 KEY_B 0;0 0;0
1582 KEY_A 0;0 0;0
1583 KEY_B 0;0 0;0
1584 KEY_A 0;0 0;0
1585 KEY_B 0;0 0;0
1586 KEY_A 0;0 0;0
1587 KEY_B 0;0 0;0
1588 KEY_A 0;0 0;0
1589 KEY_B 0;0 0;0
1590 KEY_A 0;0 0;0
1591 KEY_B 0;0 0;0
1592 KEY_A 0;0 0;0
1593 KEY_B 0;0 0;0
1594 KEY_A 0;0 0;0
1595 KEY_B 0;0 0;0
1596 KEY_A 0;0 0;0
1597 KEY_B 0;0 0;0
1598 KEY_A 0;0 0;0
1599 KEY_B 0;0 0;0
1600 KEY_A 0;0 0;0
1601 KEY_B 0;0 0;0
1602 KEY_A 0;0 0;0
1603 KEY_B 0;0 0;0
1604 KEY_A 0;0 0;0
1605 KEY_B 0;0 0;0
1606 KEY_A 0;0 0;0
1607 KEY_B 0;0 0;0
1608 KEY_A 0;0 0;0
1609 KEY_B 0;0 0;0
1610 KEY_A 0;0 0;0
1611 KEY_B 0;0 0;0
1612 KEY_A 0;0 0;0
1613 KEY_B 0;0 0;0
1614 KEY_A 0;0 0;0
1615 KEY_B 0;0 0;0
1616 KEY_A 0;0 0;0
1617 KEY_B 0;0 0;0
1618 KEY_A 0;0 0;0
1619 KEY_B 0;0 0;0
1620 KEY_A 0;0 0;0
1621 KEY_B 0;0 0;0
1622 KEY_A 0;0 0;0
1623 KEY_B 0;0 0;0
1624 KEY_A 0;0 0;0
1625 KEY_B 0;0 0;0
1626 KEY_A 0;0 0;0
1627 KEY_B 0;0 0;0
1628 KEY_A 0;0 0;0
1629 KEY_B 0;0 0;0
1630 KEY_A 0;0 0;0
1631 KEY_B 0;0 0;0
1632 KEY_A 0;0 0;0
1633 KEY_B 0;0 0;0
1634 KEY_A 0;0 0;0
1635 KEY_B 0;0 0;0
1636 KEY_A 0;0 0;0
1637 KEY_B 0;0 0;0
1638 KEY_A 0;0 0;0
1639 KEY_B 0;0 0;0
1640 KEY_A 0;0 0;0
1641 KEY_B 0;0 0;0
1642 KEY_A 0;0 0;0
1643 KEY_B 0;0 0;0
1644 KEY_A 0;0 0;0
1645 KEY_B 0;0 0;0
1646 KEY_A 0;0 0;0
1647 KEY_B 0;0 0;0
1648 KEY_A 0;0 0;0
1649 KEY_B 0;0 0;0
1650 KEY_A 0;0 0;0
1651 KEY_B 0;0 0;0
1652 KEY_A 0;0 0;0
1653 KEY_B 0;0 0;0
1654 KEY_A 0;0 0;0
1655 KEY_B 0;0 0;0
1656 KEY_A 0;0 0;0
1657 KEY_B 0;0 0;0
1658 KEY_A 0;0 0;0
1659 KEY_B 0;0 0;0
1660 KEY_A 0;0 0;0
1661 KEY_B 0;0 0;0
1662 KEY_A 0;0 0;0
1663 KEY_B 0;0 0;0
1664 KEY_A 0;0 0;0
1665 KEY_B 0;0 0;0
1666 KEY_A 0;0 0;0
1667 KEY_B 0;0 0;0
1668 KEY_A 0;0 0;0
1669 KEY_B 0;0 0;0
1670 KEY_A 0;0 0;0
1671 KEY_B 0;0 0;0
1672 KEY_A 0;0 0;0
1673 KEY_B 0;0 0;0
1674 KEY_A 0;0 0;0
1675 KEY_B 0;0 0;0
1676 KEY_A 0;0 0;0
1677 KEY_B 0;0 0;0
1678 KEY_A 0;0 0;0
1679 KEY_B 0;0 0;0
1680 KEY_A 0;0 0;0
1681 KEY_B 0;0 0;0
1682 KEY_A 0;0 0;0
1683 KEY_B 0;0 0;0
1684 KEY_A 0;0 0;0
1685 KEY_B 0;0 0;0
1686 KEY_A 0;0 0;0
1687 KEY_B 0;0 0;0
1688 KEY_A 0;0 0;0
1689 KEY_B 0;0 0;0
1690 KEY_A 0;0 0;0
1691 KEY_B 0;0 0;0
1692 KEY_A 0;0 0;0
1693 KEY_B 0;0 0;0
1694 KEY_A 0;0 0;0
1695 KEY_B 0;0 0;0
1696 KEY_A 0;0 0;0
1697 KEY_B 0;0 0;0
1698 KEY_A 0;0 0;0
1699 KEY_B 0;0 0;0
1700 KEY_A 0;0 0;0
1701 KEY_B 0;0 0;0
1702 KEY_A 0;0 0;0
1703 KEY_B 0;0 0;0
1704 KEY_A 0;0 0;0
1705 KEY_B 0;0 0;0
1706 KEY_A 0;0 0;0
1707 KEY_B 0;0 0;0
1708 KEY_A 0;0 0;0
1709 KEY_B 0;0 0;0
1710 KEY_A 0;0 0;0
1711 KEY_B 0;0 0;0
1712 KEY_A 0;0 0;0
1713 KEY_B 0;0 0;0
1714 KEY_A 0;0 0;0
1715 KEY_B 0;0 0;0
1716 KEY_A 0;0 0;0
1717 KEY_B 0;0 0;0
1718 KEY_A 0;0 0;0
1719 KEY_B 0;0 0;0
1720 KEY_A 0;0 0;0
1721 KEY_B 0;0 0;0
1722 KEY_A 0;0 0;0
1723 KEY_B 0;0 0;0
1724 KEY_A 0;0 0;0
1725 KEY_B 0;0 0;0
1726 KEY_A 0;0 0;0
1727 KEY_B 0;0 0;0
1728 KEY_A 0;0 0;0
1729 KEY_B 0;0 0;0
1730 KEY_A 0;0 0;0
1731 KEY_B 0;0 0;0
1732 KEY_A 0;0 0;0
1733 KEY_B 0;0 0;0
1734 KEY_A 0;0 0;0
1735 KEY_B 0;0 0;0
1736 KEY_A 0;0 0;0
1737 KEY_B 0;0 0;0
1738 KEY_A 0;0 0;0
1739 KEY_B 0;0 0;0
1740 KEY_A 0;0 0;0
1741 KEY_B 0;0 0;0
1742 KEY_A 0;0 0;0
1743 KEY_B 0;0 0;0
1744 KEY_A 0;0 0;0
1745 KEY_B 0;0 0;0
1746 KEY_A 0;0 0;0
1747 KEY_B 0;0 0;0
1748 KEY_A 0;0 0;0
1749 KEY_B 0;0 0;0
1750 KEY_A 0;0 0;0
1751 KEY_B 0;0 0;0
1752 KEY_A 0;0 0;0
1753 KEY_B 0;0 0;0
1754 KEY_A 0;0 0;0
1755 KEY_B 0;0 0;0
1756 KEY_A 0;0 0;0
1757 KEY_B 0;0 0;0
1758 KEY_A 0;0 0;0
1759 KEY_B 0;0 0;0
1760 KEY_A 0;0 0;0
1761 KEY_B 0;0 0;0
1762 KEY_A 0;0 0;0
1763 KEY_B 0;0 0;0
1764 KEY_A 0;0 0;0
1765 KEY_B 0;0 0;0
1766 KEY_A 0;0 0;0
1767 KEY_B 0;0 0;0
1768 KEY_A 0;0 0;0
1769 KEY_B 0;0 0;0
1770 KEY_A 0;0 0;0
1771 KEY_B 0;0 0;0
1772 KEY_A 0;0 0;0
1773 KEY_B 0;0 0;0
1774 KEY_A 0;0 0;0
1775 KEY_B 0;0 0;0
1776 KEY_A 0;0 0;0
1777 KEY_B 0;0 0;0
1778 KEY_A 0;0 0;0
1779 KEY_B 0;0 0;0
1780 KEY_A 0;0 0;0
1781 KEY_B 0;0 0;0
1782 KEY_A 0;0 0;0
1783 KEY_B 0;0 0;0
1784 KEY_A 0;0 0;0
1785 KEY_B 0;0 0;0
1786 KEY_A 0;0 0;0
1787 KEY_B 0;0 0;0
1788 KEY_A 0;0 0;0
1789 KEY_B 0;0 0;0
1790 KEY_A 0;0 0;0
1791 KEY_B 0;0 0;0
1792 KEY_A 0;0 0;0
1793 KEY_B 0;0 0;0
1794 KEY_A 0;0 0;0
1795 KEY_B 0;0 0;0
1796 KEY_A 0;0 0;0
1797 KEY_B 0;0 0;0
1798 KEY_A 0;0 0;0
1799 KEY_B 0;0 0;0
1800 KEY_A 0;0 0;0
1801 KEY_B 0;0 0;0
1802 KEY_A 0;0 0;0
1803 KEY_B 0;0 0;0
1804 KEY_A 0;0 0;0
1805 KEY_B 0;0 0;0
1806 KEY_A 0;0 0;0
1807 KEY_B 0;0 0;0
1808 KEY_A 0;0 0;0
1809 KEY_B 0;0 0;0
1810 KEY_A 0;0 0;0
1811 KEY_B 0;0 0;0
1812 KEY_A 0;0 0;0
1813 KEY_B 0;0 0;0
1814 KEY_A 0;0 0;0
1815 KEY_B 0;0 0;0
1816 KEY_A 0;0 0;0
1817 KEY_B 0;0 0;0
1818 KEY_A 0;0 0;0
1819 KEY_B 0;0 0;0
1820 KEY_A 0;0 0;0
1821 KEY_B 0;0 0;0
1822 KEY_A 0;0 0;0
1823 KEY_B 0;0 0;0
1824 KEY_A 0;0 0;0
1825 KEY_B 0;0 0;0
1826 KEY_A 0;0 0;0
1827 KEY_B 0;0 0;0
1828 KEY_A 0;0 0;0
1829 KEY_B 0;0 0;0
1830 KEY_A 0;0 0;0
1831 KEY_B 0;0 0;0
1832 KEY_A 0;0 0;0
1833 KEY_B 0;0 0;0
1834 KEY_A 0;0 0;0
1835 KEY_B 0;0 0;0
1836 KEY_A 0;0 0;0
1837 KEY_B 0;0 0;0
1838 KEY_A 0;0 0;0
1839 KEY_B 0;0 0;0
1840 KEY_A 0;0 0;0
1841 KEY_B 0;0 0;0
1842 KEY_A 0;0 0;0
1843 KEY_B 0;0 0;0
1844 KEY_A 0;0 0;0
1845 KEY_B 0;0 0;0
1846 KEY_A 0;0 0;0
1847 KEY_B 0;0 0;0
1848 KEY_A 0;0 0;0
1849 KEY_B 0;0 0;0
1850 KEY_A 0;0 0;0
1851 KEY_B 0;0 0;0
1852 KEY_A 0;0 0;0
1853 KEY_B 0;0 0;0
1854 KEY_A 0;0 0;0
1855 KEY_B 0;0 0;0
1856 KEY_A 0;0 0;0
1857 KEY_B 0;0 0;0
1858 KEY_A 0;0 0;0
1859 KEY_B 0;0 0;0
1860 KEY_A 0;0 0;0
1861 KEY_B 0;0 0;0
1862 KEY_A 0;0 0;0
1863 KEY_B 0;0 0;0
1864 KEY_A 0;0 0;0
1865 KEY_B 0;0 0;0
1866 KEY_A 0;0 0;0
1867 KEY_B 0;0 0;0
1868 KEY_A 0;0 0;0
1869 KEY_B 0;0 0;0
1870 KEY_A 0;0 0;0
1871 KEY_B 0;0 0;0
1872 KEY_A 0;0 0;0
1873 KEY_B 0;0 0;0
1874 KEY_A 0;0 0;0
1875 KEY_B 0;0 0;0
1876 KEY_A 0;0 0;0
1877 KEY_B 0;0 0;0
1878 KEY_A 0;0 0;0
1879 KEY_B 0;0 0;0
1880 KEY_A 0;0 0;0
1881 KEY_B 0;0 0;0
1882 KEY_A 0;0 0;0
1883 KEY_B 0;0 0;0
1884 KEY_A 0;0 0;0
1885 KEY_B 0;0 0;0
1886 KEY_A 0;0 0;0
1887 KEY_B 0;0 0;0
1888 KEY_A 0;0 0;0
1889 KEY_B 0;0 0;0
1890 KEY_A 0;0 0;0
1891 KEY_B 0;0 0;0
1892 KEY_A 0;0 0;0
1893 KEY_B 0;0 0;0
1894 KEY_A 0;0 0;0
1895 KEY_B 0;0 0;0
1896 KEY_A 0;0 0;0
1897 KEY_B 0;0 0;0
1898 KEY_A 0;0 0;0
1899 KEY_B 0;0 0;0
1900 KEY_A 0;0 0;0
1901 KEY_B 0;0 0;0
1902 KEY_A 0;0 0;0
1903 KEY_B 0;0 0;0
1904 KEY_A 0;0 0;0
1905 KEY_B 0;0 0;0
1906 KEY_A 0;0 0;0
1907 KEY_B 0;0 0;0
1908 KEY_A 0;0 0;0
1909 KEY_B 0;0 0;0
1910 KEY_A 0;0 0;0
1911 KEY_B 0;0 0;0
1912 KEY_A 0;0 0;0
1913 KEY_B 0;0 0;0
1914 KEY_A 0;0 0;0
1915 KEY_B 0;0 0;0
1916 KEY_A 0;0 0;0
1917 KEY_B 0;0 0;0
1918 KEY_A 0;0 0;0
1919 KEY_B 0;0 0;0
1920 KEY_A 0;0 0;0
1921 KEY_B 0;0 0;0
1922 KEY_A 0;0 0;0
1923 KEY_B 0;0 0;0
1924 KEY_A 0;0 0;0
1925 KEY_B 0;0 0;0
1926 KEY_A 0;0 0;0
1927 KEY_B 0;0 0;0
1928 KEY_A 0;0 0;0
1929 KEY_B 0;0 0;0
1930 KEY_A 0;0 0;0
1931 KEY_B 0;0 0;0
1932 KEY_A 0;0 0;0
1933 KEY_B 0;0 0;0
1934 KEY_A 0;0 0;0
1935 KEY_B 0;0 0;0
1936 KEY_A 0;0 0;0
1937 KEY_B 0;0 0;0
1938 KEY_A 0;0 0;0
1939 KEY_B 0;0 0;0
1940 KEY_A 0;0 0;0
1941 KEY_B 0;0 0;0
1942 KEY_A 0;0 0;0
1943 KEY_B 0;0 0;0
1944 KEY_A 0;0 0;0
1945 KEY_B 0;0 0;0
1946 KEY_A 0;0 0;0
1947 KEY_B 0;0 0;0
1948 KEY_A 0;0 0;0
1949 KEY_B 0;0 0;0
1950 KEY_A 0;0 0;0
1951 KEY_B 0;0 0;0
1952 KEY_A 0;0 0;0
1953 KEY_B 0;0 0;0
1954 KEY_A 0;0 0;0
1955 KEY_B 0;0 0;0
1956 KEY_A 0;0 0;0
1957 KEY_B 0;0 0;0
1958 KEY_A 0;0 0;0
1959 KEY_B 0;0 0;0
1960 KEY_A 0;0 0;0
1961 KEY_B 0;0 0;0
1962 KEY_A 0;0 0;0
1963 KEY_B 0;0 0;0
1964 KEY_A 0;0 0;0
1965 KEY_B 0;0 0;0
1966 KEY_A 0;0 0;0
1967 KEY_B 0;0 0;0
1968 KEY_A 0;0 0;0
1969 KEY_B 0;0 0;0
1970 KEY_A 0;0 0;0
1971 KEY_B 0;0 0;0
1972 KEY_A 0;0 0;0
1973 KEY_B 0;0 0;0
1974 KEY_A 0;0 0;0
1975 KEY_B 0;0 0;0
1976 KEY_A 0;0 0;0
1977 KEY_B 0;0 0;0
1978 KEY_A 0;0 0;0
1979 KEY_B 0;0 0;0
1980 KEY_A 0;0 0;0
1981 KEY_B 0;0 0;0
1982 KEY_A 0;0 0;0
1983 KEY_B 0;0 0;0
1984 KEY_A 0;0 0;0
1985 KEY_B 0;0 0;0
1986 KEY_A 0;0 0;0
1987 KEY_B 0;0 0;0
1988 KEY_A 0;0 0;0
1989 KEY_B 0;0 0;0
1990 KEY_A 0;0 0;0
1991 KEY_B 0;0 0;0
1992 KEY_A 0;0 0;0
1993 KEY_B 0;0 0;0
1994 KEY_A 0;0 0;0
1995 KEY_B 0;0 0;0
1996 KEY_A 0;0 0;0
1997 KEY_B 0;0 0;0
1998 KEY_A 0;0 0;0
1999 KEY_B 0;0 0;0
2000 KEY_A 0;0 0;0
2001 KEY_B 0;0 0;0
2002 KEY_A 0;0 0;0
2003 KEY_B 0;0 0;0
2004 KEY_A 0;0 0;0
2005 KEY_B 0;0 0;0
2006 KEY_A 0;0 0;0
2007 KEY_B 0;0 0;0
2008 KEY_A 0;0 0;0
2009 KEY_B 0;0 0;0
2010 KEY_A 0;0 0;0
2011 KEY_B 0;0 0;0
2012 KEY_A 0;0 0;0
2013 KEY_B 0;0 0;0
2014 KEY_A 0;0 0;0
2015 KEY_B 0;0 0;0
2016 KEY_A 0;0 0;0
2017 KEY_B 0;0 0;0
2018 KEY_A 0;0 0;0
2019 KEY_B 0;0 0;0
2020 KEY_A 0;0 0;0
2021 KEY_B 0;0 0;0
2022 KEY_A 0;0 0;0
2023 KEY_B 0;0 0;0
2024 KEY_A 0;0 0;0
2025 KEY_B 0;0 0;0
2026 KEY_A 0;0 0;0
2027 KEY_B 0;0 0;0
2028 KEY_A 0;0 0;0
2029 KEY_B 0;0 0;0
2030 KEY_A 0;0 0;0
2031 KEY_B 0;0 0;0
2032 KEY_A 0;0 0;0
2033 KEY_B 0;0 0;0
2034 KEY_A 0;0 0;0
2035 KEY_B 0;0 0;0
2036 KEY_A 0;0 0;0
2037 KEY_B 0;0 0;0
2038 KEY_A 0;0 0;0
2039 KEY_B 0;0 0;0
2040 KEY_A 0;0 0;0
2041 KEY_B 0;0 0;0
2042 KEY_A 0;0 0;0
2043 KEY_B 0;0 0;0
2044 KEY_A 0;0 0;0
2045 KEY_B 0;0 0;0
2046 KEY_A 0;0 0;0
2047 KEY_B 0;0 0;0
2048 KEY_A 0;0 0;0
2049 KEY_B 0;0 0;0
2050 KEY_A 0;0 0;0
2051 KEY_B 0;0 0;0
2052 KEY_A 0;0 0;0
2053 KEY_B 0;0 0;0
2054 KEY_A 0;0 0;0
2055 KEY_B 0;0 0;0
2056 KEY_A 0;0 0;0
2057 KEY_B 0;0 0;0
2058 KEY_A 0;0 0;0
2059 KEY_B 0;0 0;0
2060 KEY_A 0;0 0;0
2061 KEY_B 0;0 0;0
2062 KEY_A 0;0 0;0
2063 KEY_B 0;0 0;0
2064 KEY_A 0;0 0;0
2065 KEY_B 0;0 0;0
2066 KEY_A 0;0 0;0
2067 KEY_B 0;0 0;0
2068 KEY_A 0;0 0;0
2069 KEY_B 0;0 0;0
2070 KEY_A 0;0 0;0
2071 KEY_B 0;0 0;0
2072 KEY_A 0;0 0;0
2073 KEY_B 0;0 0;0
2074 KEY_A 0;0 0;0
2075 KEY_B 0;0 0;0
2076 KEY_A 0;0 0;0
2077 KEY_B 0;0 0;0
2078 KEY_A 0;0 0;0
2079 KEY_B 0;0 0;0
2080 KEY_A 0;0 0;0
2081 KEY_B 0;0 0;0
2082 KEY_A 0;0 0;0
2083 KEY_B 0;0 0;0
2084 KEY_A 0;0 0;0
2085 KEY_B 0;0 0;0
2086 KEY_A 0;0 0;0
2087 KEY_B 0;0 0;0
2088 KEY_A 0;0 0;0
2089 KEY_B 0;0 0;0
2090 KEY_A 0;0 0;0
2091 KEY_B 0;0 0;0
2092 KEY_A 0;0 0;0
2093 KEY_B 0;0 0;0
2094 KEY_A 0;0 0;0
2095 KEY_B 0;0 0;0
2096 KEY_A 0;0 0;0
2097 KEY_B 0;0 0;0
2098 KEY_A 0;0 0;0
2099 KEY_B 0;0 0;0
2100 KEY_A 0;0 0;0
2101 KEY_B 0;0 0;0
2145 KEY_PLUS 0;0 0;0
2154 KEY_PLUS 0;0 0;0
2177 KEY_A 0;0 0;0
2227 KEY_PLUS 0;0 0;0
2236 KEY_PLUS 0;0 0;0
2259 KEY_A 0;0 0;0
2267 KEY_A 0;0 0;0
2268 KEY_B 0;0 0;0
2269 KEY_A 0;0 0;0
2270 KEY_B 0;0 0;0
2271 KEY_A 0;0 0;0
2272 KEY_B 0;0 0;0
2273 KEY_A 0;0 0;0
2274 KEY_B 0;0 0;0
2275 KEY_A 0;0 0;0
2276 KEY_B 0;0 0;0
2277 KEY_A 0;0 0;0
2278 KEY_B 0;0 0;0
2279 KEY_A 0;0 0;0
2280 KEY_B 0;0 0;0
2281 KEY_A 0;0 0;0
2282 KEY_B 0;0 0;0
2283 KEY_A 0;0 0;0
2284 KEY_B 0;0 0;0
2285 KEY_A 0;0 0;0
2286 KEY_B 0;0 0;0
2287 KEY_A 0;0 0;0
2288 KEY_B 0;0 0;0
2289 KEY_A 0;0 0;0
2290 KEY_B 0;0 0;0
2291 KEY_A 0;0 0;0
2292 KEY_B 0;0 0;0
2293 KEY_A 0;0 0;0
2294 KEY_B 0;0 0;0
2295 KEY_A 0;0 0;0
2296 KEY_B 0;0 0;0
2297 KEY_A 0;0 0;0
2298 KEY_B 0;0 0;0
2299 KEY_A 0;0 0;0
2300 KEY_B 0;0 0;0
2301 KEY_A 0;0 0;0
2302 KEY_B 0;0 0;0
2303 KEY_A 0;0 0;0
2304 KEY_B 0;0 0;0
2305 KEY_A 0;0 0;0
2306 KEY_B 0;0 0;0
2307 KEY_A 0;0 0;0
2308 KEY_B 0;0 0;0
2309 KEY_A 0;0 0;0
2310 KEY_B 0;0 0;0
2311 KEY_A 0;0 0;0
2312 KEY_B 0;0 0;0
2313 KEY_A 0;0 0;0
2314 KEY_B 0;0 0;0
2315 KEY_A 0;0 0;0
2316 KEY_B 0;0 0;0
2317 KEY_A 0;0 0;0
2318 KEY_B 0;0 0;0
2319 KEY_A 0;0 0;0
2320 KEY_B 0;0 0;0
2321 KEY_A 0;0 0;0
2322 KEY_B 0;0 0;0
2323 KEY_A 0;0 0;0
2324 KEY_B 0;0 0;0
2325 KEY_A 0;0 0;0
2326 KEY_B 0;0 0;0
2327 KEY_A 0;0 0;0
2328 KEY_B 0;0 0;0
2329 KEY_A 0;0 0;0
2330 KEY_B 0;0 0;0
2331 KEY_A 0;0 0;0
2332 KEY_B 0;0 0;0
2333 KEY_A 0;0 0;0
2334 KEY_B 0;0 0;0
2335 KEY_A 0;0 0;0
2336 KEY_B 0;0 0;0
2337 KEY_A 0;0 0;0
2338 KEY_B 0;0 0;0
2339 KEY_A 0;0 0;0
2340 KEY_B 0;0 0;0
2341 KEY_A 0;0 0;0
2342 KEY_B 0;0 0;0
2343 KEY_A 0;0 0;0
2344 KEY_B 0;0 0;0
2345 KEY_A 0;0 0;0
2346 KEY_B 0;0 0;0
2347 KEY_A 0;0 0;0
2348 KEY_B 0;0 0;0
2349 KEY_A 0;0 0;0
2350 KEY_B 0;0 0;0
2351 KEY_A 0;0 0;0
2352 KEY_B 0;0 0;0
2353 KEY_A 0;0 0;0
2354 KEY_B 0;0 0;0
2355 KEY_A 0;0 0;0
2356 KEY_B 0;0 0;0
2357 KEY_A 0;0 0;0
2358 KEY_B 0;0 0;0
2359 KEY_A 0;0 0;0
2360 KEY_B 0;0 0;0
2361 KEY_A 0;0 0;0
2362 KEY_B 0;0 0;0
2363 KEY_A 0;0 0;0
2364 KEY_B 0;0 0;0
2365 KEY_A 0;0 0;0
2366 KEY_B 0;0 0;0
2367 KEY_A 0;0 0;0
2368 KEY_B 0;0 0;0
2369 KEY_A 0;0 0;0
2370 KEY_B 0;0 0;0
2371 KEY_A 0;0 0;0
2372 KEY_B 0;0 0;0
2373 KEY_A 0;0 0;0
2374 KEY_B 0;0 0;0
2375 KEY_A 0;0 0;0
2376 KEY_B 0;0 0;0
2377 KEY_A 0;0 0;0
2378 KEY_B 0;0 0;0
2379 KEY_A 0;0 0;0
2380 KEY_B 0;0 0;0
2381 KEY_A 0;0 0;0
2382 KEY_B 0;0 0;0
2383 KEY_A 0;0 0;0
2384 KEY_B 0;0 0;0
2385 KEY_A 0;0 0;0
2386 KEY_B 0;0 0;0
2387 KEY_A 0;0 0;0
2388 KEY_B 0;0 0;0
2389 KEY_A 0;0 0;0
2390 KEY_B 0;0 0;0
2391 KEY_A 0;0 0;0
2392 KEY_B 0;0 0;0
2393 KEY_A 0;0 0;0
2394 KEY_B 0;0 0;0
2395 KEY_A 0;0 0;0
2396 KEY_B 0;0 0;0
2397 KEY_A 0;0 0;0
2398 KEY_B 0;0 0;0
2399 KEY_A 0;0 0;0
2400 KEY_B 0;0 0;0
2401 KEY_A 0;0 0;0
2402 KEY_B 0;0 0;0
2403 KEY_A 0;0 0;0
2404 KEY_B 0;0 0;0
2405 KEY_A 0;0 0;0
2406 KEY_B 0;0 0;0
2407 KEY_A 0;0 0;0
2408 KEY_B 0;0 0;0
2409 KEY_A 0;0 0;0
2410 KEY_B 0;0 0;0
2411 KEY_A 0;0 0;0
2412 KEY_B 0;0 0;0
2413 KEY_A 0;0 0;0
2414 KEY_B 0;0 0;0
2415 KEY_A 0;0 0;0
2416 KEY_B 0;0 0;0
2417 KEY_A 0;0 0;0
2418 KEY_B 0;0 0;0
2419 KEY_A 0;0 0;0
2420 KEY_B 0;0 0;0
2421 KEY_A 0;0 0;0
2422 KEY_B 0;0 0;0
2423 KEY_A 0;0 0;0
2424 KEY_B 0;0 0;0
2425 KEY_A 0;0 0;0
2426 KEY_B 0;0 0;0
2427 KEY_A 0;0 0;0
2428 KEY_B 0;0 0;0
2429 KEY_A 0;0 0;0
2430 KEY_B 0;0 0;0
2431 KEY_A 0;0 0;0
2432 KEY_B 0;0 0;0
2433 KEY_A 0;0 0;0
2434 KEY_B 0;0 0;0
2435 KEY_A 0;0 0;0
2436 KEY_B 0;0 0;0
2437 KEY_A 0;0 0;0
2438 KEY_B 0;0 0;0
2439 KEY_A 0;0 0;0
2440 KEY_B 0;0 0;0
2441 KEY_A 0;0 0;0
2442 KEY_B 0;0 0;0
2443 KEY_A 0;0 0;0
2444 KEY_B 0;0 0;0
2445 KEY_A 0;0 0;0
2446 KEY_B 0;0 0;0
2447 KEY_A 0;0 0;0
2448 KEY_B 0;0 0;0
2449 KEY_A 0;0 0;0
2450 KEY_B 0;0 0;0
2451 KEY_A 0;0 0;0
2452 KEY_B 0;0 0;0
2453 KEY_A 0;0 0;0
2454 KEY_B 0;0 0;0
2455 KEY_A 0;0 0;0
2456 KEY_B 0;0 0;0
2457 KEY_A 0;0 0;0
2458 KEY_B 0;0 0;0
2459 KEY_A 0;0 0;0
2460 KEY_B 0;0 0;0
2461 KEY_A 0;0 0;0
2462 KEY_B 0;0 0;0
2463 KEY_A 0;0 0;0
2464 KEY_B 0;0 0;0
2465 KEY_A 0;0 0;0
2466 KEY_B 0;0 0;0
2467 KEY_A 0;0 0;0
2468 KEY_B 0;0 0;0
2469 KEY_A 0;0 0;0
2470 KEY_B 0;0 0;0
2471 KEY_A 0;0 0;0
2472 KEY_B 0;0 0;0
2473 KEY_A 0;0 0;0
2474 KEY_B 0;0 0;0
2475 KEY_A 0;0 0;0
2476 KEY_B 0;0 0;0
2477 KEY_A 0;0 0;0
2478 KEY_B 0;0 0;0
2479 KEY_A 0;0 0;0
2480 KEY_B 0;0 0;0
2481 KEY_A 0;0 0;0
2482 KEY_B 0;0 0;0
2483 KEY_A 0;0 0;0
2484 KEY_B 0;0 0;0
2485 KEY_A 0;0 0;0
2486 KEY_B 0;0 0;0
2487 KEY_A 0;0 0;0
2488 KEY_B 0;0 0;0
2489 KEY_A 0;0 0;0
2490 KEY_B 0;0 0;0
2491 KEY_A 0;0 0;0
2492 KEY_B 0;0 0;0
2493 KEY_A 0;0 0;0
2494 KEY_B 0;0 0;0
2495 KEY_A 0;0 0;0
2496 KEY_B 0;0 0;0
2497 KEY_A 0;0 0;0
2498 KEY_B 0;0 0;0
2499 KEY_A 0;0 0;0
2500 KEY_B 0;0 0;0
2501 KEY_A 0;0 0;0
2502 KEY_B 0;0 0;0
2503 KEY_A 0;0 0;0
2504 KEY_B 0;0 0;0
2505 KEY_A 0;0 0;0
2506 KEY_B 0;0 0;0
2507 KEY_A 0;0 0;0
2508 KEY_B 0;0 0;0
2509 KEY_A 0;0 0;0
2510 KEY_B 0;0 0;0
2511 KEY_A 0;0 0;0
2512 KEY_B 0;0 0;0
2513 KEY_A 0;0 0;0
2514 KEY_B 0;0 0;0
2515 KEY_A 0;0 0;0
2516 KEY_B 0;0 0;0
2517 KEY_A 0;0 0;0
2518 KEY_B 0;0 0;0
2519 KEY_A 0;0 0;0
2520 KEY_B 0;0 0;0
2521 KEY_A 0;0 0;0
2522 KEY_B 0;0 0;0
2523 KEY_A 0;0 0;0
2524 KEY_B 0;0 0;0
2525 KEY_A 0;0 0;0
2526 KEY_B 0;0 0;0
2527 KEY_A 0;0 0;0
2528 KEY_B 0;0 0;0
2529 KEY_A 0;0 0;0
2530 KEY_B 0;0 0;0
2531 KEY_A 0;0 0;0
2532 KEY_B 0;0 0;0
2533 KEY_A 0;0 0;0
2534 KEY_B 0;0 0;0
2535 KEY_A 0;0 0;0
2536 KEY_B 0;0 0;0
2537 KEY_A 0;0 0;0
2538 KEY_B 0;0 0;0
2539 KEY_A 0;0 0;0
2540 KEY_B 0;0 0;0
2541 KEY_A 0;0 0;0
2542 KEY_B 0;0 0;0
2543 KEY_A 0;0 0;0
2544 KEY_B 0;0 0;0
2545 KEY_A 0;0 0;0
2546 KEY_B 0;0 0;0
2547 KEY_A 0;0 0;0
2548 KEY_B 0;0 0;0
2549 KEY_A 0;0 0;0
2550 KEY_B 0;0 0;0
2551 KEY_A 0;0 0;0
2552 KEY_B 0;0 0;0
2553 KEY_A 0;0 0;0
2554 KEY_B 0;0 0;0
2555 KEY_A 0;0 0;0
2556 KEY_B 0;0 0;0
2557 KEY_A 0;0 0;0
2558 KEY_B 0;0 0;0
2559 KEY_A 0;0 0;0
2560 KEY_B 0;0 0;0
2561 KEY_A 0;0 0;0
2562 KEY_B 0;0 0;0
2581 KEY_PLUS 0;0 0;0
2590 KEY_PLUS 0;0 0;0
2613 KEY_A 0;0 0;0
2682 KEY_PLUS 0;0 0;0
2691 KEY_PLUS 0;0 0;0
2714 KEY_A 0;0 0;0
2750 KEY_A 0;0 0;0
