1 NONE 0;0 0;0
2 NONE 0;0 0;0
3 NONE 0;0 0;0
4 NONE 0;0 0;0
5 KEY_PLUS 0;0 0;0
6 NONE 0;0 0;0
7 NONE 0;0 0;0
8 NONE 0;0 0;0
9 NONE 0;0 0;0
10 NONE 0;32767 0;0
11 NONE 0;0 0;0
12 NONE 0;0 0;0
13 NONE 0;0 0;0
14 NONE 0;0 0;0
15 KEY_A 0;0 0;0
16 NONE 0;0 0;0
17 NONE 0;0 0;0
18 NONE 0;0 0;0
19 NONE 0;0 0;0
20 NONE 0;0 0;0
21 NONE 0;0 0;0
22 NONE 0;0 0;0
23 NONE 0;0 0;0
24 NONE 0;0 0;0
25 NONE 0;0 0;0
26 NONE 0;0 0;0
27 NONE 0;0 0;0
28 NONE 0;0 0;0
29 NONE 0;0 0;0
30 NONE 0;0 0;0
31 NONE 0;0 0;0
32 NONE 0;0 0;0
33 NONE 0;0 0;0
34 NONE 0;0 0;0
35 NONE 0;0 0;0
36 NONE 0;0 0;0
37 NONE 0;0 0;0
38 NONE 0;0 0;0
39 NONE 0;0 0;0
40 NONE 0;0 0;0
41 NONE 0;0 0;0
42 NONE 0;0 0;0
43 NONE 0;0 0;0
44 NONE 0;0 0;0
45 NONE 0;0 0;0
46 NONE 0;0 0;0
47 NONE 0;0 0;0
48 NONE 0;0 0;0
49 NONE 0;0 0;0
50 NONE 0;0 0;0
51 NONE 0;0 0;0
52 NONE 0;0 0;0
53 NONE 0;0 0;0
54 NONE 0;0 0;0
55 NONE 0;0 0;0
56 NONE 0;0 0;0
57 NONE 0;0 0;0
58 NONE 0;0 0;0
59 NONE 0;0 0;0
60 NONE 0;0 0;0
61 NONE 0;0 0;0
62 NONE 0;0 0;0
63 NONE 0;0 0;0
64 NONE 0;0 0;0
65 NONE 0;0 0;0
66 NONE 0;0 0;0
67 NONE 0;0 0;0
68 NONE 0;0 0;0
69 NONE 0;0 0;0
70 NONE 0;0 0;0
71 NONE 0;0 0;0
72 NONE 0;0 0;0
73 NONE 0;0 0;0
74 NONE 0;0 0;0
75 NONE 0;0 0;0
76 NONE 0;0 0;0
77 NONE 0;0 0;0
78 NONE 0;0 0;0
79 NONE 0;0 0;0
80 NONE 0;0 0;0
81 NONE 0;0 0;0
82 NONE 0;0 0;0
83 NONE 0;0 0;0
84 NONE 0;0 0;0
85 NONE 0;0 0;0
86 NONE 0;0 0;0
87 NONE 0;0 0;0
88 NONE 0;0 0;0
89 NONE 0;0 0;0
90 NONE 0;0 0;0
91 NONE 0;0 0;0
92 NONE 0;0 0;0
93 NONE 0;0 0;0
94 NONE 0;0 0;0
95 NONE 0;0 0;0
96 NONE 0;0 0;0
97 NONE 0;0 0;0
98 NONE 0;0 0;0
99 NONE 0;0 0;0
100 NONE 0;0 0;0
101 NONE 0;0 0;0
102 NONE 0;0 0;0
103 NONE 0;0 0;0
104 NONE 0;0 0;0
105 NONE 0;0 0;0
106 NONE 0;0 0;0
107 NONE 0;0 0;0
108 NONE 0;0 0;0
109 NONE 0;0 0;0
110 NONE 0;0 0;0
111 NONE 0;0 0;0
112 NONE 0;0 0;0
113 NONE 0;0 0;0
114 NONE 0;0 0;0
115 NONE 0;0 0;0
116 NONE 0;0 0;0
117 NONE 0;0 0;0
118 NONE 0;0 0;0
119 NONE 0;0 0;0
120 NONE 0;0 0;0
121 NONE 0;0 0;0
122 NONE 0;0 0;0
123 NONE 0;0 0;0
124 NONE 0;0 0;0
125 NONE 0;0 0;0
126 NONE 0;0 0;0
127 NONE 0;0 0;0
128 NONE 0;0 0;0
129 NONE 0;0 0;0
130 NONE 0;0 0;0
131 NONE 0;0 0;0
132 NONE 0;0 0;0
133 NONE 0;0 0;0
134 NONE 0;0 0;0
135 NONE 0;0 0;0
136 NONE 0;0 0;0
137 NONE 0;0 0;0
138 NONE 0;0 0;0
139 NONE 0;0 0;0
140 NONE 0;0 0;0
141 NONE 0;0 0;0
142 NONE 0;0 0;0
143 NONE 0;0 0;0
144 NONE 0;0 0;0
145 NONE 0;0 0;0
146 NONE 0;0 0;0
147 NONE 0;0 0;0
148 NONE 0;0 0;0
149 NONE 0;0 0;0
150 NONE 0;0 0;0
151 NONE 0;0 0;0
152 NONE 0;0 0;0
153 NONE 0;0 0;0
154 NONE 0;0 0;0
155 NONE 0;0 0;0
156 NONE 0;0 0;0
157 NONE 0;0 0;0
158 NONE 0;0 0;0
159 NONE 0;0 0;0
160 NONE 0;0 0;0
161 NONE 0;0 0;0
162 NONE 0;0 0;0
163 NONE 0;0 0;0
164 NONE 0;0 0;0
165 NONE 0;0 0;0
166 NONE 0;0 0;0
167 NONE 0;0 0;0
168 NONE 0;0 0;0
169 NONE 0;0 0;0
170 NONE 0;0 0;0
171 NONE 0;0 0;0
172 NONE 0;0 0;0
173 NONE 0;0 0;0
174 NONE 0;0 0;0
175 NONE 0;0 0;0
176 NONE 0;0 0;0
177 NONE 0;0 0;0
178 NONE 0;0 0;0
179 NONE 0;0 0;0
180 NONE 0;0 0;0
181 NONE 0;0 0;0
182 NONE 0;0 0;0
183 NONE 0;0 0;0
184 NONE 0;0 0;0
185 NONE 0;0 0;0
186 NONE 0;0 0;0
187 NONE 0;0 0;0
188 NONE 0;0 0;0
189 NONE 0;0 0;0
190 NONE 0;0 0;0
191 NONE 0;0 0;0
192 NONE 0;0 0;0
193 NONE 0;0 0;0
194 NONE 0;0 0;0
195 NONE 0;0 0;0
196 NONE 0;0 0;0
197 NONE 0;0 0;0
198 NONE 0;0 0;0
199 NONE 0;0 0;0
200 NONE 0;0 0;0
201 NONE 0;0 0;0
202 NONE 0;0 0;0
203 NONE 0;0 0;0
204 NONE 0;0 0;0
205 NONE 0;0 0;0
206 NONE 0;0 0;0
207 NONE 0;0 0;0
208 NONE 0;0 0;0
209 NONE 0;0 0;0
210 NONE 0;0 0;0
211 NONE 0;0 0;0
212 NONE 0;0 0;0
213 NONE 0;0 0;0
214 NONE 0;0 0;0
215 NONE 0;0 0;0
216 NONE 0;0 0;0
217 NONE 0;0 0;0
218 NONE 0;0 0;0
219 NONE 0;0 0;0
220 NONE 0;0 0;0
221 NONE 0;0 0;0
222 NONE 0;0 0;0
223 NONE 0;0 0;0
224 NONE 0;0 0;0
225 NONE 0;0 0;0
226 NONE 0;0 0;0
227 NONE 0;0 0;0
228 NONE 0;0 0;0
229 NONE 0;0 0;0
230 NONE 0;0 0;0
231 NONE 0;0 0;0
232 NONE 0;0 0;0
233 NONE 0;0 0;0
234 NONE 0;0 0;0
235 NONE 0;0 0;0
236 NONE 0;0 0;0
237 NONE 0;0 0;0
238 NONE 0;0 0;0
239 NONE 0;0 0;0
240 NONE 0;0 0;0
241 NONE 0;0 0;0
242 NONE 0;0 0;0
243 NONE 0;0 0;0
244 NONE 0;0 0;0
245 NONE 0;0 0;0
246 NONE 0;0 0;0
247 NONE 0;0 0;0
248 NONE 0;0 0;0
249 NONE 0;0 0;0
250 NONE 0;0 0;0
251 NONE 0;0 0;0
252 NONE 0;0 0;0
253 NONE 0;0 0;0
254 NONE 0;0 0;0
255 NONE 0;0 0;0
256 NONE 0;0 0;0
257 NONE 0;0 0;0
258 NONE 0;0 0;0
259 NONE 0;0 0;0
260 NONE 0;0 0;0
261 NONE 0;0 0;0
262 NONE 0;0 0;0
263 NONE 0;0 0;0
264 NONE 0;0 0;0
265 NONE 0;0 0;0
266 NONE 0;0 0;0
267 NONE 0;0 0;0
268 NONE 0;0 0;0
269 NONE 0;0 0;0
270 NONE 0;0 0;0
271 NONE 0;0 0;0
272 NONE 0;0 0;0
273 NONE 0;0 0;0
274 NONE 0;0 0;0
275 NONE 0;0 0;0
276 KEY_ZL -21255;24937 0;0
277 KEY_ZL -21255;24937 0;0
278 KEY_ZL -21255;24937 0;0
279 KEY_ZL -21255;24937 0;0
280 KEY_ZL -21255;24937 0;0
281 KEY_ZL -21255;24937 0;0
282 KEY_ZL -21255;24937 0;0
283 KEY_ZL -21255;24937 0;0
284 KEY_ZL -21255;24937 0;0
285 KEY_ZL -21255;24937 0;0
286 KEY_ZL -21255;24937 0;0
287 KEY_ZL -21255;24937 0;0
288 KEY_ZL -21255;24937 0;0
289 KEY_ZL -21255;24937 0;0
290 KEY_ZL -21255;24937 0;0
291 KEY_ZL -21255;24937 0;0
292 KEY_ZL -21255;24937 0;0
293 KEY_ZL -21255;24937 0;0
294 KEY_ZL -21255;24937 0;0
295 KEY_ZL -21255;24937 0;0
296 KEY_ZL -21255;24937 0;0
297 KEY_ZL -21255;24937 0;0
298 KEY_ZL -21255;24937 0;0
299 KEY_ZL -21255;24937 0;0
300 KEY_ZL -21255;24937 0;0
301 KEY_ZL;KEY_Y -21255;24937 0;0
302 KEY_ZL -21255;24937 0;0
303 KEY_ZL -21255;24937 0;0
304 KEY_ZL -21255;24937 0;0
305 KEY_ZL -21255;24937 0;0
306 KEY_ZL -21255;24937 0;0
307 KEY_ZL -21255;24937 0;0
308 KEY_ZL -21255;24937 0;0
309 KEY_ZL -21255;24937 0;0
310 KEY_ZL -21255;24937 0;0
311 KEY_ZL -21255;24937 0;0
312 KEY_ZL -21255;24937 0;0
313 KEY_ZL -21255;24937 0;0
314 KEY_ZL -21255;24937 0;0
315 KEY_ZL -21255;24937 0;0
316 KEY_ZL -21255;24937 0;0
317 KEY_ZL -21255;24937 0;0
318 KEY_ZL;KEY_L -21255;24937 0;0
319 KEY_ZL -21255;24937 0;0
320 KEY_ZL -21255;24937 0;0
321 KEY_ZL -21255;24937 0;0
322 KEY_ZL -21255;24937 0;0
323 KEY_ZL -21255;24937 0;0
324 KEY_ZL -21255;24937 0;0
325 KEY_ZL -21255;24937 0;0
326 KEY_ZL -21255;24937 0;0
327 KEY_ZL -21255;24937 0;0
328 KEY_ZL -21255;24937 0;0
329 KEY_ZL -21255;24937 0;0
330 KEY_ZL -21255;24937 0;0
331 KEY_ZL -21255;24937 0;0
332 KEY_ZL -21255;24937 0;0
333 KEY_ZL -21255;24937 0;0
334 KEY_ZL -21255;24937 0;0
335 KEY_ZL;KEY_L -21255;24937 0;0
336 KEY_ZL -21255;24937 0;0
337 KEY_ZL -21255;24937 0;0
338 KEY_ZL -21255;24937 0;0
339 KEY_ZL -21255;24937 0;0
340 KEY_ZL -21255;24937 0;0
341 KEY_ZL -21255;24937 0;0
342 KEY_ZL -21255;24937 0;0
343 KEY_ZL -21255;24937 0;0
344 KEY_ZL -21255;24937 0;0
345 KEY_ZL -21255;24937 0;0
346 KEY_ZL -21255;24937 0;0
347 KEY_ZL -21255;24937 0;0
348 KEY_ZL -21255;24937 0;0
349 KEY_ZL -21255;24937 0;0
350 KEY_ZL -21255;24937 0;0
351 KEY_ZL -21255;24937 0;0
352 KEY_ZL -21255;24937 0;0
353 KEY_ZL;KEY_L -21255;24937 0;0
354 KEY_ZL -21255;24937 0;0
355 KEY_ZL -21255;24937 0;0
356 KEY_ZL -21255;24937 0;0
357 KEY_ZL -21255;24937 0;0
358 KEY_ZL -21255;24937 0;0
359 KEY_ZL -21255;24937 0;0
360 KEY_ZL -21255;24937 0;0
361 KEY_ZL -21255;24937 0;0
362 KEY_ZL -21255;24937 0;0
363 KEY_ZL -21255;24937 0;0
364 KEY_ZL -21255;24937 0;0
365 KEY_ZL -21255;24937 0;0
366 KEY_ZL -21255;24937 0;0
367 KEY_ZL -21255;24937 0;0
368 KEY_ZL -21255;24937 0;0
369 KEY_ZL -21255;24937 0;0
370 KEY_ZL -21255;24937 0;0
371 KEY_ZL -21255;24937 0;0
372 KEY_ZL -21255;24937 0;0
373 KEY_ZL;KEY_L -21255;24937 0;0
374 KEY_ZL -21255;24937 0;0
375 KEY_ZL -21255;24937 0;0
376 KEY_ZL -21255;24937 0;0
377 KEY_ZL -21255;24937 0;0
378 KEY_ZL -21255;24937 0;0
379 KEY_ZL -21255;24937 0;0
380 KEY_ZL -21255;24937 0;0
381 KEY_ZL -21255;24937 0;0
382 KEY_ZL -21255;24937 0;0
383 KEY_ZL -21255;24937 0;0
384 KEY_ZL -21255;24937 0;0
385 KEY_ZL -21255;24937 0;0
386 KEY_ZL -21255;24937 0;0
387 KEY_ZL -21255;24937 0;0
388 KEY_ZL -21255;24937 0;0
389 KEY_ZL -21255;24937 0;0
390 KEY_ZL -21255;24937 0;0
391 KEY_ZL -21255;24937 0;0
392 KEY_ZL -21255;24937 0;0
393 KEY_ZL;KEY_L -21255;24937 0;0
394 KEY_ZL -21255;24937 0;0
395 KEY_ZL -21255;24937 0;0
396 KEY_ZL -21255;24937 0;0
397 KEY_ZL -21255;24937 0;0
398 KEY_ZL -21255;24937 0;0
399 KEY_ZL -21255;24937 0;0
400 KEY_ZL -21255;24937 0;0
401 KEY_ZL;KEY_L -21255;24937 0;0
402 KEY_ZL -21255;24937 0;0
403 KEY_ZL -21255;24937 0;0
404 KEY_ZL -21255;24937 0;0
405 KEY_ZL -21255;24937 0;0
406 KEY_ZL -21255;24937 0;0
407 KEY_ZL -21255;24937 0;0
408 KEY_ZL -21255;24937 0;0
409 KEY_ZL -21255;24937 0;0
410 KEY_ZL -21255;24937 0;0
411 KEY_ZL -21255;24937 0;0
412 KEY_ZL -21255;24937 0;0
413 KEY_ZL -21255;24937 0;0
414 KEY_ZL;KEY_L -21255;24937 0;0
415 KEY_ZL -21255;24937 0;0
416 KEY_ZL -21255;24937 0;0
417 KEY_ZL -21255;24937 0;0
418 KEY_ZL -21255;24937 0;0
419 KEY_ZL -21255;24937 0;0
420 KEY_ZL -21255;24937 0;0
421 KEY_ZL -21255;24937 0;0
422 KEY_ZL -21255;24937 0;0
423 KEY_ZL -21255;24937 0;0
424 KEY_ZL -21255;24937 0;0
425 KEY_ZL -21255;24937 0;0
426 KEY_ZL -21255;24937 0;0
427 KEY_ZL -21255;24937 0;0
428 KEY_ZL -21255;24937 0;0
429 KEY_ZL -21255;24937 0;0
430 KEY_ZL -21255;24937 0;0
431 KEY_ZL;KEY_L -20883;25249 0;0
432 KEY_ZL -20883;25249 0;0
433 KEY_ZL -20883;25249 0;0
434 KEY_ZL -20883;25249 0;0
435 KEY_ZL -20883;25249 0;0
436 KEY_ZL -20883;25249 0;0
437 KEY_ZL -20883;25249 0;0
438 KEY_ZL -20883;25249 0;0
439 KEY_ZL -20883;25249 0;0
440 KEY_ZL -20883;25249 0;0
441 KEY_ZL -20883;25249 0;0
442 KEY_ZL -20883;25249 0;0
443 KEY_ZL -20883;25249 0;0
444 KEY_ZL -20883;25249 0;0
445 KEY_ZL -20883;25249 0;0
446 KEY_ZL;KEY_L -20883;25249 0;0
447 KEY_ZL -20883;25249 0;0
448 KEY_ZL -20883;25249 0;0
449 KEY_ZL -20883;25249 0;0
450 KEY_ZL -20883;25249 0;0
451 KEY_ZL -20883;25249 0;0
452 KEY_ZL -20883;25249 0;0
453 KEY_ZL -20883;25249 0;0
454 KEY_ZL -20883;25249 0;0
455 KEY_ZL -20883;25249 0;0
456 KEY_ZL -20883;25249 0;0
457 KEY_ZL -20883;25249 0;0
458 KEY_ZL -20883;25249 0;0
459 KEY_ZL -20883;25249 0;0
460 KEY_ZL 0;0 0;0
461 KEY_DUP;KEY_B 0;0 0;0
462 NONE 32288;5577 0;0
463 NONE 0;32767 0;0
464 NONE 0;32767 0;0
465 NONE 0;32767 0;0
466 NONE 0;32767 0;0
467 NONE 0;32767 0;0
468 NONE 0;32767 0;0
469 NONE 0;32767 0;0
470 NONE 0;32767 0;0
471 NONE 0;32767 0;0
472 NONE 0;32767 0;0
473 NONE 0;32767 0;0
474 NONE 0;32767 0;0
475 NONE 0;32767 0;0
476 KEY_B -2855;32642 0;0
477 KEY_B -2855;32642 0;0
478 KEY_B -2855;32642 0;0
479 KEY_B -2855;32642 0;0
480 KEY_B -2855;32642 0;0
481 KEY_B -2855;32642 0;0
482 KEY_B -2855;32642 0;0
483 NONE -2855;32642 0;0
484 NONE -2855;32642 0;0
485 NONE -2855;32642 0;0
486 NONE -2855;32642 0;0
487 NONE -2855;32642 0;0
488 NONE -2855;32642 0;0
489 NONE -2855;32642 0;0
490 NONE -2855;32642 0;0
491 NONE -2855;32642 0;0
492 NONE -2855;32642 0;0
493 NONE -2855;32642 0;0
494 NONE -2855;32642 0;0
495 NONE -2855;32642 0;0
496 NONE -2855;32642 0;0
497 NONE -2855;32642 0;0
498 KEY_ZL -2855;32642 0;0
499 KEY_ZL;KEY_Y -2855;32642 0;0
500 KEY_ZL;KEY_Y -2855;32642 0;0
501 KEY_ZL;KEY_Y -2855;32642 0;0
502 KEY_ZL;KEY_Y -2855;32642 0;0
503 KEY_ZL;KEY_Y -2855;32642 0;0
504 KEY_ZL;KEY_Y -2855;32642 0;0
505 KEY_ZL;KEY_Y -2855;32642 0;0
506 KEY_ZL;KEY_Y -2855;32642 0;0
507 KEY_ZL;KEY_Y -2855;32642 0;0
508 KEY_ZL;KEY_Y -2855;32642 0;0
509 KEY_ZL;KEY_Y -2855;32642 0;0
510 KEY_ZL;KEY_Y -2855;32642 0;0
511 KEY_ZL;KEY_Y -2855;32642 0;0
512 KEY_ZL;KEY_Y -2855;32642 0;0
513 KEY_ZL;KEY_Y -2855;32642 0;0
514 KEY_ZL;KEY_Y -2855;32642 0;0
515 KEY_ZL;KEY_Y -2855;32642 0;0
516 KEY_ZL;KEY_Y -2855;32642 0;0
517 KEY_ZL;KEY_Y -2855;32642 0;0
518 KEY_ZL;KEY_Y -2855;32642 0;0
519 KEY_ZL;KEY_Y -2855;32642 0;0
520 KEY_ZL;KEY_L 1143;32747 0;0
521 KEY_ZL 1143;32747 0;0
522 KEY_ZL 1143;32747 0;0
523 KEY_ZL 1143;32747 0;0
524 KEY_ZL 1143;32747 0;0
525 KEY_ZL 1143;32747 0;0
526 KEY_ZL 1143;32747 0;0
527 KEY_ZL 1143;32747 0;0
528 KEY_ZL 1143;32747 0;0
529 KEY_ZL 1143;32747 0;0
530 KEY_ZL 1143;32747 0;0
531 KEY_ZL 1143;32747 0;0
532 KEY_ZL 1143;32747 0;0
533 KEY_ZL 1143;32747 0;0
534 KEY_ZL 1143;32747 0;0
535 KEY_ZL 1143;32747 0;0
536 KEY_ZL;KEY_L 1143;32747 0;0
537 KEY_ZL 1143;32747 0;0
538 KEY_ZL 1143;32747 0;0
539 KEY_ZL 1143;32747 0;0
540 KEY_ZL 1143;32747 0;0
541 KEY_ZL 1143;32747 0;0
542 KEY_ZL 1143;32747 0;0
543 KEY_ZL 1143;32747 0;0
544 KEY_ZL 1143;32747 0;0
545 KEY_ZL 1143;32747 0;0
546 KEY_ZL 1143;32747 0;0
547 KEY_ZL 1143;32747 0;0
548 KEY_ZL 1143;32747 0;0
549 KEY_ZL 1143;32747 0;0
550 KEY_ZL 1143;32747 0;0
551 KEY_ZL 1143;32747 0;0
552 KEY_ZL 1143;32747 0;0
553 KEY_ZL;KEY_L 1143;32747 0;0
554 KEY_ZL 1143;32747 0;0
555 KEY_ZL 1143;32747 0;0
556 KEY_ZL 1143;32747 0;0
557 KEY_ZL 1143;32747 0;0
558 KEY_ZL 1143;32747 0;0
559 KEY_ZL 1143;32747 0;0
560 KEY_ZL 1143;32747 0;0
561 KEY_ZL 1143;32747 0;0
562 KEY_ZL 1143;32747 0;0
563 KEY_ZL 1143;32747 0;0
564 KEY_ZL 1143;32747 0;0
565 KEY_ZL 1143;32747 0;0
566 KEY_ZL 1143;32747 0;0
567 KEY_ZL 1143;32747 0;0
568 KEY_ZL;KEY_L 1143;32747 0;0
569 KEY_ZL 1143;32747 0;0
570 KEY_ZL 1143;32747 0;0
571 KEY_ZL 1143;32747 0;0
572 KEY_ZL 1143;32747 0;0
573 KEY_ZL 1143;32747 0;0
574 KEY_ZL 1143;32747 0;0
575 KEY_ZL 1143;32747 0;0
576 KEY_ZL 1143;32747 0;0
577 KEY_ZL 1143;32747 0;0
578 KEY_ZL 1143;32747 0;0
579 KEY_ZL 1143;32747 0;0
580 KEY_ZL 1143;32747 0;0
581 KEY_ZL 1143;32747 0;0
582 KEY_ZL 1143;32747 0;0
583 KEY_ZL 1143;32747 0;0
584 KEY_ZL 1143;32747 0;0
585 KEY_ZL 1143;32747 0;0
586 KEY_ZL 1143;32747 0;0
587 KEY_ZL 1143;32747 0;0
588 KEY_ZL 1143;32747 0;0
589 KEY_ZL;KEY_L 0;0 0;0
590 KEY_ZL 0;0 0;0
591 KEY_ZL 0;0 0;0
592 KEY_ZL 0;0 0;0
593 KEY_ZL 0;0 0;0
594 KEY_ZL 0;0 0;0
595 KEY_ZL 0;0 0;0
596 KEY_ZL 0;0 0;0
597 KEY_ZL 0;0 0;0
598 KEY_ZL 0;0 0;0
599 KEY_ZL 0;0 0;0
600 KEY_ZL 0;0 0;0
601 KEY_ZL 0;0 0;0
602 KEY_ZL 0;0 0;0
603 KEY_ZL 0;0 0;0
604 KEY_ZL 0;0 0;0
605 KEY_ZL 0;0 0;0
606 KEY_ZL 0;0 0;0
607 KEY_A;KEY_L 0;0 0;0
608 NONE -32580;3495 0;0
609 NONE 3495;32580 0;0
610 NONE 3495;32580 0;0
611 NONE 3495;32580 0;0
612 NONE 3495;32580 0;0
613 NONE 3495;32580 0;0
614 NONE 3495;32580 0;0
615 NONE 3495;32580 0;0
616 NONE 3495;32580 0;0
617 NONE 3495;32580 0;0
618 NONE 3495;32580 0;0
619 NONE 3495;32580 0;0
620 NONE 3495;32580 0;0
621 NONE 3495;32580 0;0
622 KEY_B 3495;32580 0;0
623 NONE 3495;32580 0;0
624 NONE 3495;32580 0;0
625 NONE 3495;32580 0;0
626 NONE 3495;32580 0;0
627 NONE 3495;32580 0;0
628 NONE 3495;32580 0;0
629 NONE 3495;32580 0;0
630 NONE 3495;32580 0;0
631 NONE 3495;32580 0;0
632 NONE 3495;32580 0;0
633 NONE 3495;32580 0;0
634 NONE 3495;32580 0;0
635 NONE 3495;32580 0;0
636 NONE 3495;32580 0;0
637 NONE 3495;32580 0;0
638 NONE 3495;32580 0;0
639 NONE 3495;32580 0;0
640 NONE 3495;32580 0;0
641 NONE 3495;32580 0;0
642 NONE 3495;32580 0;0
643 NONE 3495;32580 0;0
644 NONE 3495;32580 0;0
645 NONE 3495;32580 0;0
646 KEY_B 3495;32580 0;0
647 KEY_B 3495;32580 0;0
648 KEY_B 3495;32580 0;0
649 KEY_B 3495;32580 0;0
650 KEY_B 3495;32580 0;0
651 NONE 3495;32580 0;0
652 NONE 3495;32580 0;0
653 NONE 3495;32580 0;0
654 NONE 3495;32580 0;0
655 NONE 3495;32580 0;0
656 NONE 3495;32580 0;0
657 NONE 3495;32580 0;0
658 NONE 3495;32580 0;0
659 NONE 3495;32580 0;0
660 NONE 3495;32580 0;0
661 NONE 3495;32580 0;0
662 NONE 3495;32580 0;0
663 NONE 3495;32580 0;0
664 NONE 3495;32580 0;0
665 NONE 3495;32580 0;0
666 NONE 3495;32580 0;0
667 NONE 3495;32580 0;0
668 NONE 3495;32580 0;0
669 NONE 3495;32580 0;0
670 NONE 3495;32580 0;0
671 KEY_B 3495;32580 0;0
672 KEY_B 3495;32580 0;0
673 KEY_B 3495;32580 0;0
674 KEY_B 3495;32580 0;0
675 KEY_B 3495;32580 0;0
676 KEY_B 3495;32580 0;0
677 KEY_B 3495;32580 0;0
678 KEY_B 3495;32580 0;0
679 KEY_B 3495;32580 0;0
680 KEY_B 3495;32580 0;0
681 NONE 3495;32580 0;0
682 NONE 3495;32580 0;0
683 NONE 3495;32580 0;0
684 NONE 3495;32580 0;0
685 NONE 3495;32580 0;0
686 NONE 3495;32580 0;0
687 NONE 3495;32580 0;0
688 NONE 3495;32580 0;0
689 NONE 3495;32580 0;0
690 NONE 3495;32580 0;0
691 NONE 3495;32580 0;0
692 NONE 3495;32580 0;0
693 NONE 3495;32580 0;0
694 NONE 3495;32580 0;0
695 NONE 3495;32580 0;0
696 NONE 3495;32580 0;0
697 NONE 3495;32580 0;0
698 NONE 3495;32580 0;0
699 NONE 3495;32580 0;0
700 NONE 3495;32580 0;0
701 NONE 3495;32580 0;0
702 NONE 3495;32580 0;0
703 NONE 3495;32580 0;0
704 NONE 3495;32580 0;0
705 NONE 3495;32580 0;0
706 KEY_L -12539;30272 0;0
707 NONE -12539;30272 0;0
708 NONE -12539;30272 0;0
709 NONE -12539;30272 0;0
710 NONE -12539;30272 0;0
711 NONE 0;0 0;0
712 NONE 0;0 0;0
713 NONE 0;0 0;0
714 KEY_ZL 0;0 0;0
715 KEY_ZL;KEY_Y 0;0 0;0
716 KEY_Y -12539;30272 0;0
717 KEY_Y -12539;30272 0;0
718 KEY_Y -12539;30272 0;0
719 KEY_Y -12539;30272 0;0
720 KEY_Y -12539;30272 0;0
721 KEY_Y -12539;30272 0;0
722 KEY_Y -12539;30272 0;0
723 KEY_Y -12539;30272 0;0
724 KEY_Y -12539;30272 0;0
725 KEY_Y -12539;30272 0;0
726 KEY_Y -12539;30272 0;0
727 KEY_Y -12539;30272 0;0
728 KEY_Y -12539;30272 0;0
729 NONE -12539;30272 0;0
730 NONE -12539;30272 0;0
731 NONE -12539;30272 0;0
732 NONE -12539;30272 0;0
733 NONE -12539;30272 0;0
734 NONE -12539;30272 0;0
735 NONE -12539;30272 0;0
736 NONE -12539;30272 0;0
737 NONE -12539;30272 0;0
738 NONE -12539;30272 0;0
739 NONE -12539;30272 0;0
740 NONE -12539;30272 0;0
741 NONE -12539;30272 0;0
742 KEY_B -12539;30272 0;0
743 NONE -12539;30272 0;0
744 NONE -12539;30272 0;0
745 NONE -12539;30272 0;0
746 NONE -12539;30272 0;0
747 NONE -12539;30272 0;0
748 NONE -12539;30272 0;0
749 NONE -12539;30272 0;0
750 NONE -12539;30272 0;0
751 NONE -12539;30272 0;0
752 NONE -12539;30272 0;0
753 NONE -12539;30272 0;0
754 NONE -12539;30272 0;0
755 NONE -12539;30272 0;0
756 NONE -12539;30272 0;0
757 NONE -12539;30272 0;0
758 NONE -12539;30272 0;0
759 NONE -12539;30272 0;0
760 NONE -12539;30272 0;0
761 NONE -12539;30272 0;0
762 NONE -12539;30272 0;0
763 KEY_L -27068;18465 0;0
764 NONE -27068;18465 0;0
765 NONE -27068;18465 0;0
766 NONE 0;0 0;0
767 NONE 0;0 0;0
768 NONE 0;0 0;0
769 NONE 0;0 0;0
770 NONE 0;0 0;0
771 NONE 0;0 0;0
772 NONE 0;0 0;0
773 NONE 0;0 0;0
774 NONE 0;0 0;0
775 NONE 0;0 0;0
776 NONE 0;0 0;0
777 NONE 0;0 0;0
778 KEY_R -27068;18465 0;0
779 KEY_ZL -27068;18465 0;0
780 KEY_ZL;KEY_Y 0;0 0;0
781 NONE 0;0 16383;0
782 NONE 0;0 16383;0
783 NONE 0;0 16383;0
784 NONE 0;0 16383;0
785 NONE 0;0 16383;0
786 NONE 0;0 16383;0
787 NONE 0;0 16383;0
788 NONE 0;0 16383;0
789 NONE 0;0 16383;0
790 NONE 0;0 16383;0
791 NONE 0;0 16383;0
792 NONE 0;0 16383;0
793 NONE 0;0 0;0
794 KEY_ZL 0;0 0;0
795 KEY_ZL;KEY_B 0;-32767 0;0
796 NONE 0;-32767 0;0
797 NONE 0;-32767 0;0
798 NONE 0;-32767 0;0
799 NONE 0;-32767 0;0
800 NONE 0;-32767 0;0
801 NONE 0;-32767 0;0
802 NONE 0;-32767 0;0
803 NONE 0;-32767 0;0
804 NONE 0;-32767 0;0
805 NONE 0;-32767 0;0
806 NONE 0;-32767 0;0
807 NONE 0;-32767 0;0
808 NONE 0;-32767 0;0
809 NONE 0;-32767 0;0
810 NONE 0;-32767 0;0
811 NONE 0;-32767 0;0
812 NONE 0;-32767 0;0
813 NONE 0;-32767 0;0
814 NONE 0;-32767 0;0
815 NONE 0;-32767 0;0
816 NONE 0;-32767 0;0
817 NONE 0;-32767 0;0
818 NONE 0;-32767 0;0
819 KEY_L 0;-32767 0;0
820 NONE 4786;32415 0;0
821 NONE 0;0 0;0
822 NONE 0;0 0;0
823 NONE 0;0 0;0
824 NONE 0;0 0;0
825 NONE 0;0 0;0
826 NONE 0;0 0;0
827 KEY_ZL 0;0 0;0
828 KEY_Y 0;0 0;0
829 KEY_Y 0;0 0;0
830 KEY_Y 0;0 0;0
831 KEY_Y 0;0 0;0
832 KEY_Y 0;0 0;0
833 KEY_Y 0;0 0;0
834 KEY_ZL 0;0 0;0
835 KEY_ZL;KEY_Y 11206;30790 0;0
836 KEY_ZL 11206;30790 0;0
837 KEY_ZL 11206;30790 0;0
838 KEY_ZL 11206;30790 0;0
839 KEY_ZL 11206;30790 0;0
840 KEY_ZL 11206;30790 0;0
841 KEY_ZL 11206;30790 0;0
842 KEY_ZL 11206;30790 0;0
843 KEY_ZL 11206;30790 0;0
844 KEY_ZL 11206;30790 0;0
845 KEY_ZL 11206;30790 0;0
846 KEY_ZL 11206;30790 0;0
847 KEY_ZL 11206;30790 0;0
848 KEY_ZL 11206;30790 0;0
849 KEY_ZL 11206;30790 0;0
850 KEY_ZL 11206;30790 0;0
851 KEY_ZL 11206;30790 0;0
852 KEY_ZL 11206;30790 0;0
853 KEY_ZL 11206;30790 0;0
854 KEY_ZL 11206;30790 0;0
855 KEY_ZL 11206;30790 0;0
856 KEY_ZL;KEY_L 11206;30790 0;0
857 KEY_ZL 11206;30790 0;0
858 KEY_ZL 11206;30790 0;0
859 KEY_ZL 11206;30790 0;0
860 KEY_ZL 11206;30790 0;0
861 KEY_ZL 11206;30790 0;0
862 KEY_ZL 11206;30790 0;0
863 KEY_ZL 11206;30790 0;0
864 KEY_ZL 11206;30790 0;0
865 KEY_ZL 11206;30790 0;0
866 KEY_ZL 11206;30790 0;0
867 KEY_ZL 11206;30790 0;0
868 KEY_ZL 11206;30790 0;0
869 KEY_ZL 11206;30790 0;0
870 KEY_ZL 11206;30790 0;0
871 KEY_ZL 11206;30790 0;0
872 KEY_ZL 11206;30790 0;0
873 KEY_ZL;KEY_L 11206;30790 0;0
874 KEY_ZL 11206;30790 0;0
875 KEY_ZL 11206;30790 0;0
876 KEY_ZL 11206;30790 0;0
877 KEY_ZL 11206;30790 0;0
878 KEY_ZL 11206;30790 0;0
879 KEY_ZL 11206;30790 0;0
880 KEY_ZL 11206;30790 0;0
881 KEY_ZL 11206;30790 0;0
882 KEY_ZL 11206;30790 0;0
883 KEY_ZL 11206;30790 0;0
884 KEY_ZL 11206;30790 0;0
885 KEY_ZL 11206;30790 0;0
886 KEY_ZL 11206;30790 0;0
887 KEY_ZL 11206;30790 0;0
888 KEY_ZL 11206;30790 0;0
889 KEY_ZL;KEY_L 11206;30790 0;0
890 KEY_ZL;KEY_L 11206;30790 0;0
891 KEY_ZL 11206;30790 0;0
892 KEY_ZL;KEY_L 11206;30790 0;0
893 KEY_ZL 11206;30790 0;0
894 KEY_ZL;KEY_L 11206;30790 0;0
895 KEY_ZL 11206;30790 0;0
896 KEY_ZL;KEY_L 11206;30790 0;0
897 KEY_ZL 11206;30790 0;0
898 KEY_ZL;KEY_L 11206;30790 0;0
899 KEY_ZL 11206;30790 0;0
900 KEY_ZL;KEY_L 11206;30790 0;0
901 KEY_ZL 11206;30790 0;0
902 KEY_ZL;KEY_L 11206;30790 0;0
903 KEY_ZL 11206;30790 0;0
904 KEY_ZL;KEY_L 11206;30790 0;0
905 KEY_ZL 11206;30790 0;0
906 KEY_ZL;KEY_L 11206;30790 0;0
907 KEY_ZL 11206;30790 0;0
908 KEY_ZL;KEY_L 11206;30790 0;0
909 KEY_ZL 11206;30790 0;0
910 KEY_ZL;KEY_L 11206;30790 0;0
911 KEY_ZL 11206;30790 0;0
912 KEY_ZL;KEY_L 11206;30790 0;0
913 KEY_ZL 11206;30790 0;0
914 KEY_ZL;KEY_L 11206;30790 0;0
915 KEY_ZL 11206;30790 0;0
916 KEY_ZL;KEY_L 11206;30790 0;0
917 KEY_ZL 11206;30790 0;0
918 KEY_ZL;KEY_L 11206;30790 0;0
919 KEY_ZL 11206;30790 0;0
920 KEY_ZL;KEY_L 11206;30790 0;0
921 KEY_ZL 11206;30790 0;0
922 KEY_ZL;KEY_L 11206;30790 0;0
923 KEY_ZL 11206;30790 0;0
924 KEY_ZL;KEY_L 11206;30790 0;0
925 KEY_ZL 11206;30790 0;0
926 KEY_ZL;KEY_L 11206;30790 0;0
927 KEY_ZL 11206;30790 0;0
928 KEY_ZL;KEY_L 11206;30790 0;0
929 KEY_ZL 11206;30790 0;0
930 KEY_ZL;KEY_L 11206;30790 0;0
931 KEY_ZL 11206;30790 0;0
932 KEY_ZL;KEY_L 11206;30790 0;0
933 KEY_ZL 11206;30790 0;0
934 KEY_ZL;KEY_L 11206;30790 0;0
935 KEY_ZL 11206;30790 0;0
936 KEY_ZL;KEY_L 11206;30790 0;0
937 KEY_ZL 11206;30790 0;0
938 KEY_ZL;KEY_L 11206;30790 0;0
939 KEY_ZL 11206;30790 0;0
940 KEY_ZL;KEY_L 11206;30790 0;0
941 KEY_ZL 11206;30790 0;0
942 KEY_ZL;KEY_L 11206;30790 0;0
943 KEY_ZL 11206;30790 0;0
944 KEY_ZL;KEY_L 11206;30790 0;0
945 KEY_ZL 11206;30790 0;0
946 KEY_ZL;KEY_L 11206;30790 0;0
947 KEY_ZL 11206;30790 0;0
948 KEY_ZL;KEY_L 11206;30790 0;0
949 KEY_ZL 11206;30790 0;0
