1 NONE 0;0 0;0
2 NONE 0;32767 0;0
3 NONE -28377;-16383 0;0
4 NONE 28377;-16383 0;0
5 NONE 0;32767 0;0
6 NONE -28377;-16383 0;0
7 NONE 28377;-16383 0;0
8 NONE 0;32767 0;0
9 NONE -28377;-16383 0;0
10 NONE 28377;-16383 0;0
11 NONE 0;32767 0;0
12 NONE -28377;-16383 0;0
13 NONE 28377;-16383 0;0
14 NONE 0;32767 0;0
15 NONE -28377;-16383 0;0
16 NONE 28377;-16383 0;0
17 NONE 0;32767 0;0
18 NONE -28377;-16383 0;0
19 NONE 28377;-16383 0;0
20 NONE 0;32767 0;0
21 NONE -28377;-16383 0;0
22 NONE 28377;-16383 0;0
23 NONE 0;32767 0;0
24 NONE -28377;-16383 0;0
25 NONE 28377;-16383 0;0
26 NONE 0;32767 0;0
27 NONE -28377;-16383 0;0
28 NONE 28377;-16383 0;0
29 NONE 0;32767 0;0
30 NONE -28377;-16383 0;0
31 NONE 28377;-16383 0;0
32 NONE 0;32767 0;0
33 NONE -28377;-16383 0;0
34 NONE 28377;-16383 0;0
35 KEY_B 23169;23169 0;0
36 KEY_ZL 23169;23169 0;0
37 KEY_ZL 23169;23169 0;0
38 KEY_ZL 23169;23169 0;0
39 KEY_ZL 23169;23169 0;0
40 KEY_ZL;KEY_X 0;0 0;0
41 KEY_ZL;KEY_Y 0;0 0;0
42 KEY_ZL;KEY_X 0;0 0;0
43 KEY_ZL;KEY_Y 0;0 0;0
44 KEY_ZL;KEY_X 0;0 0;0
45 KEY_ZL;KEY_Y 0;0 0;0
46 KEY_ZL;KEY_X 0;0 0;0
47 KEY_ZL;KEY_Y 0;0 0;0
48 KEY_ZL 0;0 0;0
49 KEY_ZL 0;0 0;0
50 KEY_ZL 0;0 0;0
51 KEY_ZL 0;0 0;0
52 KEY_ZL 0;0 0;0
53 KEY_ZL 0;0 0;0
54 KEY_ZL 0;0 0;0
55 KEY_ZL 0;0 0;0
56 KEY_ZL 0;0 0;0
57 KEY_ZL 0;0 0;0
58 KEY_ZL 0;0 0;0
59 KEY_ZL 0;0 0;0
60 KEY_ZL 0;0 0;0
61 KEY_ZL 0;0 0;0
62 KEY_ZL 0;0 0;0
63 KEY_ZL 0;0 0;0
64 NONE 0;32767 0;0
65 NONE -28377;-16383 0;0
66 NONE 28377;-16383 0;0
67 NONE 0;32767 0;0
68 NONE -28377;-16383 0;0
69 NONE 28377;-16383 0;0
70 NONE 0;32767 0;0
71 NONE -28377;-16383 0;0
72 NONE 28377;-16383 0;0
73 NONE 0;32767 0;0
74 NONE -28377;-16383 0;0
75 NONE 28377;-16383 0;0
76 NONE 0;32767 0;0
77 NONE -28377;-16383 0;0
78 NONE 28377;-16383 0;0
79 NONE 0;32767 0;0
80 NONE -28377;-16383 0;0
81 NONE 28377;-16383 0;0
82 NONE 0;32767 0;0
83 NONE -28377;-16383 0;0
84 NONE 28377;-16383 0;0
85 NONE 0;32767 0;0
86 NONE -28377;-16383 0;0
87 NONE 28377;-16383 0;0
88 NONE 0;32767 0;0
89 NONE -28377;-16383 0;0
90 NONE 28377;-16383 0;0
91 NONE 0;32767 0;0
92 NONE -28377;-16383 0;0
93 NONE 28377;-16383 0;0
94 NONE 0;32767 0;0
95 NONE -28377;-16383 0;0
96 NONE 28377;-16383 0;0
97 NONE 0;32767 0;0
98 NONE -28377;-16383 0;0
99 NONE 28377;-16383 0;0
100 NONE 0;32767 0;0
101 NONE -28377;-16383 0;0
102 NONE 28377;-16383 0;0
103 NONE 0;32767 0;0
104 NONE -28377;-16383 0;0
105 NONE 28377;-16383 0;0
106 NONE 0;32767 0;0
107 NONE -28377;-16383 0;0
108 NONE 28377;-16383 0;0
109 NONE 0;32767 0;0
110 NONE -28377;-16383 0;0
111 NONE 28377;-16383 0;0
112 KEY_B 0;0 0;0
113 KEY_ZL 0;0 0;0
114 KEY_ZL 0;0 0;0
115 KEY_ZL 0;0 0;0
116 KEY_ZL 0;0 0;0
117 KEY_ZL;KEY_X 0;0 0;0
118 KEY_ZL;KEY_Y 0;0 0;0
119 KEY_ZL;KEY_X 0;0 0;0
120 KEY_ZL;KEY_Y 0;0 0;0
121 NONE 0;32767 0;0
122 NONE -28377;-16383 0;0
123 NONE 28377;-16383 0;0
124 NONE 0;32767 0;0
125 NONE -28377;-16383 0;0
126 NONE 28377;-16383 0;0
127 NONE 0;32767 0;0
128 NONE -28377;-16383 0;0
129 NONE 28377;-16383 0;0
130 NONE 0;32767 0;0
131 NONE -28377;-16383 0;0
132 NONE 28377;-16383 0;0
133 NONE 0;32767 0;0
134 NONE -28377;-16383 0;0
135 NONE 28377;-16383 0;0
136 NONE 0;32767 0;0
137 NONE -28377;-16383 0;0
138 NONE 28377;-16383 0;0
139 NONE 0;32767 0;0
140 NONE -28377;-16383 0;0
141 NONE 28377;-16383 0;0
142 NONE 0;32767 0;0
143 NONE -28377;-16383 0;0
144 NONE 28377;-16383 0;0
145 NONE 0;32767 0;0
146 NONE -28377;-16383 0;0
147 NONE 28377;-16383 0;0
148 NONE 0;32767 0;0
149 NONE -28377;-16383 0;0
150 NONE 28377;-16383 0;0
151 NONE 0;32767 0;0
152 NONE -28377;-16383 0;0
153 NONE 28377;-16383 0;0
154 NONE 0;32767 0;0
155 NONE -28377;-16383 0;0
156 NONE 28377;-16383 0;0
157 NONE 0;32767 0;0
158 NONE -28377;-16383 0;0
159 NONE 28377;-16383 0;0
160 NONE 0;32767 0;0
161 NONE -28377;-16383 0;0
162 NONE 28377;-16383 0;0
163 NONE 0;32767 0;0
164 NONE -28377;-16383 0;0
165 KEY_B 0;0 0;0
166 KEY_ZL 0;0 0;0
167 KEY_ZL 0;0 0;0
168 KEY_ZL 0;0 0;0
169 KEY_ZL 0;0 0;0
170 NONE 0;0 0;0
171 NONE 0;0 0;0
172 NONE 0;0 0;0
173 KEY_A 0;0 0;0
174 KEY_B 0;0 0;0
175 KEY_A 0;0 0;0
176 KEY_B 0;0 0;0
177 KEY_A 0;0 0;0
178 KEY_B 0;0 0;0
179 KEY_A 0;0 0;0
180 KEY_B 0;0 0;0
181 KEY_A 0;0 0;0
182 KEY_B 0;0 0;0
183 KEY_A 0;0 0;0
184 KEY_B 0;0 0;0
185 KEY_A 0;0 0;0
186 KEY_B 0;0 0;0
187 KEY_A 0;0 0;0
188 KEY_B 0;0 0;0
189 KEY_A 0;0 0;0
190 KEY_B 0;0 0;0
191 KEY_A 0;0 0;0
192 KEY_B 0;0 0;0
193 KEY_A 0;0 0;0
194 KEY_B 0;0 0;0
195 KEY_A 0;0 0;0
196 KEY_B 0;0 0;0
197 KEY_A 0;0 0;0
198 KEY_B 0;0 0;0
199 KEY_A 0;0 0;0
200 KEY_B 0;0 0;0
201 KEY_A 0;0 0;0
202 KEY_B 0;0 0;0
203 KEY_A 0;0 0;0
204 KEY_B 0;0 0;0
205 KEY_A 0;0 0;0
206 KEY_B 0;0 0;0
207 KEY_A 0;0 0;0
208 KEY_B 0;0 0;0
209 KEY_A 0;0 0;0
210 KEY_B 0;0 0;0
211 KEY_A 0;0 0;0
212 KEY_B 0;0 0;0
213 KEY_A 0;0 0;0
214 KEY_B 0;0 0;0
215 KEY_A 0;0 0;0
216 KEY_B 0;0 0;0
217 KEY_A 0;0 0;0
218 KEY_B 0;0 0;0
219 KEY_A 0;0 0;0
220 KEY_B 0;0 0;0
221 KEY_A 0;0 0;0
222 KEY_B 0;0 0;0
223 KEY_A 0;0 0;0
224 KEY_B 0;0 0;0
225 KEY_A 0;0 0;0
226 KEY_B 0;0 0;0
227 KEY_A 0;0 0;0
228 KEY_B 0;0 0;0
229 KEY_A 0;0 0;0
230 KEY_B 0;0 0;0
231 KEY_A 0;0 0;0
232 KEY_B 0;0 0;0
233 KEY_A 0;0 0;0
234 KEY_B 0;0 0;0
235 KEY_A 0;0 0;0
236 KEY_B 0;0 0;0
237 KEY_A 0;0 0;0
238 KEY_B 0;0 0;0
239 KEY_A 0;0 0;0
240 KEY_B 0;0 0;0
241 KEY_A 0;0 0;0
242 KEY_B 0;0 0;0
243 KEY_A 0;0 0;0
244 KEY_B 0;0 0;0
245 KEY_A 0;0 0;0
246 KEY_B 0;0 0;0
247 KEY_A 0;0 0;0
248 KEY_B 0;0 0;0
249 KEY_A 0;0 0;0
250 KEY_B 0;0 0;0
251 KEY_A 0;0 0;0
252 KEY_B 0;0 0;0
253 KEY_A 0;0 0;0
254 KEY_B 0;0 0;0
255 KEY_A 0;0 0;0
256 KEY_B 0;0 0;0
257 KEY_A 0;0 0;0
258 KEY_B 0;0 0;0
259 KEY_A 0;0 0;0
260 KEY_B 0;0 0;0
261 KEY_A 0;0 0;0
262 KEY_B 0;0 0;0
263 KEY_A 0;0 0;0
264 KEY_B 0;0 0;0
265 KEY_A 0;0 0;0
266 KEY_B 0;0 0;0
267 KEY_A 0;0 0;0
268 KEY_B 0;0 0;0
269 KEY_A 0;0 0;0
270 KEY_B 0;0 0;0
271 KEY_A 0;0 0;0
272 KEY_B 0;0 0;0
273 KEY_A 0;0 0;0
274 KEY_B 0;0 0;0
275 KEY_A 0;0 0;0
276 KEY_B 0;0 0;0
277 KEY_A 0;0 0;0
278 KEY_B 0;0 0;0
279 KEY_A 0;0 0;0
280 KEY_B 0;0 0;0
281 KEY_A 0;0 0;0
282 KEY_B 0;0 0;0
283 KEY_A 0;0 0;0
284 KEY_B 0;0 0;0
285 KEY_A 0;0 0;0
286 KEY_B 0;0 0;0
287 KEY_A 0;0 0;0
288 KEY_B 0;0 0;0
289 KEY_A 0;0 0;0
290 KEY_B 0;0 0;0
291 KEY_A 0;0 0;0
292 KEY_B 0;0 0;0
293 KEY_A 0;0 0;0
294 KEY_B 0;0 0;0
295 KEY_A 0;0 0;0
296 KEY_B 0;0 0;0
297 KEY_A 0;0 0;0
298 KEY_B 0;0 0;0
299 KEY_A 0;0 0;0
300 KEY_B 0;0 0;0
301 KEY_A 0;0 0;0
302 KEY_B 0;0 0;0
303 KEY_A 0;0 0;0
304 KEY_B 0;0 0;0
305 KEY_A 0;0 0;0
306 KEY_B 0;0 0;0
307 KEY_A 0;0 0;0
308 KEY_B 0;0 0;0
309 KEY_A 0;0 0;0
310 NONE 0;0 0;0
311 NONE 0;0 0;0
312 NONE 0;0 0;0
313 NONE 0;0 0;0
314 NONE 0;0 0;0
315 NONE 0;0 0;0
316 NONE 0;0 0;0
317 NONE 0;0 0;0
318 NONE 0;0 0;0
319 NONE 0;0 0;0
320 KEY_A 0;0 0;0
321 KEY_B 0;0 0;0
322 KEY_A 0;0 0;0
323 KEY_B 0;0 0;0
324 KEY_A 0;0 0;0
325 KEY_B 0;0 0;0
326 KEY_A 0;0 0;0
327 KEY_B 0;0 0;0
328 KEY_A 0;0 0;0
329 KEY_B 0;0 0;0
330 KEY_A 0;0 0;0
331 KEY_B 0;0 0;0
332 KEY_A 0;0 0;0
333 KEY_B 0;0 0;0
334 KEY_A 0;0 0;0
335 KEY_B 0;0 0;0
336 KEY_A 0;0 0;0
337 KEY_B 0;0 0;0
338 KEY_A 0;0 0;0
339 KEY_B 0;0 0;0
340 KEY_A 0;0 0;0
341 KEY_B 0;0 0;0
342 KEY_A 0;0 0;0
343 KEY_B 0;0 0;0
344 KEY_A 0;0 0;0
345 KEY_B 0;0 0;0
346 KEY_A 0;0 0;0
347 KEY_B 0;0 0;0
348 KEY_A 0;0 0;0
349 KEY_B 0;0 0;0
350 KEY_A 0;0 0;0
351 KEY_B 0;0 0;0
352 KEY_A 0;0 0;0
353 KEY_B 0;0 0;0
354 KEY_A 0;0 0;0
355 KEY_B 0;0 0;0
356 KEY_A 0;0 0;0
357 KEY_B 0;0 0;0
358 KEY_A 0;0 0;0
359 KEY_B 0;0 0;0
360 KEY_A 0;0 0;0
361 KEY_B 0;0 0;0
362 KEY_A 0;0 0;0
363 KEY_B 0;0 0;0
364 KEY_A 0;0 0;0
365 KEY_B 0;0 0;0
366 KEY_A 0;0 0;0
367 KEY_B 0;0 0;0
368 KEY_A 0;0 0;0
369 KEY_B 0;0 0;0
370 KEY_A 0;0 0;0
371 KEY_B 0;0 0;0
372 KEY_A 0;0 0;0
373 KEY_B 0;0 0;0
374 KEY_A 0;0 0;0
375 KEY_B 0;0 0;0
376 KEY_A 0;0 0;0
377 KEY_B 0;0 0;0
378 KEY_A 0;0 0;0
379 KEY_B 0;0 0;0
380 KEY_A 0;0 0;0
381 KEY_B 0;0 0;0
382 KEY_A 0;0 0;0
383 KEY_B 0;0 0;0
384 KEY_A 0;0 0;0
385 KEY_B 0;0 0;0
386 KEY_A 0;0 0;0
387 KEY_B 0;0 0;0
388 KEY_A 0;0 0;0
389 KEY_B 0;0 0;0
390 KEY_A 0;0 0;0
391 KEY_B 0;0 0;0
392 KEY_A 0;0 0;0
393 KEY_B 0;0 0;0
394 KEY_A 0;0 0;0
395 KEY_B 0;0 0;0
396 KEY_A 0;0 0;0
397 KEY_B 0;0 0;0
398 KEY_A 0;0 0;0
399 KEY_B 0;0 0;0
400 KEY_A 0;0 0;0
401 KEY_B 0;0 0;0
402 KEY_A 0;0 0;0
403 KEY_B 0;0 0;0
404 KEY_A 0;0 0;0
405 KEY_B 0;0 0;0
406 KEY_A 0;0 0;0
407 KEY_B 0;0 0;0
408 KEY_A 0;0 0;0
409 KEY_B 0;0 0;0
410 KEY_A 0;0 0;0
411 KEY_B 0;0 0;0
412 KEY_A 0;0 0;0
413 KEY_B 0;0 0;0
414 KEY_A 0;0 0;0
415 KEY_B 0;0 0;0
416 KEY_A 0;0 0;0
417 KEY_B 0;0 0;0
418 KEY_A 0;0 0;0
419 KEY_B 0;0 0;0
420 KEY_A 0;0 0;0
421 KEY_B 0;0 0;0
422 KEY_A 0;0 0;0
423 KEY_B 0;0 0;0
424 KEY_A 0;0 0;0
425 KEY_B 0;0 0;0
426 KEY_A 0;0 0;0
427 KEY_B 0;0 0;0
428 KEY_A 0;0 0;0
429 KEY_B 0;0 0;0
430 KEY_A 0;0 0;0
431 KEY_B 0;0 0;0
432 KEY_A 0;0 0;0
433 KEY_B 0;0 0;0
434 KEY_A 0;0 0;0
435 KEY_B 0;0 0;0
436 KEY_A 0;0 0;0
437 KEY_B 0;0 0;0
438 KEY_A 0;0 0;0
439 KEY_B 0;0 0;0
440 KEY_A 0;0 0;0
441 KEY_B 0;0 0;0
442 KEY_A 0;0 0;0
443 KEY_B 0;0 0;0
444 KEY_A 0;0 0;0
445 KEY_B 0;0 0;0
446 KEY_A 0;0 0;0
447 KEY_B 0;0 0;0
448 KEY_A 0;0 0;0
449 KEY_B 0;0 0;0
450 KEY_A 0;0 0;0
451 KEY_B 0;0 0;0
452 KEY_A 0;0 0;0
453 KEY_B 0;0 0;0
454 KEY_A 0;0 0;0
455 KEY_B 0;0 0;0
456 KEY_A 0;0 0;0
457 KEY_B 0;0 0;0
458 KEY_A 0;0 0;0
459 KEY_B 0;0 0;0
460 KEY_A 0;0 0;0
461 KEY_B 0;0 0;0
462 KEY_A 0;0 0;0
463 KEY_B 0;0 0;0
464 KEY_A 0;0 0;0
465 KEY_B 0;0 0;0
466 KEY_A 0;0 0;0
467 KEY_B 0;0 0;0
468 KEY_A 0;0 0;0
469 KEY_B 0;0 0;0
470 KEY_A 0;0 0;0
471 KEY_B 0;0 0;0
472 KEY_A 0;0 0;0
473 KEY_B 0;0 0;0
474 KEY_A 0;0 0;0
475 KEY_B 0;0 0;0
476 KEY_A 0;0 0;0
477 KEY_B 0;0 0;0
478 KEY_A 0;0 0;0
479 KEY_B 0;0 0;0
480 KEY_A 0;0 0;0
481 KEY_B 0;0 0;0
482 KEY_A 0;0 0;0
483 KEY_B 0;0 0;0
484 KEY_A 0;0 0;0
485 KEY_B 0;0 0;0
486 KEY_A 0;0 0;0
487 KEY_B 0;0 0;0
488 KEY_A 0;0 0;0
489 KEY_B 0;0 0;0
490 KEY_A 0;0 0;0
491 KEY_B 0;0 0;0
492 KEY_A 0;0 0;0
493 KEY_B 0;0 0;0
494 KEY_A 0;0 0;0
495 KEY_B 0;0 0;0
496 KEY_A 0;0 0;0
497 KEY_B 0;0 0;0
498 KEY_A 0;0 0;0
499 KEY_B 0;0 0;0
500 KEY_A 0;0 0;0
501 KEY_B 0;0 0;0
502 KEY_A 0;0 0;0
503 KEY_B 0;0 0;0
504 KEY_A 0;0 0;0
505 KEY_B 0;0 0;0
506 KEY_A 0;0 0;0
507 KEY_B 0;0 0;0
508 KEY_A 0;0 0;0
509 KEY_B 0;0 0;0
510 KEY_A 0;0 0;0
511 KEY_B 0;0 0;0
512 KEY_A 0;0 0;0
513 KEY_B 0;0 0;0
514 KEY_A 0;0 0;0
515 KEY_B 0;0 0;0
516 KEY_A 0;0 0;0
517 KEY_B 0;0 0;0
518 KEY_A 0;0 0;0
519 KEY_B 0;0 0;0
520 KEY_A 0;0 0;0
521 KEY_B 0;0 0;0
522 KEY_A 0;0 0;0
523 KEY_B 0;0 0;0
524 KEY_A 0;0 0;0
525 KEY_B 0;0 0;0
526 KEY_A 0;0 0;0
527 KEY_B 0;0 0;0
528 KEY_A 0;0 0;0
529 KEY_B 0;0 0;0
530 KEY_A 0;0 0;0
531 KEY_B 0;0 0;0
532 KEY_A 0;0 0;0
533 KEY_B 0;0 0;0
534 KEY_A 0;0 0;0
535 KEY_B 0;0 0;0
536 KEY_A 0;0 0;0
537 KEY_B 0;0 0;0
538 KEY_A 0;0 0;0
539 KEY_B 0;0 0;0
540 KEY_A 0;0 0;0
541 KEY_B 0;0 0;0
542 KEY_A 0;0 0;0
543 KEY_B 0;0 0;0
544 KEY_A 0;0 0;0
545 KEY_B 0;0 0;0
546 KEY_A 0;0 0;0
547 KEY_B 0;0 0;0
548 KEY_A 0;0 0;0
549 KEY_B 0;0 0;0
550 KEY_A 0;0 0;0
551 KEY_B 0;0 0;0
552 KEY_A 0;0 0;0
553 KEY_B 0;0 0;0
554 KEY_A 0;0 0;0
555 KEY_B 0;0 0;0
556 KEY_A 0;0 0;0
557 KEY_B 0;0 0;0
558 KEY_A 0;0 0;0
559 KEY_B 0;0 0;0
560 KEY_A 0;0 0;0
561 KEY_B 0;0 0;0
562 KEY_A 0;0 0;0
563 KEY_B 0;0 0;0
564 KEY_A 0;0 0;0
565 KEY_B 0;0 0;0
566 KEY_A 0;0 0;0
567 KEY_B 0;0 0;0
568 KEY_A 0;0 0;0
569 KEY_B 0;0 0;0
570 KEY_A 0;0 0;0
571 KEY_B 0;0 0;0
572 KEY_A 0;0 0;0
573 KEY_B 0;0 0;0
574 KEY_A 0;0 0;0
575 KEY_B 0;0 0;0
576 KEY_A 0;0 0;0
577 KEY_B 0;0 0;0
578 KEY_B 0;32767 0;0
579 KEY_A -28377;-16383 0;0
580 KEY_B 28377;-16383 0;0
581 KEY_A 0;32767 0;0
582 KEY_B -28377;-16383 0;0
583 KEY_A 28377;-16383 0;0
584 KEY_B 0;32767 0;0
585 KEY_A -28377;-16383 0;0
586 KEY_B 28377;-16383 0;0
587 KEY_A 0;32767 0;0
588 KEY_B -28377;-16383 0;0
589 KEY_A 28377;-16383 0;0
590 NONE 0;32767 0;0
591 NONE -28377;-16383 0;0
592 NONE 28377;-16383 0;0
593 NONE 0;32767 0;0
594 NONE -28377;-16383 0;0
595 NONE 28377;-16383 0;0
596 NONE 0;32767 0;0
597 NONE -28377;-16383 0;0
598 NONE 28377;-16383 0;0
599 NONE 0;32767 0;0
600 NONE -28377;-16383 0;0
601 NONE 28377;-16383 0;0
602 NONE 0;32767 0;0
603 NONE -28377;-16383 0;0
604 NONE 28377;-16383 0;0
605 NONE 0;32767 0;0
606 NONE -28377;-16383 0;0
607 NONE 28377;-16383 0;0
608 NONE 0;32767 0;0
609 NONE -28377;-16383 0;0
610 NONE 28377;-16383 0;0
611 KEY_B -13847;29696 0;0
612 KEY_ZL -13847;29696 0;0
613 KEY_ZL -13847;29696 0;0
614 KEY_ZL -13847;29696 0;0
615 KEY_ZL -13847;29696 0;0
616 KEY_ZL;KEY_X -13847;29696 0;0
617 KEY_ZL;KEY_Y -13847;29696 0;0
618 KEY_ZL;KEY_X -13847;29696 0;0
619 KEY_ZL;KEY_Y -13847;29696 0;0
620 KEY_ZL;KEY_L 0;0 0;0
621 KEY_ZL 0;0 0;0
622 KEY_ZL;KEY_L 0;0 0;0
623 KEY_ZL 0;0 0;0
624 KEY_ZL;KEY_L 0;0 0;0
625 KEY_ZL 0;0 0;0
626 KEY_ZL;KEY_L 0;0 0;0
627 KEY_ZL 0;0 0;0
628 KEY_ZL;KEY_L 0;0 0;0
629 KEY_ZL 0;0 0;0
630 KEY_ZL;KEY_L 0;0 0;0
631 KEY_ZL 0;0 0;0
632 KEY_ZL;KEY_L 0;0 0;0
633 KEY_ZL 0;0 0;0
634 KEY_ZL;KEY_L 0;0 0;0
635 KEY_ZL 0;0 0;0
636 KEY_ZL;KEY_L 0;0 0;0
637 KEY_ZL 0;0 0;0
638 KEY_ZL;KEY_L 0;0 0;0
639 KEY_ZL 0;0 0;0
640 KEY_ZL;KEY_L 0;0 0;0
641 KEY_ZL 0;0 0;0
642 KEY_ZL;KEY_L 0;0 0;0
643 KEY_ZL 0;0 0;0
644 KEY_ZL;KEY_L 0;0 0;0
645 KEY_ZL 0;0 0;0
646 KEY_ZL;KEY_L 0;0 0;0
647 KEY_ZL 0;0 0;0
648 KEY_ZL;KEY_L 0;0 0;0
649 KEY_ZL 0;0 0;0
650 KEY_ZL;KEY_L 0;0 0;0
651 KEY_ZL 0;0 0;0
652 KEY_ZL;KEY_L 0;0 0;0
653 KEY_ZL 0;0 0;0
654 KEY_ZL;KEY_L 0;0 0;0
655 KEY_ZL 0;0 0;0
656 KEY_ZL;KEY_L 0;0 32767;0
657 KEY_ZL 0;0 32767;0
658 KEY_ZL;KEY_L 0;0 32767;0
659 KEY_ZL 0;0 32767;0
660 KEY_ZL;KEY_L 0;0 32767;0
661 KEY_ZL 0;0 32767;0
662 KEY_ZL;KEY_L 0;0 32767;0
663 KEY_ZL 0;0 32767;0
664 KEY_ZL;KEY_L 0;0 32767;0
665 KEY_ZL 0;0 32767;0
666 KEY_ZL;KEY_L 0;0 32767;0
667 KEY_ZL 0;0 32767;0
668 KEY_B;KEY_L 0;0 0;0
669 NONE 28377;16383 0;0
670 NONE 28377;16383 0;0
671 NONE 28377;16383 0;0
672 NONE 28377;16383 0;0
673 NONE 28377;16383 0;0
674 NONE 28377;16383 0;0
675 NONE 28377;16383 0;0
676 KEY_B 28377;16383 0;0
677 NONE 0;0 0;0
678 NONE 0;0 0;0
679 NONE 0;0 0;0
680 NONE 0;0 0;0
681 NONE 0;0 0;0
682 NONE 0;0 0;0
683 NONE 0;0 0;0
684 NONE 0;0 0;0
685 NONE 0;0 0;0
686 NONE 0;0 0;0
687 NONE 0;0 0;0
688 NONE 0;0 0;0
689 NONE 0;0 0;0
690 NONE 0;0 0;0
691 NONE 0;0 0;0
692 NONE 0;0 0;0
693 NONE 0;0 0;0
694 NONE 0;0 0;0
695 NONE 0;0 0;0
696 NONE 0;0 0;0
697 NONE 0;0 0;0
698 NONE 0;0 0;0
699 NONE 0;0 0;0
700 NONE 0;0 0;0
701 NONE 0;0 0;0
702 NONE 0;0 0;0
703 NONE 0;0 0;0
704 NONE 0;0 0;0
705 KEY_L 32767;0 0;0
706 NONE 32767;0 0;0
707 NONE 32767;0 0;0
708 NONE 32767;0 0;0
709 NONE 32767;0 0;0
710 NONE 32767;0 0;0
711 NONE 32767;0 0;0
712 NONE 32767;0 0;0
713 NONE -16383;28377 0;0
714 NONE -16383;-28377 0;0
715 NONE 32767;0 0;0
716 NONE -16383;28377 0;0
717 NONE -16383;-28377 0;0
718 NONE 32767;0 0;0
719 NONE -16383;28377 0;0
720 NONE -16383;-28377 0;0
721 NONE 32767;0 0;0
722 NONE -16383;28377 0;0
723 NONE -16383;-28377 0;0
724 NONE 32767;0 0;0
725 NONE -16383;28377 0;0
726 NONE -16383;-28377 0;0
727 NONE 32767;0 0;0
728 NONE -16383;28377 0;0
729 NONE -16383;-28377 0;0
730 NONE 32767;0 0;0
731 NONE -16383;28377 0;0
732 NONE -16383;-28377 0;0
733 NONE 32767;0 0;0
734 NONE -16383;28377 0;0
735 NONE -16383;-28377 0;0
736 NONE 32767;0 0;0
737 NONE -16383;28377 0;0
738 NONE -16383;-28377 0;0
739 NONE 32767;0 0;0
740 NONE -16383;28377 0;0
741 NONE -16383;-28377 0;0
742 NONE 32767;0 0;0
743 NONE -16383;28377 0;0
744 NONE -16383;-28377 0;0
745 KEY_B 15570;-28831 0;0
746 KEY_ZL 15570;-28831 0;0
747 KEY_ZL 15570;-28831 0;0
748 KEY_ZL 15570;-28831 0;0
749 KEY_ZL 15570;-28831 0;0
750 KEY_ZL;KEY_X 15570;-28831 0;0
751 KEY_ZL;KEY_Y 15570;-28831 0;0
752 KEY_ZL;KEY_X 15570;-28831 0;0
753 KEY_ZL;KEY_Y 15570;-28831 0;0
754 KEY_ZL 0;0 0;0
755 KEY_ZL 0;0 0;0
756 KEY_ZL 0;0 0;0
757 KEY_ZL 0;0 0;0
758 KEY_ZL 0;0 0;0
759 KEY_ZL 0;0 0;0
760 KEY_ZL 0;0 0;0
761 KEY_ZL 0;0 0;0
762 KEY_ZL 0;0 0;0
763 KEY_ZL 0;0 0;0
764 KEY_ZL 0;0 0;0
765 KEY_ZL 0;0 0;0
766 KEY_ZL 0;0 0;0
767 KEY_ZL 0;0 0;0
768 KEY_ZL 0;0 0;0
769 KEY_ZL 0;0 0;0
770 KEY_ZL 0;0 0;0
771 KEY_ZL 0;0 0;0
772 KEY_ZL 0;0 0;0
773 KEY_ZL 0;0 0;0
774 KEY_ZL 0;0 0;0
775 KEY_ZL 0;0 0;0
776 KEY_ZL 0;0 0;0
777 KEY_ZL 0;0 0;0
778 KEY_ZL 0;0 0;0
779 KEY_ZL 0;0 0;0
780 KEY_ZL 0;0 0;0
781 KEY_ZL 0;0 0;0
782 KEY_ZL 0;0 0;0
783 KEY_ZL 0;0 0;0
784 KEY_ZL 0;0 0;0
785 KEY_ZL 0;0 0;0
786 KEY_ZL 0;0 0;0
787 KEY_ZL 0;0 0;0
788 KEY_ZL 0;0 0;0
789 KEY_ZL 0;0 0;0
790 KEY_ZL 0;0 0;0
791 KEY_ZL 0;0 0;0
792 KEY_ZL 0;0 0;0
793 KEY_ZL 0;0 0;0
794 KEY_ZL 0;0 0;0
795 KEY_ZL 0;0 0;0
796 KEY_ZL 0;0 0;0
797 KEY_ZL 0;0 0;0
798 KEY_ZL 0;0 0;0
799 KEY_ZL 0;0 0;0
800 KEY_ZL 0;0 0;0
801 KEY_ZL 0;0 0;0
802 KEY_ZL 0;0 0;0
803 KEY_ZL 0;0 0;0
804 KEY_ZL 0;0 0;0
805 KEY_ZL 0;0 0;0
806 KEY_ZL 0;0 0;0
807 KEY_ZL 0;0 0;0
808 KEY_ZL 0;0 0;0
809 KEY_ZL 0;0 0;0
810 KEY_ZL 0;0 0;0
811 KEY_ZL 0;0 0;0
812 KEY_ZL 0;0 0;0
813 KEY_ZL 0;0 0;0
814 NONE 0;0 0;0
815 NONE 0;0 0;0
816 NONE 0;0 0;0
817 NONE 0;0 0;0
818 NONE 0;0 0;0
819 NONE 0;0 0;0
820 NONE 0;0 0;0
821 NONE 0;0 0;0
822 NONE 0;0 0;0
823 NONE 0;0 0;0
824 NONE 0;0 0;0
825 NONE 0;0 0;0
826 NONE 0;0 0;0
827 NONE 0;0 0;0
828 NONE 0;0 0;0
829 NONE 0;0 0;0
830 NONE 0;0 0;0
831 NONE 0;0 0;0
832 NONE 0;0 0;0
833 NONE 0;0 0;0
834 NONE 0;0 0;0
835 NONE 0;0 0;0
836 NONE 0;0 0;0
837 NONE 0;0 0;0
838 NONE 0;0 0;0
839 NONE 0;0 0;0
840 NONE 0;0 0;0
841 NONE 0;0 0;0
842 NONE 0;0 0;0
843 NONE 0;0 0;0
844 NONE 0;0 0;0
845 NONE 0;0 0;0
846 NONE 0;0 0;0
847 NONE 0;0 0;0
848 NONE 0;0 0;0
849 NONE 0;0 0;0
850 NONE 0;0 0;0
851 NONE 0;0 0;0
852 NONE 0;0 0;0
853 NONE 0;0 0;0
854 NONE 0;0 0;0
855 NONE 0;0 0;0
856 NONE 0;0 0;0
857 NONE 0;0 0;0
858 NONE 0;0 0;0
859 NONE 0;0 0;0
860 NONE 0;0 0;0
861 NONE 0;0 0;0
862 NONE 0;0 0;0
863 NONE 0;0 0;0
864 NONE 0;0 0;0
865 NONE 0;0 0;0
866 NONE 0;0 0;0
867 NONE 0;0 0;0
868 NONE 0;0 0;0
869 NONE 0;0 0;0
870 NONE 0;0 0;0
871 NONE 0;0 0;0
872 NONE 0;0 0;0
873 NONE 0;0 0;0
874 NONE 0;0 0;0
875 NONE 0;0 0;0
876 NONE 0;0 0;0
877 NONE 0;0 0;0
878 NONE 0;0 0;0
879 NONE 0;0 0;0
880 NONE 0;0 0;0
881 NONE 0;0 0;0
882 NONE 0;0 0;0
883 NONE 0;0 0;0
884 NONE 0;0 0;0
885 NONE 0;0 0;0
886 NONE 0;0 0;0
887 NONE 0;0 0;0
888 NONE 0;0 0;0
889 NONE 0;0 0;0
890 NONE 0;0 0;0
891 NONE 0;0 0;0
892 NONE 0;0 0;0
893 NONE 0;0 0;0
894 NONE 0;0 0;0
895 NONE 0;0 0;0
896 NONE 0;0 0;0
897 NONE 0;0 0;0
898 NONE 0;0 0;0
899 NONE 0;0 0;0
900 NONE 0;0 0;0
901 NONE 0;0 0;0
902 NONE 0;0 0;0
903 NONE 0;0 0;0
904 NONE 0;0 0;0
905 NONE 0;0 0;0
906 NONE 0;0 0;0
907 NONE 0;0 0;0
908 NONE 0;0 0;0
909 NONE 0;0 0;0
910 NONE 0;0 0;0
911 NONE 0;0 0;0
912 NONE 0;0 0;0
913 NONE 0;0 0;0
914 NONE 0;0 0;0
915 NONE 0;0 0;0
916 NONE 0;0 0;0
917 NONE 0;0 0;0
918 NONE 0;0 0;0
919 NONE 0;0 0;0
920 NONE 0;0 0;0
921 NONE 0;0 0;0
922 NONE 0;0 0;0
923 NONE 0;0 0;0
924 NONE 0;0 0;0
925 NONE 0;0 0;0
926 NONE 0;0 0;0
927 NONE 0;0 0;0
928 NONE 0;0 0;0
929 NONE 0;0 0;0
930 NONE 0;0 0;0
931 NONE 0;0 0;0
932 NONE 0;0 0;0
933 NONE 0;0 0;0
934 NONE 0;0 0;0
935 NONE 0;0 0;0
936 NONE 0;0 0;0
937 NONE 0;0 0;0
938 NONE 0;0 0;0
939 NONE 0;0 0;0
940 NONE 0;0 0;0
941 NONE 0;0 0;0
942 NONE 0;0 0;0
943 NONE 0;0 0;0
944 NONE 0;0 0;0
945 NONE 0;0 0;0
946 NONE 0;0 0;0
947 NONE 0;0 0;0
948 NONE 0;0 0;0
949 NONE 0;0 0;0
950 NONE 0;0 0;0
951 NONE 0;0 0;0
952 NONE 0;0 0;0
953 KEY_A 0;0 0;0
954 KEY_B 0;0 0;0
955 KEY_A 0;0 0;0
956 KEY_B 0;0 0;0
957 KEY_A 0;0 0;0
958 KEY_B 0;0 0;0
959 KEY_A 0;0 0;0
960 KEY_B 0;0 0;0
961 KEY_A 0;0 0;0
962 KEY_B 0;0 0;0
963 KEY_A 0;0 0;0
964 KEY_B 0;0 0;0
965 KEY_A 0;0 0;0
966 KEY_B 0;0 0;0
967 KEY_A 0;0 0;0
968 KEY_B 0;0 0;0
969 KEY_A 0;0 0;0
970 KEY_B 0;0 0;0
971 KEY_A 0;0 0;0
972 KEY_B 0;0 0;0
973 KEY_A 0;0 0;0
974 KEY_B 0;0 0;0
975 KEY_A 0;0 0;0
976 KEY_B 0;0 0;0
977 KEY_A 0;0 0;0
978 KEY_B 0;0 0;0
979 KEY_A 0;0 0;0
980 KEY_B 0;0 0;0
981 KEY_A 0;0 0;0
982 KEY_B 0;0 0;0
983 KEY_A 0;0 0;0
984 KEY_B 0;0 0;0
985 KEY_A 0;0 0;0
986 KEY_B 0;0 0;0
987 KEY_A 0;0 0;0
988 KEY_B 0;0 0;0
989 KEY_A 0;0 0;0
990 KEY_B 0;0 0;0
991 KEY_A 0;0 0;0
992 KEY_B 0;0 0;0
993 KEY_A 0;0 0;0
994 KEY_B 0;0 0;0
995 KEY_A 0;0 0;0
996 KEY_B 0;0 0;0
997 KEY_A 0;0 0;0
998 KEY_B 0;0 0;0
999 KEY_A 0;0 0;0
1000 KEY_B 0;0 0;0
1001 KEY_A 0;0 0;0
1002 KEY_B 0;0 0;0
1003 KEY_A 0;0 0;0
1004 KEY_B 0;0 0;0
1005 KEY_A 0;0 0;0
1006 KEY_B 0;0 0;0
1007 KEY_A 0;0 0;0
1008 KEY_B 0;0 0;0
1009 KEY_A 0;0 0;0
1010 KEY_B 0;0 0;0
1011 KEY_A 0;0 0;0
1012 KEY_B 0;0 0;0
1013 KEY_A 0;0 0;0
1014 KEY_B 0;0 0;0
1015 KEY_A 0;0 0;0
1016 KEY_B 0;0 0;0
1017 KEY_A 0;0 0;0
1018 KEY_B 0;0 0;0
1019 KEY_A 0;0 0;0
1020 KEY_B 0;0 0;0
1021 KEY_A 0;0 0;0
1022 KEY_B 0;0 0;0
1023 KEY_A 0;0 0;0
1024 KEY_B 0;0 0;0
1025 KEY_A 0;0 0;0
1026 KEY_B 0;0 0;0
1027 KEY_A 0;0 0;0
1028 KEY_B 0;0 0;0
1029 KEY_A 0;0 0;0
1030 KEY_B 0;0 0;0
1031 KEY_A 0;0 0;0
1032 KEY_B 0;0 0;0
1033 KEY_A 0;0 0;0
1034 KEY_B 0;0 0;0
1035 KEY_A 0;0 0;0
1036 KEY_B 0;0 0;0
1037 KEY_A 0;0 0;0
1038 KEY_B 0;0 0;0
1039 KEY_A 0;0 0;0
1040 KEY_B 0;0 0;0
1041 KEY_A 0;0 0;0
1042 KEY_B 0;0 0;0
1043 KEY_A 0;0 0;0
1044 KEY_B 0;0 0;0
1045 KEY_A 0;0 0;0
1046 KEY_B 0;0 0;0
1047 KEY_A 0;0 0;0
1048 KEY_B 0;0 0;0
1049 KEY_A 0;0 0;0
1050 KEY_B 0;0 0;0
1051 KEY_A 0;0 0;0
1052 KEY_B 0;0 0;0
1053 KEY_A 0;0 0;0
1054 KEY_B 0;0 0;0
1055 KEY_A 0;0 0;0
1056 KEY_B 0;0 0;0
1057 KEY_A 0;0 0;0
1058 KEY_B 0;0 0;0
1059 KEY_A 0;0 0;0
1060 KEY_B 0;0 0;0
1061 KEY_A 0;0 0;0
1062 KEY_B 0;0 0;0
1063 KEY_A 0;0 0;0
1064 KEY_B 0;0 0;0
1065 KEY_A 0;0 0;0
1066 KEY_B 0;0 0;0
1067 KEY_A 0;0 0;0
1068 KEY_B 0;0 0;0
1069 KEY_A 0;0 0;0
1070 KEY_B 0;0 0;0
1071 KEY_A 0;0 0;0
1072 KEY_B 0;0 0;0
1073 KEY_A 0;0 0;0
1074 KEY_B 0;0 0;0
1075 KEY_A 0;0 0;0
1076 KEY_B 0;0 0;0
1077 KEY_A 0;0 0;0
1078 KEY_B 0;0 0;0
1079 KEY_A 0;0 0;0
1080 KEY_B 0;0 0;0
1081 KEY_A 0;0 0;0
1082 KEY_B 0;0 0;0
1083 KEY_A 0;0 0;0
1084 KEY_B 0;0 0;0
1085 KEY_A 0;0 0;0
1086 KEY_B 0;0 0;0
1087 KEY_A 0;0 0;0
1088 KEY_B 0;0 0;0
1089 KEY_A 0;0 0;0
1090 KEY_B 0;0 0;0
1091 KEY_A 0;0 0;0
1092 KEY_B 0;0 0;0
1093 KEY_A 0;0 0;0
1094 KEY_B 0;0 0;0
1095 KEY_A 0;0 0;0
1096 KEY_B 0;0 0;0
1097 KEY_A 0;0 0;0
1098 KEY_B 0;0 0;0
1099 KEY_A 0;0 0;0
1100 KEY_B 0;0 0;0
1101 KEY_A 0;0 0;0
1102 KEY_B 0;0 0;0
1103 KEY_A 0;0 0;0
1104 KEY_B 0;0 0;0
1105 KEY_A 0;0 0;0
1106 KEY_B 0;0 0;0
1107 KEY_A 0;0 0;0
1108 KEY_B 0;0 0;0
1109 KEY_A 0;0 0;0
1110 KEY_B 0;0 0;0
1111 KEY_A 0;0 0;0
1112 KEY_B 0;0 0;0
1113 KEY_A 0;0 0;0
1114 KEY_B 0;0 0;0
1115 KEY_A 0;0 0;0
1116 KEY_B 0;0 0;0
1117 KEY_A 0;0 0;0
1118 KEY_B 0;0 0;0
1119 KEY_A 0;0 0;0
1120 KEY_B 0;0 0;0
1121 KEY_A 0;0 0;0
1122 KEY_B 0;0 0;0
1123 KEY_A 0;0 0;0
1124 KEY_B 0;0 0;0
1125 KEY_A 0;0 0;0
1126 KEY_B 0;0 0;0
1127 KEY_A 0;0 0;0
1128 KEY_B 0;0 0;0
1129 KEY_A 0;0 0;0
1130 KEY_B 0;0 0;0
1131 KEY_A 0;0 0;0
1132 KEY_B 0;0 0;0
1133 NONE 0;0 0;0
1134 NONE 0;0 0;0
1135 NONE 0;0 0;0
1136 NONE 0;0 0;0
1137 NONE 0;0 0;0
1138 NONE 0;0 0;0
1139 NONE 0;0 0;0
1140 NONE 0;0 0;0
1141 NONE 0;0 0;0
1142 NONE 0;0 0;0
1143 NONE 0;0 0;0
1144 NONE 0;0 0;0
1145 NONE 0;0 0;0
1146 NONE 0;0 0;0
1147 NONE 0;0 0;0
1148 NONE 0;0 0;0
1149 NONE 0;0 0;0
1150 NONE 0;0 0;0
1151 NONE 0;0 0;0
1152 NONE 0;0 0;0
1153 NONE 0;0 0;0
1154 NONE 0;0 0;0
1155 NONE 0;0 0;0
1156 NONE 0;0 0;0
1157 NONE 0;0 0;0
1158 NONE 0;0 0;0
1159 NONE 0;0 0;0
1160 NONE 0;0 0;0
1161 NONE 0;0 0;0
1162 NONE 0;0 0;0
1163 NONE 0;0 0;0
1164 NONE 0;0 0;0
1165 NONE 0;0 0;0
1166 NONE 0;0 0;0
1167 NONE 0;0 0;0
1168 NONE 0;0 0;0
1169 NONE 0;0 0;0
1170 NONE 0;0 0;0
1171 NONE 0;0 0;0
1172 NONE 0;0 0;0
1173 NONE 0;0 0;0
1174 NONE 0;0 0;0
1175 NONE 0;0 0;0
1176 NONE 0;0 0;0
1177 NONE 0;0 0;0
1178 NONE 0;0 0;0
1179 NONE 0;0 0;0
1180 NONE 0;0 0;0
1181 NONE 0;0 0;0
1182 NONE 0;0 0;0
1183 NONE 0;0 0;0
1184 NONE 0;0 0;0
1185 NONE 0;0 0;0
1186 NONE 0;0 0;0
1187 NONE 0;0 0;0
1188 NONE 0;0 0;0
1189 NONE 0;0 0;0
1190 NONE 0;0 0;0
1191 NONE 0;0 0;0
1192 NONE 0;0 0;0
1193 NONE 0;0 0;0
1194 NONE 0;0 0;0
1195 NONE 0;0 0;0
1196 NONE 0;0 0;0
1197 NONE 0;0 0;0
1198 NONE 0;0 0;0
1199 NONE 0;0 0;0
1200 NONE 0;0 0;0
1201 NONE 0;0 0;0
1202 NONE 0;0 0;0
1203 NONE 0;0 0;0
1204 NONE 0;0 0;0
1205 NONE 0;0 0;0
1206 NONE 0;0 0;0
1207 NONE 0;0 0;0
1208 NONE 0;0 0;0
1209 NONE 0;0 0;0
1210 NONE 0;0 0;0
1211 NONE 0;0 0;0
1212 NONE 0;0 0;0
1213 NONE 0;0 0;0
1214 NONE 0;0 0;0
1215 NONE 0;0 0;0
1216 NONE 0;0 0;0
1217 NONE 0;0 0;0
1218 NONE 0;0 0;0
1219 NONE 0;0 0;0
1220 NONE 0;0 0;0
1221 NONE 0;0 0;0
1222 NONE 0;0 0;0
1223 NONE 0;0 0;0
1224 NONE 0;0 0;0
1225 NONE 0;0 0;0
1226 NONE 0;0 0;0
1227 NONE 0;0 0;0
1228 NONE 0;0 0;0
1229 NONE 0;0 0;0
1230 NONE 0;0 0;0
1231 NONE 0;0 0;0
1232 NONE 0;0 0;0
1233 NONE 0;0 0;0
1234 NONE 0;0 0;0
1235 NONE 0;0 0;0
1236 NONE 0;0 0;0
1237 NONE 0;0 0;0
1238 NONE 0;0 0;0
1239 NONE 0;0 0;0
1240 NONE 0;0 0;0
1241 NONE 0;0 0;0
1242 NONE 0;0 0;0
1243 NONE 0;0 0;0
1244 NONE 0;0 0;0
1245 NONE 0;0 0;0
1246 NONE 0;0 0;0
1247 NONE 0;0 0;0
1248 NONE 0;0 0;0
1249 NONE 0;0 0;0
1250 NONE 0;0 0;0
1251 NONE 0;0 0;0
1252 NONE 0;0 0;0
1253 NONE 0;0 0;0
1254 NONE 0;0 0;0
1255 NONE 0;0 0;0
1256 NONE 0;0 0;0
1257 NONE 0;0 0;0
1258 NONE 0;0 0;0
1259 NONE 0;0 0;0
1260 NONE 0;0 0;0
1261 NONE 0;0 0;0
1262 NONE 0;0 0;0
1263 NONE 0;0 0;0
1264 NONE 0;0 0;0
1265 NONE 0;0 0;0
1266 NONE 0;0 0;0
1267 NONE 0;0 0;0
1268 NONE 0;0 0;0
1269 NONE 0;0 0;0
1270 NONE 0;0 0;0
1271 NONE 0;0 0;0
1272 NONE 0;0 0;0
1273 NONE 0;0 0;0
1274 NONE 0;0 0;0
1275 NONE 0;0 0;0
1276 NONE 0;0 0;0
1277 NONE 0;0 0;0
1278 NONE 0;0 0;0
1279 NONE 0;0 0;0
1280 NONE 0;0 0;0
1281 NONE 0;0 0;0
1282 NONE 0;0 0;0
1283 NONE 0;0 0;0
1284 NONE 0;0 0;0
1285 NONE 0;0 0;0
1286 NONE 0;0 0;0
1287 NONE 0;0 0;0
1288 NONE 0;0 0;0
1289 NONE 0;0 0;0
1290 NONE 0;0 0;0
1291 NONE 0;0 0;0
1292 NONE 0;0 0;0
1293 NONE 0;0 0;0
1294 NONE 0;0 0;0
1295 NONE 0;0 0;0
1296 NONE 0;0 0;0
1297 NONE 0;0 0;0
1298 NONE 0;0 0;0
1299 NONE 0;0 0;0
1300 NONE 0;0 0;0
1301 NONE 0;0 0;0
1302 NONE 0;0 0;0
1303 NONE 0;0 0;0
1304 NONE 0;0 0;0
1305 NONE 0;0 0;0
1306 NONE 0;0 0;0
1307 NONE 0;0 0;0
1308 NONE 0;0 0;0
1309 NONE 0;0 0;0
1310 NONE 0;0 0;0
1311 NONE 0;0 0;0
1312 NONE 0;0 0;0
1313 NONE 0;0 0;0
1314 NONE 0;0 0;0
1315 NONE 0;0 0;0
1316 NONE 0;0 0;0
1317 NONE 0;0 0;0
1318 NONE 0;0 0;0
1319 NONE 0;0 0;0
1320 NONE 0;0 0;0
1321 NONE 0;0 0;0
1322 NONE 0;0 0;0
1323 NONE 0;0 0;0
1324 NONE 0;0 0;0
1325 NONE 0;0 0;0
1326 NONE 0;0 0;0
1327 NONE 0;0 0;0
1328 NONE 0;0 0;0
1329 NONE 0;0 0;0
1330 NONE 0;0 0;0
1331 NONE 0;0 0;0
1332 NONE 0;0 0;0
1333 NONE 0;0 0;0
1334 NONE 0;0 0;0
1335 NONE 0;0 0;0
1336 NONE 0;0 0;0
1337 NONE 0;0 0;0
1338 NONE 0;0 0;0
1339 NONE 0;0 0;0
1340 NONE 0;0 0;0
1341 NONE 0;0 0;0
1342 NONE 0;0 0;0
1343 NONE 0;0 0;0
1344 NONE 0;0 0;0
1345 NONE 0;0 0;0
1346 NONE 0;0 0;0
1347 NONE 0;0 0;0
1348 NONE 0;0 0;0
1349 NONE 0;0 0;0
1350 NONE 0;0 0;0
1351 NONE 0;0 0;0
1352 NONE 0;0 0;0
1353 NONE 0;0 0;0
1354 NONE 0;0 0;0
1355 NONE 0;0 0;0
1356 NONE 0;0 0;0
1357 NONE 0;0 0;0
1358 NONE 0;0 0;0
1359 NONE 0;0 0;0
1360 NONE 0;0 0;0
1361 NONE 0;0 0;0
1362 NONE 0;0 0;0
1363 NONE 0;0 0;0
1364 NONE 0;0 0;0
1365 NONE 0;0 0;0
1366 NONE 0;0 0;0
1367 NONE 0;0 0;0
1368 NONE 0;0 0;0
1369 NONE 0;0 0;0
1370 NONE 0;0 0;0
1371 NONE 0;0 0;0
1372 NONE 0;0 0;0
1373 NONE 0;0 0;0
1374 NONE 0;0 0;0
1375 NONE 0;0 0;0
1376 NONE 0;0 0;0
1377 NONE 0;0 0;0
1378 NONE 0;0 0;0
1379 NONE 0;0 0;0
1380 NONE 0;0 0;0
1381 NONE 0;0 0;0
1382 NONE 0;0 0;0
1383 NONE 0;0 0;0
1384 NONE 0;0 0;0
1385 NONE 0;0 0;0
1386 NONE 0;0 0;0
1387 NONE 0;0 0;0
1388 NONE 0;0 0;0
1389 NONE 0;0 0;0
1390 NONE 0;0 0;0
1391 NONE 0;0 0;0
1392 NONE 0;0 0;0
1393 NONE 0;0 0;0
1394 NONE 0;0 0;0
1395 NONE 0;0 0;0
1396 NONE 0;0 0;0
1397 NONE 0;0 0;0
1398 NONE 0;0 0;0
1399 NONE 0;0 0;0
1400 NONE 0;0 0;0
1401 NONE 0;0 0;0
1402 NONE 0;0 0;0
1403 NONE 0;0 0;0
1404 NONE 0;0 0;0
1405 NONE 0;0 0;0
1406 NONE 0;0 0;0
1407 NONE 0;0 0;0
1408 NONE 0;0 0;0
1409 NONE 0;0 0;0
1410 NONE 0;0 0;0
1411 NONE 0;0 0;0
1412 NONE 0;0 0;0
1413 NONE 0;0 0;0
1414 NONE 0;0 0;0
1415 NONE 0;0 0;0
1416 NONE 0;0 0;0
1417 NONE 0;0 0;0
1418 NONE 0;0 0;0
1419 NONE 0;0 0;0
1420 NONE 0;0 0;0
1421 NONE 0;0 0;0
1422 NONE 0;0 0;0
1423 NONE 0;0 0;0
1424 NONE 0;0 0;0
1425 NONE 0;0 0;0
1426 NONE 0;0 0;0
1427 NONE 0;0 0;0
1428 NONE 0;0 0;0
1429 NONE 0;0 0;0
1430 NONE 0;0 0;0
1431 NONE 0;0 0;0
1432 NONE 0;0 0;0
1433 NONE 0;0 0;0
1434 NONE 0;0 0;0
1435 NONE 0;0 0;0
1436 NONE 0;0 0;0
1437 NONE 0;0 0;0
1438 NONE 0;0 0;0
1439 NONE 0;0 0;0
1440 NONE 0;0 0;0
1441 NONE 0;0 0;0
1442 NONE 0;0 0;0
1443 NONE 0;0 0;0
1444 NONE 0;0 0;0
1445 NONE 0;0 0;0
1446 NONE 0;0 0;0
1447 NONE 0;0 0;0
1448 NONE 0;0 0;0
1449 NONE 0;0 0;0
1450 NONE 0;0 0;0
1451 NONE 0;0 0;0
1452 NONE 0;0 0;0
1453 NONE 0;0 0;0
1454 NONE 0;0 0;0
1455 NONE 0;0 0;0
1456 NONE 0;0 0;0
1457 NONE 0;0 0;0
1458 NONE 0;0 0;0
1459 NONE 0;0 0;0
1460 NONE 0;0 0;0
1461 NONE 0;0 0;0
1462 NONE 0;0 0;0
1463 NONE 0;0 0;0
1464 NONE 0;0 0;0
1465 NONE 0;0 0;0
1466 NONE 0;0 0;0
1467 NONE 0;0 0;0
1468 NONE 0;0 0;0
1469 NONE 0;0 0;0
1470 NONE 0;0 0;0
1471 NONE 0;0 0;0
1472 NONE 0;0 0;0
1473 NONE 0;0 0;0
1474 NONE 0;0 0;0
1475 NONE 0;0 0;0
1476 NONE 0;0 0;0
1477 NONE 0;0 0;0
1478 NONE 0;0 0;0
1479 NONE 0;0 0;0
1480 NONE 0;0 0;0
1481 NONE 0;0 0;0
1482 NONE 0;0 0;0
1483 NONE 0;0 0;0
1484 NONE 0;0 0;0
1485 NONE 0;0 0;0
1486 NONE 0;0 0;0
1487 NONE 0;0 0;0
1488 NONE 0;0 0;0
1489 NONE 0;0 0;0
1490 NONE 0;0 0;0
1491 NONE 0;0 0;0
1492 NONE 0;0 0;0
1493 NONE 0;0 0;0
1494 NONE 0;0 0;0
1495 NONE 0;0 0;0
1496 NONE 0;0 0;0
1497 NONE 0;0 0;0
1498 NONE 0;0 0;0
1499 NONE 0;0 0;0
1500 NONE 0;0 0;0
1501 NONE 0;0 0;0
1502 NONE 0;0 0;0
1503 NONE 0;0 0;0
1504 NONE 0;0 0;0
1505 NONE 0;0 0;0
1506 NONE 0;0 0;0
1507 NONE 0;0 0;0
1508 NONE 0;0 0;0
1509 NONE 0;0 0;0
1510 NONE 0;0 0;0
1511 NONE 0;0 0;0
1512 NONE 0;0 0;0
1513 NONE 0;0 0;0
1514 NONE 0;0 0;0
1515 NONE 0;0 0;0
1516 NONE 0;0 0;0
1517 NONE 0;0 0;0
1518 NONE 0;0 0;0
1519 NONE 0;0 0;0
1520 NONE 0;0 0;0
1521 NONE 0;0 0;0
1522 NONE 0;0 0;0
1523 NONE 0;0 0;0
1524 NONE 0;0 0;0
1525 NONE 0;0 0;0
1526 NONE 0;0 0;0
1527 NONE 0;0 0;0
1528 NONE 0;0 0;0
1529 NONE 0;0 0;0
1530 NONE 0;0 0;0
1531 NONE 0;0 0;0
1532 NONE 0;0 0;0
1533 NONE 0;0 0;0
1534 NONE 0;0 0;0
1535 NONE 0;0 0;0
1536 NONE 0;0 0;0
1537 KEY_A 0;0 0;0
1538 KEY_A 0;0 0;0
1539 KEY_B 0;0 0;0
1540 KEY_A 0;0 0;0
1541 KEY_B 0;0 0;0
1542 KEY_A 0;0 0;0
1543 KEY_B 0;0 0;0
1544 KEY_A 0;0 0;0
1545 KEY_B 0;0 0;0
1546 KEY_A 0;0 0;0
1547 KEY_B 0;0 0;0
1548 KEY_A 0;0 0;0
1549 KEY_B 0;0 0;0
1550 KEY_A 0;0 0;0
1551 KEY_B 0;0 0;0
1552 KEY_A 0;0 0;0
1553 KEY_B 0;0 0;0
1554 KEY_A 0;0 0;0
1555 KEY_B 0;0 0;0
1556 KEY_A 0;0 0;0
1557 KEY_B 0;0 0;0
1558 KEY_A 0;0 0;0
1559 KEY_B 0;0 0;0
1560 KEY_A 0;0 0;0
1561 KEY_B 0;0 0;0
1562 KEY_A 0;0 0;0
1563 KEY_B 0;0 0;0
1564 KEY_A 0;0 0;0
1565 KEY_B 0;0 0;0
1566 KEY_A 0;0 0;0
1567 KEY_B 0;0 0;0
1568 KEY_A 0;0 0;0
1569 KEY_B 0;0 0;0
1570 KEY_A 0;0 0;0
1571 KEY_B 0;0 0;0
1572 KEY_A 0;0 0;0
1573 KEY_B 0;0 0;0
1574 KEY_A 0;0 0;0
1575 KEY_B 0;0 0;0
1576 KEY_A 0;0 0;0
1577 KEY_B 0;0 0;0
1578 KEY_A 0;0 0;0
1579 KEY_B 0;0 0;0
1580 KEY_A 0;0 0;0
1581 KEY_B 0;0 0;0
1582 KEY_A 0;0 0;0
1583 KEY_B 0;0 0;0
1584 KEY_A 0;0 0;0
1585 KEY_B 0;0 0;0
1586 KEY_A 0;0 0;0
1587 KEY_B 0;0 0;0
1588 KEY_A 0;0 0;0
1589 KEY_B 0;0 0;0
1590 KEY_A 0;0 0;0
1591 KEY_B 0;0 0;0
1592 KEY_A 0;0 0;0
1593 KEY_B 0;0 0;0
1594 KEY_A 0;0 0;0
1595 KEY_B 0;0 0;0
1596 KEY_A 0;0 0;0
1597 KEY_B 0;0 0;0
1598 KEY_A 0;0 0;0
1599 KEY_B 0;0 0;0
1600 KEY_A 0;0 0;0
1601 KEY_B 0;0 0;0
1602 KEY_A 0;0 0;0
1603 KEY_B 0;0 0;0
1604 KEY_A 0;0 0;0
1605 KEY_B 0;0 0;0
1606 KEY_A 0;0 0;0
1607 KEY_B 0;0 0;0
1608 KEY_A 0;0 0;0
1609 KEY_B 0;0 0;0
1610 KEY_A 0;0 0;0
1611 KEY_B 0;0 0;0
1612 KEY_A 0;0 0;0
1613 KEY_B 0;0 0;0
1614 KEY_A 0;0 0;0
1615 KEY_B 0;0 0;0
1616 KEY_A 0;0 0;0
1617 KEY_B 0;0 0;0
1618 KEY_A 0;0 0;0
1619 KEY_B 0;0 0;0
1620 KEY_A 0;0 0;0
1621 KEY_B 0;0 0;0
1622 KEY_A 0;0 0;0
1623 KEY_B 0;0 0;0
1624 KEY_A 0;0 0;0
1625 KEY_B 0;0 0;0
1626 KEY_A 0;0 0;0
1627 KEY_B 0;0 0;0
1628 KEY_A 0;0 0;0
1629 KEY_B 0;0 0;0
1630 KEY_A 0;0 0;0
1631 KEY_B 0;0 0;0
1632 KEY_A 0;0 0;0
1633 KEY_B 0;0 0;0
1634 KEY_A 0;0 0;0
1635 KEY_B 0;0 0;0
1636 KEY_A 0;0 0;0
1637 KEY_B 0;0 0;0
1638 KEY_A 0;0 0;0
1639 KEY_B 0;0 0;0
1640 KEY_A 0;0 0;0
1641 KEY_B 0;0 0;0
1642 KEY_A 0;0 0;0
1643 KEY_B 0;0 0;0
1644 KEY_A 0;0 0;0
1645 KEY_B 0;0 0;0
1646 KEY_A 0;0 0;0
1647 KEY_B 0;0 0;0
1648 KEY_A 0;0 0;0
1649 KEY_B 0;0 0;0
1650 KEY_A 0;0 0;0
1651 KEY_B 0;0 0;0
1652 KEY_A 0;0 0;0
1653 KEY_B 0;0 0;0
1654 KEY_A 0;0 0;0
1655 KEY_B 0;0 0;0
1656 KEY_A 0;0 0;0
1657 KEY_B 0;0 0;0
1658 KEY_A 0;0 0;0
1659 KEY_B 0;0 0;0
1660 KEY_A 0;0 0;0
1661 KEY_B 0;0 0;0
1662 KEY_A 0;0 0;0
1663 KEY_B 0;0 0;0
1664 KEY_A 0;0 0;0
1665 KEY_B 0;0 0;0
1666 KEY_A 0;0 0;0
1667 KEY_B 0;0 0;0
1668 KEY_A 0;0 0;0
1669 KEY_B 0;0 0;0
1670 KEY_A 0;0 0;0
1671 KEY_B 0;0 0;0
1672 KEY_A 0;0 0;0
1673 KEY_B 0;0 0;0
1674 KEY_A 0;0 0;0
1675 KEY_B 0;0 0;0
1676 KEY_A 0;0 0;0
1677 KEY_B 0;0 0;0
1678 KEY_A 0;0 0;0
1679 KEY_B 0;0 0;0
1680 KEY_A 0;0 0;0
1681 KEY_B 0;0 0;0
1682 KEY_A 0;0 0;0
1683 KEY_B 0;0 0;0
1684 KEY_A 0;0 0;0
1685 KEY_B 0;0 0;0
1686 KEY_A 0;0 0;0
1687 KEY_B 0;0 0;0
1688 KEY_A 0;0 0;0
1689 KEY_B 0;0 0;0
1690 KEY_A 0;0 0;0
1691 KEY_B 0;0 0;0
1692 KEY_A 0;0 0;0
1693 KEY_B 0;0 0;0
1694 KEY_A 0;0 0;0
1695 KEY_B 0;0 0;0
1696 KEY_A 0;0 0;0
1697 KEY_B 0;0 0;0
1698 KEY_A 0;0 0;0
1699 KEY_B 0;0 0;0
1700 KEY_A 0;0 0;0
1701 KEY_B 0;0 0;0
1702 KEY_A 0;0 0;0
1703 KEY_B 0;0 0;0
1704 KEY_A 0;0 0;0
1705 KEY_B 0;0 0;0
1706 KEY_A 0;0 0;0
1707 KEY_B 0;0 0;0
1708 KEY_A 0;0 0;0
1709 KEY_B 0;0 0;0
1710 KEY_A 0;0 0;0
1711 KEY_B 0;0 0;0
1712 KEY_A 0;0 0;0
1713 KEY_B 0;0 0;0
1714 KEY_A 0;0 0;0
1715 KEY_B 0;0 0;0
1716 KEY_A 0;0 0;0
1717 KEY_B 0;0 0;0
1718 KEY_A 0;0 0;0
1719 KEY_B 0;0 0;0
1720 KEY_A 0;0 0;0
1721 KEY_B 0;0 0;0
1722 KEY_A 0;0 0;0
1723 KEY_B 0;0 0;0
1724 KEY_A 0;0 0;0
1725 KEY_B 0;0 0;0
1726 KEY_A 0;0 0;0
1727 KEY_B 0;0 0;0
1728 KEY_A 0;0 0;0
1729 KEY_B 0;0 0;0
1730 KEY_A 0;0 0;0
1731 KEY_B 0;0 0;0
1732 KEY_A 0;0 0;0
1733 KEY_B 0;0 0;0
1734 KEY_A 0;0 0;0
1735 KEY_B 0;0 0;0
1736 KEY_A 0;0 0;0
1737 KEY_B 0;0 0;0
1738 KEY_A 0;0 0;0
1739 KEY_B 0;0 0;0
1740 KEY_A 0;0 0;0
1741 KEY_B 0;0 0;0
1742 KEY_A 0;0 0;0
1743 KEY_B 0;0 0;0
1744 KEY_A 0;0 0;0
1745 KEY_B 0;0 0;0
1746 KEY_A 0;0 0;0
1747 KEY_B 0;0 0;0
1748 KEY_A 0;0 0;0
1749 KEY_B 0;0 0;0
1750 KEY_A 0;0 0;0
1751 KEY_B 0;0 0;0
1752 KEY_A 0;0 0;0
1753 KEY_B 0;0 0;0
1754 KEY_A 0;0 0;0
1755 KEY_B 0;0 0;0
1756 KEY_A 0;0 0;0
1757 KEY_B 0;0 0;0
1758 KEY_A 0;0 0;0
1759 KEY_B 0;0 0;0
1760 KEY_A 0;0 0;0
1761 KEY_B 0;0 0;0
1762 KEY_A 0;0 0;0
1763 KEY_B 0;0 0;0
1764 KEY_A 0;0 0;0
1765 KEY_B 0;0 0;0
1766 KEY_A 0;0 0;0
1767 KEY_B 0;0 0;0
1768 KEY_A 0;0 0;0
1769 KEY_B 0;0 0;0
1770 KEY_A 0;0 0;0
1771 KEY_B 0;0 0;0
1772 KEY_A 0;0 0;0
1773 KEY_B 0;0 0;0
1774 KEY_A 0;0 0;0
1775 KEY_B 0;0 0;0
1776 KEY_A 0;0 0;0
1777 KEY_B 0;0 0;0
1778 KEY_A 0;0 0;0
1779 KEY_B 0;0 0;0
1780 KEY_A 0;0 0;0
1781 KEY_B 0;0 0;0
1782 KEY_A 0;0 0;0
1783 KEY_B 0;0 0;0
1784 KEY_A 0;0 0;0
1785 KEY_B 0;0 0;0
1786 KEY_A 0;0 0;0
1787 KEY_B 0;0 0;0
1788 KEY_A 0;0 0;0
1789 KEY_B 0;0 0;0
1790 KEY_A 0;0 0;0
1791 KEY_B 0;0 0;0
1792 KEY_A 0;0 0;0
1793 KEY_B 0;0 0;0
1794 KEY_A 0;0 0;0
1795 KEY_B 0;0 0;0
1796 KEY_A 0;0 0;0
1797 KEY_B 0;0 0;0
1798 KEY_A 0;0 0;0
1799 KEY_B 0;0 0;0
1800 KEY_A 0;0 0;0
1801 KEY_B 0;0 0;0
1802 KEY_A 0;0 0;0
1803 KEY_B 0;0 0;0
1804 KEY_A 0;0 0;0
1805 KEY_B 0;0 0;0
1806 KEY_A 0;0 0;0
1807 KEY_B 0;0 0;0
1808 KEY_A 0;0 0;0
1809 KEY_B 0;0 0;0
1810 KEY_A 0;0 0;0
1811 KEY_B 0;0 0;0
1812 KEY_A 0;0 0;0
1813 KEY_B 0;0 0;0
1814 KEY_A 0;0 0;0
1815 KEY_B 0;0 0;0
1816 KEY_A 0;0 0;0
1817 KEY_B 0;0 0;0
1818 KEY_A 0;0 0;0
1819 KEY_B 0;0 0;0
1820 KEY_A 0;0 0;0
1821 KEY_B 0;0 0;0
1822 KEY_A 0;0 0;0
1823 KEY_B 0;0 0;0
1824 KEY_A 0;0 0;0
1825 KEY_B 0;0 0;0
1826 KEY_A 0;0 0;0
1827 KEY_B 0;0 0;0
1828 KEY_A 0;0 0;0
1829 KEY_B 0;0 0;0
1830 KEY_A 0;0 0;0
1831 KEY_B 0;0 0;0
1832 KEY_A 0;0 0;0
1833 KEY_B 0;0 0;0
1834 KEY_A 0;0 0;0
1835 KEY_B 0;0 0;0
1836 KEY_A 0;0 0;0
1837 KEY_B 0;0 0;0
1838 KEY_A 0;0 0;0
1839 KEY_B 0;0 0;0
1840 KEY_A 0;0 0;0
1841 KEY_B 0;0 0;0
1842 KEY_A 0;0 0;0
1843 KEY_B 0;0 0;0
1844 KEY_A 0;0 0;0
1845 KEY_B 0;0 0;0
1846 KEY_A 0;0 0;0
1847 KEY_B 0;0 0;0
1848 KEY_A 0;0 0;0
1849 KEY_B 0;0 0;0
1850 KEY_A 0;0 0;0
1851 KEY_B 0;0 0;0
1852 KEY_A 0;0 0;0
1853 KEY_A 0;32767 0;0
1854 KEY_B -28377;-16383 0;0
1855 KEY_A 28377;-16383 0;0
1856 KEY_B 0;32767 0;0
1857 KEY_A -28377;-16383 0;0
1858 KEY_B 28377;-16383 0;0
1859 KEY_A 0;32767 0;0
1860 KEY_B -28377;-16383 0;0
1861 KEY_A 28377;-16383 0;0
1862 KEY_B 0;32767 0;0
1863 KEY_A -28377;-16383 0;0
1864 KEY_B 28377;-16383 0;0
1865 KEY_A 0;32767 0;0
1866 KEY_B -28377;-16383 0;0
1867 KEY_A 28377;-16383 0;0
1868 KEY_B 0;32767 0;0
1869 KEY_A -28377;-16383 0;0
1870 KEY_B 28377;-16383 0;0
1871 KEY_A 0;32767 0;0
1872 KEY_B -28377;-16383 0;0
1873 KEY_A 28377;-16383 0;0
1874 KEY_B 0;32767 0;0
1875 KEY_A -28377;-16383 0;0
1876 KEY_B 28377;-16383 0;0
1877 KEY_A 0;32767 0;0
1878 KEY_B -28377;-16383 0;0
1879 KEY_A 28377;-16383 0;0
1880 KEY_B 0;32767 0;0
1881 KEY_A -28377;-16383 0;0
1882 KEY_B 28377;-16383 0;0
1883 NONE 0;32767 0;0
1884 NONE -28377;-16383 0;0
1885 NONE 28377;-16383 0;0
1886 NONE 0;32767 0;0
1887 NONE -28377;-16383 0;0
1888 NONE 28377;-16383 0;0
1889 NONE 0;32767 0;0
1890 NONE -28377;-16383 0;0
1891 KEY_B 0;0 0;0
1892 KEY_ZL -16383;28377 0;0
1893 KEY_ZL -16383;28377 0;0
1894 KEY_ZL -16383;28377 0;0
1895 KEY_ZL -16383;28377 0;0
1896 KEY_ZL;KEY_X -16383;28377 0;0
1897 KEY_ZL;KEY_Y -16383;28377 0;0
1898 KEY_ZL;KEY_X -16383;28377 0;0
1899 KEY_ZL;KEY_Y -16383;28377 0;0
1900 KEY_ZL;KEY_L 0;0 0;0
1901 KEY_ZL 0;0 0;0
1902 KEY_ZL;KEY_L 0;0 0;0
1903 KEY_ZL 0;0 0;0
1904 KEY_ZL;KEY_L 0;0 0;0
1905 KEY_ZL 0;0 0;0
1906 KEY_ZL;KEY_L 0;0 0;0
1907 KEY_ZL 0;0 0;0
1908 KEY_ZL;KEY_L 0;0 0;0
1909 KEY_ZL 0;0 0;0
1910 KEY_ZL;KEY_L 0;0 0;0
1911 KEY_ZL 0;0 0;0
1912 KEY_ZL;KEY_L 0;0 0;0
1913 KEY_ZL 0;0 0;0
1914 KEY_ZL;KEY_L 0;0 0;0
1915 KEY_ZL 0;0 0;0
1916 KEY_ZL;KEY_L 0;0 0;0
1917 KEY_ZL 0;0 0;0
1918 KEY_ZL;KEY_L 0;0 0;0
1919 KEY_ZL 0;0 0;0
1920 KEY_ZL;KEY_L 0;0 0;0
1921 KEY_ZL 0;0 0;0
1922 KEY_ZL;KEY_L 0;0 0;0
1923 KEY_ZL 0;0 0;0
1924 KEY_ZL;KEY_L 0;0 0;0
1925 KEY_ZL 0;0 0;0
1926 KEY_ZL;KEY_L 0;0 0;0
1927 KEY_ZL 0;0 0;0
1928 KEY_ZL;KEY_L 0;0 0;0
1929 KEY_ZL 0;0 0;0
1930 KEY_ZL;KEY_L 0;0 0;0
1931 KEY_ZL 0;0 0;0
1932 KEY_ZL;KEY_L 0;0 0;0
1933 KEY_ZL 0;0 0;0
1934 KEY_ZL;KEY_L 0;0 0;0
1935 KEY_ZL 0;0 0;0
1936 KEY_ZL;KEY_L 0;0 32767;0
1937 KEY_ZL 0;0 32767;0
1938 KEY_ZL;KEY_L 0;0 32767;0
1939 KEY_ZL 0;0 32767;0
1940 KEY_ZL;KEY_L 0;0 32767;0
1941 KEY_ZL 0;0 32767;0
1942 KEY_ZL;KEY_L 0;0 32767;0
1943 KEY_ZL 0;0 32767;0
1944 KEY_ZL;KEY_L 0;0 32767;0
1945 KEY_ZL 0;0 32767;0
1946 KEY_ZL;KEY_L 0;0 32767;0
1947 KEY_ZL 0;0 32767;0
1948 KEY_B;KEY_L 0;0 0;0
1949 NONE 28377;16383 0;0
1950 NONE 28377;16383 0;0
1951 NONE 28377;16383 0;0
1952 NONE 28377;16383 0;0
1953 NONE 28377;16383 0;0
1954 NONE 28377;16383 0;0
1955 NONE 28377;16383 0;0
1956 KEY_B 28377;16383 0;0
1957 NONE 0;0 0;0
1958 NONE 0;0 0;0
1959 NONE 0;0 0;0
1960 NONE 0;0 0;0
1961 NONE 0;0 0;0
1962 NONE 0;0 0;0
1963 NONE 0;0 0;0
1964 NONE 0;0 0;0
1965 NONE 0;0 0;0
1966 NONE 0;0 0;0
1967 NONE 0;0 0;0
1968 NONE 0;0 0;0
1969 NONE 0;0 0;0
1970 NONE 0;0 0;0
1971 NONE 0;0 0;0
1972 NONE 0;0 0;0
1973 NONE 0;0 0;0
1974 NONE 0;0 0;0
1975 NONE 0;0 0;0
1976 NONE 0;0 0;0
1977 NONE 0;0 0;0
1978 NONE 0;0 0;0
1979 NONE 0;0 0;0
1980 NONE 0;0 0;0
1981 NONE 0;0 0;0
1982 NONE 0;0 0;0
1983 NONE 0;0 0;0
1984 NONE 0;0 0;0
1985 KEY_L 32363;5125 0;0
1986 NONE 32363;5125 0;0
1987 NONE 32363;5125 0;0
1988 NONE 32363;5125 0;0
1989 NONE 32363;5125 0;0
1990 NONE 32363;5125 0;0
1991 NONE 32363;5125 0;0
1992 NONE 32363;5125 0;0
1993 NONE 32363;5125 0;0
1994 NONE 32363;5125 0;0
1995 NONE 32363;5125 0;0
1996 NONE 32363;5125 0;0
1997 NONE 32363;5125 0;0
1998 NONE -20620;25464 0;0
1999 NONE -11742;-30590 0;0
2000 NONE 32363;5125 0;0
2001 NONE -20620;25464 0;0
2002 NONE -11742;-30590 0;0
2003 NONE 32363;5125 0;0
2004 NONE -20620;25464 0;0
2005 NONE -11742;-30590 0;0
2006 NONE 32363;5125 0;0
2007 NONE -20620;25464 0;0
2008 NONE -11742;-30590 0;0
2009 NONE 32363;5125 0;0
2010 NONE -20620;25464 0;0
2011 NONE -11742;-30590 0;0
2012 NONE 32363;5125 0;0
2013 NONE -20620;25464 0;0
2014 NONE -11742;-30590 0;0
2015 NONE 32363;5125 0;0
2016 NONE -20620;25464 0;0
2017 NONE -11742;-30590 0;0
2018 NONE 32363;5125 0;0
2019 NONE -20620;25464 0;0
2020 NONE -11742;-30590 0;0
2021 NONE 32363;5125 0;0
2022 NONE -20620;25464 0;0
2023 NONE -11742;-30590 0;0
2024 NONE 32363;5125 0;0
2025 NONE -20620;25464 0;0
2026 NONE -11742;-30590 0;0
2027 NONE 32363;5125 0;0
2028 NONE -20620;25464 0;0
2029 NONE -11742;-30590 0;0
2030 KEY_B 17639;-27614 0;0
2031 KEY_ZL 17639;-27614 0;0
2032 KEY_ZL 17639;-27614 0;0
2033 KEY_ZL 17639;-27614 0;0
2034 KEY_ZL 17639;-27614 0;0
2035 KEY_ZL;KEY_X 0;0 0;0
2036 KEY_ZL;KEY_Y 0;0 0;0
2037 KEY_ZL;KEY_X 0;0 0;0
2038 KEY_ZL;KEY_Y 0;0 0;0
2039 KEY_ZL 0;0 0;0
2040 KEY_ZL 0;0 0;0
2041 KEY_ZL 0;0 0;0
2042 KEY_ZL 0;0 0;0
2043 KEY_ZL 0;0 0;0
2044 KEY_ZL 0;0 0;0
2045 KEY_ZL 0;0 0;0
2046 KEY_ZL 0;0 0;0
2047 KEY_ZL 0;0 0;0
2048 KEY_ZL 0;0 0;0
2049 KEY_ZL 0;0 0;0
2050 KEY_ZL 0;0 0;0
2051 KEY_ZL 0;0 0;0
2052 KEY_ZL 0;0 0;0
2053 KEY_ZL 0;0 0;0
2054 KEY_ZL 0;0 0;0
2055 KEY_ZL 0;0 0;0
2056 KEY_ZL 0;0 0;0
2057 KEY_ZL 0;0 0;0
2058 KEY_ZL 0;0 0;0
2059 KEY_ZL 0;0 0;0
2060 KEY_ZL 0;0 0;0
2061 KEY_ZL 0;0 0;0
2062 KEY_ZL 0;0 0;0
2063 KEY_ZL 0;0 0;0
2064 KEY_ZL 0;0 0;0
2065 KEY_ZL 0;0 0;0
2066 KEY_ZL 0;0 0;0
2067 KEY_ZL 0;0 0;0
2068 KEY_ZL 0;0 0;0
2069 KEY_ZL 0;0 0;0
2070 KEY_ZL 0;0 0;0
2071 KEY_ZL 0;0 0;0
2072 KEY_ZL 0;0 0;0
2073 KEY_ZL 0;0 0;0
2074 KEY_ZL 0;0 0;0
2075 KEY_ZL 0;0 0;0
2076 KEY_ZL 0;0 0;0
2077 KEY_ZL 0;0 0;0
2078 KEY_ZL 0;0 0;0
2079 KEY_ZL 0;0 0;0
2080 KEY_ZL 0;0 0;0
2081 KEY_ZL 0;0 0;0
2082 KEY_ZL 0;0 0;0
2083 KEY_ZL 0;0 0;0
2084 KEY_ZL 0;0 0;0
2085 KEY_ZL 0;0 0;0
2086 KEY_ZL 0;0 0;0
2087 KEY_ZL 0;0 0;0
2088 KEY_ZL 0;0 0;0
2089 KEY_ZL 0;0 0;0
2090 KEY_ZL 0;0 0;0
2091 KEY_ZL 0;0 0;0
2092 KEY_ZL 0;0 0;0
2093 KEY_ZL 0;0 0;0
2094 KEY_ZL 0;0 0;0
2095 KEY_ZL 0;0 0;0
2096 KEY_ZL 0;0 0;0
2097 KEY_ZL 0;0 0;0
2098 KEY_ZL 0;0 0;0
2099 NONE 0;0 0;0
2100 NONE 0;0 0;0
2101 NONE 0;0 0;0
2102 NONE 0;0 0;0
2103 NONE 0;0 0;0
2104 NONE 0;0 0;0
2105 NONE 0;0 0;0
2106 NONE 0;0 0;0
2107 NONE 0;0 0;0
2108 NONE 0;0 0;0
2109 NONE 0;0 0;0
2110 NONE 0;0 0;0
2111 NONE 0;0 0;0
2112 NONE 0;0 0;0
2113 NONE 0;0 0;0
2114 NONE 0;0 0;0
2115 NONE 0;0 0;0
2116 NONE 0;0 0;0
2117 NONE 0;0 0;0
2118 NONE 0;0 0;0
2119 NONE 0;0 0;0
2120 NONE 0;0 0;0
2121 NONE 0;0 0;0
2122 NONE 0;0 0;0
2123 NONE 0;0 0;0
2124 NONE 0;0 0;0
2125 NONE 0;0 0;0
2126 NONE 0;0 0;0
2127 NONE 0;0 0;0
2128 NONE 0;0 0;0
2129 NONE 0;0 0;0
2130 NONE 0;0 0;0
2131 NONE 0;0 0;0
2132 NONE 0;0 0;0
2133 NONE 0;0 0;0
2134 NONE 0;0 0;0
2135 NONE 0;0 0;0
2136 NONE 0;0 0;0
2137 NONE 0;0 0;0
2138 NONE 0;0 0;0
2139 NONE 0;0 0;0
2140 NONE 0;0 0;0
2141 NONE 0;0 0;0
2142 NONE 0;0 0;0
2143 NONE 0;0 0;0
2144 NONE 0;0 0;0
2145 NONE 0;0 0;0
2146 NONE 0;0 0;0
2147 NONE 0;0 0;0
2148 NONE 0;0 0;0
2149 NONE 0;0 0;0
2150 NONE 0;0 0;0
2151 NONE 0;0 0;0
2152 NONE 0;0 0;0
2153 NONE 0;0 0;0
2154 NONE 0;0 0;0
2155 NONE 0;0 0;0
2156 NONE 0;0 0;0
2157 NONE 0;0 0;0
2158 NONE 0;0 0;0
2159 NONE 0;0 0;0
2160 NONE 0;0 0;0
2161 NONE 0;0 0;0
2162 NONE 0;0 0;0
2163 NONE 0;0 0;0
2164 NONE 0;0 0;0
2165 NONE 0;0 0;0
2166 NONE 0;0 0;0
2167 NONE 0;0 0;0
2168 NONE 0;0 0;0
2169 NONE 0;0 0;0
2170 NONE 0;0 0;0
2171 NONE 0;0 0;0
2172 NONE 0;0 0;0
2173 NONE 0;0 0;0
2174 NONE 0;0 0;0
2175 NONE 0;0 0;0
2176 NONE 0;0 0;0
2177 NONE 0;0 0;0
2178 NONE 0;0 0;0
2179 NONE 0;0 0;0
2180 NONE 0;0 0;0
2181 NONE 0;0 0;0
2182 NONE 0;0 0;0
2183 NONE 0;0 0;0
2184 NONE 0;0 0;0
2185 NONE 0;0 0;0
2186 NONE 0;0 0;0
2187 NONE 0;0 0;0
2188 NONE 0;0 0;0
2189 NONE 0;0 0;0
2190 NONE 0;0 0;0
2191 NONE 0;0 0;0
2192 NONE 0;0 0;0
2193 NONE 0;0 0;0
2194 NONE 0;0 0;0
2195 NONE 0;0 0;0
2196 NONE 0;0 0;0
2197 NONE 0;0 0;0
2198 NONE 0;0 0;0
2199 NONE 0;0 0;0
2200 NONE 0;0 0;0
2201 NONE 0;0 0;0
2202 NONE 0;0 0;0
2203 NONE 0;0 0;0
2204 NONE 0;0 0;0
2205 NONE 0;0 0;0
2206 NONE 0;0 0;0
2207 NONE 0;0 0;0
2208 NONE 0;0 0;0
2209 NONE 0;0 0;0
2210 NONE 0;0 0;0
2211 NONE 0;0 0;0
2212 NONE 0;0 0;0
2213 NONE 0;0 0;0
2214 NONE 0;0 0;0
2215 NONE 0;0 0;0
2216 NONE 0;0 0;0
2217 NONE 0;0 0;0
2218 NONE 0;0 0;0
2219 NONE 0;0 0;0
2220 NONE 0;0 0;0
2221 NONE 0;0 0;0
2222 NONE 0;0 0;0
2223 NONE 0;0 0;0
2224 NONE 0;0 0;0
2225 NONE 0;0 0;0
2226 NONE 0;0 0;0
2227 NONE 0;0 0;0
2228 NONE 0;0 0;0
2229 NONE 0;0 0;0
2230 NONE 0;0 0;0
2231 NONE 0;0 0;0
2232 NONE 0;0 0;0
2233 NONE 0;0 0;0
2234 NONE 0;0 0;0
2235 NONE 0;0 0;0
2236 NONE 0;0 0;0
2237 NONE 0;0 0;0
2238 KEY_A 0;0 0;0
2239 KEY_B 0;0 0;0
2240 KEY_A 0;0 0;0
2241 KEY_B 0;0 0;0
2242 KEY_A 0;0 0;0
2243 KEY_B 0;0 0;0
2244 KEY_A 0;0 0;0
2245 KEY_B 0;0 0;0
2246 KEY_A 0;0 0;0
2247 KEY_B 0;0 0;0
2248 KEY_A 0;0 0;0
2249 KEY_B 0;0 0;0
2250 KEY_A 0;0 0;0
2251 KEY_B 0;0 0;0
2252 KEY_A 0;0 0;0
2253 KEY_B 0;0 0;0
2254 KEY_A 0;0 0;0
2255 KEY_B 0;0 0;0
2256 KEY_A 0;0 0;0
2257 KEY_B 0;0 0;0
2258 KEY_A 0;0 0;0
2259 KEY_B 0;0 0;0
2260 KEY_A 0;0 0;0
2261 KEY_B 0;0 0;0
2262 KEY_A 0;0 0;0
2263 KEY_B 0;0 0;0
2264 KEY_A 0;0 0;0
2265 KEY_B 0;0 0;0
2266 KEY_A 0;0 0;0
2267 KEY_B 0;0 0;0
2268 KEY_A 0;0 0;0
2269 KEY_B 0;0 0;0
2270 KEY_A 0;0 0;0
2271 KEY_B 0;0 0;0
2272 KEY_A 0;0 0;0
2273 KEY_B 0;0 0;0
2274 KEY_A 0;0 0;0
2275 KEY_B 0;0 0;0
2276 KEY_A 0;0 0;0
2277 KEY_B 0;0 0;0
2278 KEY_A 0;0 0;0
2279 KEY_B 0;0 0;0
2280 KEY_A 0;0 0;0
2281 KEY_B 0;0 0;0
2282 KEY_A 0;0 0;0
2283 KEY_B 0;0 0;0
2284 KEY_A 0;0 0;0
2285 KEY_B 0;0 0;0
2286 KEY_A 0;0 0;0
2287 KEY_B 0;0 0;0
2288 KEY_A 0;0 0;0
2289 KEY_B 0;0 0;0
2290 KEY_A 0;0 0;0
2291 KEY_B 0;0 0;0
2292 KEY_A 0;0 0;0
2293 KEY_B 0;0 0;0
2294 KEY_A 0;0 0;0
2295 KEY_B 0;0 0;0
2296 KEY_A 0;0 0;0
2297 KEY_B 0;0 0;0
2298 KEY_A 0;0 0;0
2299 KEY_B 0;0 0;0
2300 KEY_A 0;0 0;0
2301 KEY_B 0;0 0;0
2302 KEY_A 0;0 0;0
2303 KEY_B 0;0 0;0
2304 KEY_A 0;0 0;0
2305 KEY_B 0;0 0;0
2306 KEY_A 0;0 0;0
2307 KEY_B 0;0 0;0
2308 KEY_A 0;0 0;0
2309 KEY_B 0;0 0;0
2310 KEY_A 0;0 0;0
2311 KEY_B 0;0 0;0
2312 KEY_A 0;0 0;0
2313 KEY_B 0;0 0;0
2314 KEY_A 0;0 0;0
2315 KEY_B 0;0 0;0
2316 KEY_A 0;0 0;0
2317 KEY_B 0;0 0;0
2318 KEY_A 0;0 0;0
2319 KEY_B 0;0 0;0
2320 KEY_A 0;0 0;0
2321 KEY_B 0;0 0;0
2322 KEY_A 0;0 0;0
2323 KEY_B 0;0 0;0
2324 KEY_A 0;0 0;0
2325 KEY_B 0;0 0;0
2326 KEY_A 0;0 0;0
2327 KEY_B 0;0 0;0
2328 KEY_A 0;0 0;0
2329 KEY_B 0;0 0;0
2330 KEY_A 0;0 0;0
2331 KEY_B 0;0 0;0
2332 KEY_A 0;0 0;0
2333 KEY_B 0;0 0;0
2334 KEY_A 0;0 0;0
2335 KEY_B 0;0 0;0
2336 KEY_A 0;0 0;0
2337 KEY_B 0;0 0;0
2338 KEY_A 0;0 0;0
2339 KEY_B 0;0 0;0
2340 KEY_A 0;0 0;0
2341 KEY_B 0;0 0;0
2342 KEY_A 0;0 0;0
2343 KEY_B 0;0 0;0
2344 KEY_A 0;0 0;0
2345 KEY_B 0;0 0;0
2346 KEY_A 0;0 0;0
2347 KEY_B 0;0 0;0
2348 KEY_A 0;0 0;0
2349 KEY_B 0;0 0;0
2350 KEY_A 0;0 0;0
2351 KEY_B 0;0 0;0
2352 KEY_A 0;0 0;0
2353 KEY_B 0;0 0;0
2354 KEY_A 0;0 0;0
2355 KEY_B 0;0 0;0
2356 KEY_A 0;0 0;0
2357 KEY_B 0;0 0;0
2358 KEY_A 0;0 0;0
2359 KEY_B 0;0 0;0
2360 KEY_A 0;0 0;0
2361 KEY_B 0;0 0;0
2362 KEY_A 0;0 0;0
2363 KEY_B 0;0 0;0
2364 KEY_A 0;0 0;0
2365 KEY_B 0;0 0;0
2366 KEY_A 0;0 0;0
2367 KEY_B 0;0 0;0
2368 KEY_A 0;0 0;0
2369 KEY_B 0;0 0;0
2370 KEY_A 0;0 0;0
2371 KEY_B 0;0 0;0
2372 KEY_A 0;0 0;0
2373 KEY_B 0;0 0;0
2374 KEY_A 0;0 0;0
2375 KEY_B 0;0 0;0
2376 KEY_A 0;0 0;0
2377 KEY_B 0;0 0;0
2378 KEY_A 0;0 0;0
2379 KEY_B 0;0 0;0
2380 KEY_A 0;0 0;0
2381 KEY_B 0;0 0;0
2382 KEY_A 0;0 0;0
2383 KEY_B 0;0 0;0
2384 KEY_A 0;0 0;0
2385 KEY_B 0;0 0;0
2386 KEY_A 0;0 0;0
2387 KEY_B 0;0 0;0
2388 KEY_A 0;0 0;0
2389 KEY_B 0;0 0;0
2390 KEY_A 0;0 0;0
2391 KEY_B 0;0 0;0
2392 KEY_A 0;0 0;0
2393 KEY_B 0;0 0;0
2394 KEY_A 0;0 0;0
2395 KEY_B 0;0 0;0
2396 KEY_A 0;0 0;0
2397 KEY_B 0;0 0;0
2398 KEY_A 0;0 0;0
2399 KEY_B 0;0 0;0
2400 KEY_A 0;0 0;0
2401 KEY_B 0;0 0;0
2402 KEY_A 0;0 0;0
2403 KEY_B 0;0 0;0
2404 KEY_A 0;0 0;0
2405 KEY_B 0;0 0;0
2406 KEY_A 0;0 0;0
2407 KEY_B 0;0 0;0
2408 KEY_A 0;0 0;0
2409 KEY_B 0;0 0;0
2410 KEY_A 0;0 0;0
2411 KEY_B 0;0 0;0
2412 KEY_A 0;0 0;0
2413 KEY_B 0;0 0;0
2414 KEY_A 0;0 0;0
2415 KEY_B 0;0 0;0
2416 KEY_A 0;0 0;0
2417 KEY_B 0;0 0;0
2418 NONE 0;32767 0;0
2419 NONE -28377;-16383 0;0
2420 NONE 28377;-16383 0;0
2421 NONE 0;32767 0;0
2422 NONE -28377;-16383 0;0
2423 NONE 28377;-16383 0;0
2424 NONE 0;32767 0;0
2425 NONE -28377;-16383 0;0
2426 NONE 28377;-16383 0;0
2427 NONE 0;32767 0;0
2428 NONE -28377;-16383 0;0
2429 NONE 28377;-16383 0;0
2430 NONE 0;32767 0;0
2431 NONE -28377;-16383 0;0
2432 NONE 28377;-16383 0;0
2433 NONE 0;32767 0;0
2434 NONE -28377;-16383 0;0
2435 NONE 28377;-16383 0;0
2436 NONE 0;32767 0;0
2437 NONE -28377;-16383 0;0
2438 NONE 28377;-16383 0;0
2439 NONE 0;32767 0;0
2440 NONE -28377;-16383 0;0
2441 NONE 28377;-16383 0;0
2442 NONE 0;32767 0;0
2443 NONE -28377;-16383 0;0
2444 NONE 28377;-16383 0;0
2445 NONE 0;32767 0;0
2446 NONE -28377;-16383 0;0
2447 NONE 28377;-16383 0;0
2448 NONE 0;32767 0;0
2449 NONE -28377;-16383 0;0
2450 NONE 28377;-16383 0;0
2451 NONE 0;32767 0;0
2452 NONE -28377;-16383 0;0
2453 NONE 28377;-16383 0;0
2454 NONE 0;32767 0;0
2455 NONE -28377;-16383 0;0
2456 NONE 28377;-16383 0;0
2457 NONE 0;32767 0;0
2458 NONE -28377;-16383 0;0
2459 NONE 28377;-16383 0;0
2460 NONE 0;32767 0;0
2461 NONE -28377;-16383 0;0
2462 NONE 28377;-16383 0;0
2463 NONE 0;32767 0;0
2464 NONE -28377;-16383 0;0
2465 NONE 28377;-16383 0;0
2466 NONE 0;32767 0;0
2467 NONE -28377;-16383 0;0
2468 NONE 28377;-16383 0;0
2469 NONE 0;32767 0;0
2470 NONE -28377;-16383 0;0
2471 NONE 28377;-16383 0;0
2472 NONE 0;32767 0;0
2473 NONE -28377;-16383 0;0
2474 NONE 28377;-16383 0;0
2475 NONE 0;32767 0;0
2476 NONE -28377;-16383 0;0
2477 NONE 28377;-16383 0;0
2478 NONE 0;32767 0;0
2479 NONE -28377;-16383 0;0
2480 NONE 28377;-16383 0;0
2481 NONE 0;32767 0;0
2482 NONE -28377;-16383 0;0
2483 NONE 28377;-16383 0;0
2484 NONE 0;32767 0;0
2485 NONE -28377;-16383 0;0
2486 NONE 28377;-16383 0;0
2487 NONE 0;32767 0;0
2488 NONE -28377;-16383 0;0
2489 NONE 28377;-16383 0;0
2490 NONE 0;32767 0;0
2491 NONE -28377;-16383 0;0
2492 NONE 28377;-16383 0;0
2493 NONE 0;32767 0;0
2494 NONE -28377;-16383 0;0
2495 NONE 28377;-16383 0;0
2496 NONE 0;32767 0;0
2497 NONE -28377;-16383 0;0
2498 NONE 28377;-16383 0;0
2499 NONE 0;32767 0;0
2500 NONE -28377;-16383 0;0
2501 NONE 28377;-16383 0;0
2502 NONE 0;32767 0;0
2503 NONE -28377;-16383 0;0
2504 NONE 28377;-16383 0;0
2505 NONE 0;32767 0;0
2506 NONE -28377;-16383 0;0
2507 NONE 28377;-16383 0;0
2508 NONE 0;32767 0;0
2509 NONE -28377;-16383 0;0
2510 NONE 28377;-16383 0;0
2511 NONE 0;32767 0;0
2512 NONE -28377;-16383 0;0
2513 NONE 28377;-16383 0;0
2514 NONE 0;32767 0;0
2515 NONE -28377;-16383 0;0
2516 NONE 28377;-16383 0;0
2517 NONE 0;32767 0;0
2518 NONE -28377;-16383 0;0
2519 NONE 28377;-16383 0;0
2520 NONE 0;32767 0;0
2521 NONE -28377;-16383 0;0
2522 NONE 28377;-16383 0;0
2523 NONE 0;32767 0;0
2524 NONE -28377;-16383 0;0
2525 NONE 28377;-16383 0;0
2526 NONE 0;32767 0;0
2527 NONE -28377;-16383 0;0
2528 NONE 28377;-16383 0;0
2529 NONE 0;32767 0;0
2530 NONE -28377;-16383 0;0
2531 NONE 28377;-16383 0;0
2532 NONE 0;32767 0;0
2533 NONE -28377;-16383 0;0
2534 NONE 28377;-16383 0;0
2535 NONE 0;32767 0;0
2536 NONE -28377;-16383 0;0
2537 NONE 28377;-16383 0;0
2538 NONE 0;32767 0;0
2539 NONE -28377;-16383 0;0
2540 NONE 28377;-16383 0;0
2541 NONE 0;32767 0;0
2542 NONE -28377;-16383 0;0
2543 NONE 28377;-16383 0;0
2544 NONE 0;32767 0;0
2545 NONE -28377;-16383 0;0
2546 NONE 28377;-16383 0;0
2547 NONE 0;32767 0;0
2548 NONE -28377;-16383 0;0
2549 NONE 28377;-16383 0;0
2550 NONE 0;32767 0;0
2551 NONE -28377;-16383 0;0
2552 NONE 28377;-16383 0;0
2553 NONE 0;32767 0;0
2554 NONE -28377;-16383 0;0
2555 NONE 28377;-16383 0;0
2556 NONE 0;32767 0;0
2557 NONE -28377;-16383 0;0
2558 NONE 28377;-16383 0;0
2559 NONE 0;32767 0;0
2560 NONE -28377;-16383 0;0
2561 NONE 28377;-16383 0;0
2562 NONE 0;32767 0;0
2563 NONE -28377;-16383 0;0
2564 NONE 28377;-16383 0;0
2565 NONE 0;32767 0;0
2566 NONE -28377;-16383 0;0
2567 NONE 28377;-16383 0;0
2568 NONE 0;32767 0;0
2569 NONE -28377;-16383 0;0
2570 NONE 28377;-16383 0;0
2571 NONE 0;32767 0;0
2572 NONE -28377;-16383 0;0
2573 NONE 28377;-16383 0;0
2574 NONE 0;32767 0;0
2575 NONE -28377;-16383 0;0
2576 NONE 28377;-16383 0;0
2577 NONE 0;32767 0;0
2578 NONE -28377;-16383 0;0
2579 NONE 28377;-16383 0;0
2580 NONE 0;32767 0;0
2581 NONE -28377;-16383 0;0
2582 NONE 28377;-16383 0;0
2583 NONE 0;32767 0;0
2584 NONE -28377;-16383 0;0
2585 NONE 28377;-16383 0;0
2586 NONE 0;32767 0;0
2587 NONE -28377;-16383 0;0
2588 NONE 28377;-16383 0;0
2589 NONE 0;32767 0;0
2590 NONE -28377;-16383 0;0
2591 NONE 28377;-16383 0;0
2592 NONE 0;32767 0;0
2593 NONE -28377;-16383 0;0
2594 NONE 28377;-16383 0;0
2595 NONE 0;32767 0;0
2596 NONE -28377;-16383 0;0
2597 NONE 28377;-16383 0;0
2598 NONE 0;32767 0;0
2599 NONE -28377;-16383 0;0
2600 NONE 28377;-16383 0;0
2601 NONE 0;32767 0;0
2602 NONE -28377;-16383 0;0
2603 NONE 28377;-16383 0;0
2604 NONE 0;32767 0;0
2605 NONE -28377;-16383 0;0
2606 NONE 28377;-16383 0;0
2607 NONE 0;32767 0;0
2608 NONE -28377;-16383 0;0
2609 NONE 28377;-16383 0;0
2610 NONE 0;32767 0;0
2611 NONE -28377;-16383 0;0
2612 NONE 28377;-16383 0;0
2613 NONE 0;32767 0;0
2614 NONE -28377;-16383 0;0
2615 NONE 28377;-16383 0;0
2616 NONE 0;32767 0;0
2617 NONE -28377;-16383 0;0
2618 NONE 28377;-16383 0;0
2619 NONE 0;32767 0;0
2620 NONE -28377;-16383 0;0
2621 NONE 28377;-16383 0;0
2622 NONE 0;32767 0;0
2623 NONE -28377;-16383 0;0
2624 NONE 28377;-16383 0;0
2625 NONE 0;32767 0;0
2626 NONE -28377;-16383 0;0
2627 NONE 28377;-16383 0;0
2628 NONE 0;32767 0;0
2629 NONE -28377;-16383 0;0
2630 NONE 28377;-16383 0;0
2631 NONE 0;32767 0;0
2632 NONE -28377;-16383 0;0
2633 NONE 28377;-16383 0;0
2634 NONE 0;32767 0;0
2635 NONE -28377;-16383 0;0
2636 NONE 28377;-16383 0;0
2637 NONE 0;32767 0;0
2638 NONE -28377;-16383 0;0
2639 NONE 28377;-16383 0;0
2640 NONE 0;32767 0;0
2641 NONE -28377;-16383 0;0
2642 NONE 28377;-16383 0;0
2643 NONE 0;32767 0;0
2644 NONE -28377;-16383 0;0
2645 NONE 28377;-16383 0;0
2646 NONE 0;32767 0;0
2647 NONE -28377;-16383 0;0
2648 NONE 28377;-16383 0;0
2649 NONE 0;32767 0;0
2650 NONE -28377;-16383 0;0
2651 NONE 28377;-16383 0;0
2652 NONE 0;32767 0;0
2653 NONE -28377;-16383 0;0
2654 NONE 28377;-16383 0;0
2655 NONE 0;32767 0;0
2656 NONE -28377;-16383 0;0
2657 NONE 28377;-16383 0;0
2658 NONE 0;32767 0;0
2659 NONE -28377;-16383 0;0
2660 NONE 28377;-16383 0;0
2661 NONE 0;32767 0;0
2662 NONE -28377;-16383 0;0
2663 NONE 28377;-16383 0;0
2664 NONE 0;32767 0;0
2665 NONE -28377;-16383 0;0
2666 NONE 28377;-16383 0;0
2667 NONE 0;32767 0;0
2668 NONE -28377;-16383 0;0
2669 NONE 28377;-16383 0;0
2670 NONE 0;32767 0;0
2671 NONE -28377;-16383 0;0
2672 NONE 28377;-16383 0;0
2673 NONE 0;32767 0;0
2674 NONE -28377;-16383 0;0
2675 NONE 28377;-16383 0;0
2676 NONE 0;32767 0;0
2677 NONE -28377;-16383 0;0
2678 NONE 28377;-16383 0;0
2679 NONE 0;32767 0;0
2680 NONE -28377;-16383 0;0
2681 NONE 28377;-16383 0;0
2682 NONE 0;32767 0;0
2683 NONE -28377;-16383 0;0
2684 NONE 28377;-16383 0;0
2685 NONE 0;32767 0;0
2686 NONE -28377;-16383 0;0
2687 NONE 28377;-16383 0;0
2688 NONE 0;32767 0;0
2689 NONE -28377;-16383 0;0
2690 NONE 28377;-16383 0;0
2691 NONE 0;32767 0;0
2692 NONE -28377;-16383 0;0
2693 NONE 28377;-16383 0;0
2694 NONE 0;32767 0;0
2695 NONE -28377;-16383 0;0
2696 NONE 28377;-16383 0;0
2697 NONE 0;32767 0;0
2698 NONE -28377;-16383 0;0
2699 NONE 28377;-16383 0;0
2700 NONE 0;32767 0;0
2701 NONE -28377;-16383 0;0
2702 NONE 28377;-16383 0;0
2703 NONE 0;32767 0;0
2704 NONE -28377;-16383 0;0
2705 NONE 28377;-16383 0;0
2706 NONE 0;32767 0;0
2707 NONE -28377;-16383 0;0
2708 NONE 28377;-16383 0;0
2709 NONE 0;32767 0;0
2710 NONE -28377;-16383 0;0
2711 NONE 28377;-16383 0;0
2712 NONE 0;32767 0;0
2713 NONE -28377;-16383 0;0
2714 NONE 28377;-16383 0;0
2715 NONE 0;32767 0;0
2716 NONE -28377;-16383 0;0
2717 NONE 28377;-16383 0;0
2718 NONE 0;32767 0;0
2719 NONE -28377;-16383 0;0
2720 NONE 28377;-16383 0;0
2721 NONE 0;32767 0;0
2722 NONE -28377;-16383 0;0
2723 NONE 28377;-16383 0;0
2724 NONE 0;32767 0;0
2725 NONE -28377;-16383 0;0
2726 NONE 28377;-16383 0;0
2727 NONE 0;32767 0;0
2728 NONE -28377;-16383 0;0
2729 NONE 28377;-16383 0;0
2730 NONE 0;32767 0;0
2731 NONE -28377;-16383 0;0
2732 NONE 28377;-16383 0;0
2733 NONE 0;32767 0;0
2734 NONE -28377;-16383 0;0
2735 NONE 28377;-16383 0;0
2736 NONE 0;32767 0;0
2737 NONE -28377;-16383 0;0
2738 NONE 28377;-16383 0;0
2739 NONE 0;32767 0;0
2740 NONE -28377;-16383 0;0
2741 NONE 28377;-16383 0;0
2742 NONE 0;32767 0;0
2743 NONE -28377;-16383 0;0
2744 NONE 28377;-16383 0;0
2745 NONE 0;32767 0;0
2746 NONE -28377;-16383 0;0
2747 NONE 28377;-16383 0;0
2748 NONE 0;32767 0;0
2749 NONE -28377;-16383 0;0
2750 NONE 28377;-16383 0;0
2751 NONE 0;32767 0;0
2752 NONE -28377;-16383 0;0
2753 NONE 28377;-16383 0;0
2754 NONE 0;32767 0;0
2755 NONE -28377;-16383 0;0
2756 NONE 28377;-16383 0;0
2757 NONE 0;32767 0;0
2758 NONE -28377;-16383 0;0
2759 NONE 28377;-16383 0;0
2760 NONE 0;32767 0;0
2761 NONE -28377;-16383 0;0
2762 NONE 28377;-16383 0;0
2763 NONE 0;32767 0;0
2764 NONE -28377;-16383 0;0
2765 NONE 28377;-16383 0;0
2766 NONE 0;32767 0;0
2767 NONE -28377;-16383 0;0
2768 NONE 28377;-16383 0;0
2769 NONE 0;32767 0;0
2770 NONE -28377;-16383 0;0
2771 NONE 28377;-16383 0;0
2772 NONE 0;32767 0;0
2773 NONE -28377;-16383 0;0
2774 NONE 28377;-16383 0;0
2775 NONE 0;32767 0;0
2776 NONE -28377;-16383 0;0
2777 NONE 28377;-16383 0;0
2778 NONE 0;32767 0;0
2779 NONE -28377;-16383 0;0
2780 NONE 28377;-16383 0;0
2781 NONE 0;32767 0;0
2782 NONE -28377;-16383 0;0
2783 NONE 28377;-16383 0;0
2784 NONE 0;32767 0;0
2785 NONE -28377;-16383 0;0
2786 NONE 28377;-16383 0;0
2787 NONE 0;32767 0;0
2788 NONE -28377;-16383 0;0
2789 NONE 28377;-16383 0;0
2790 NONE 0;32767 0;0
2791 NONE -28377;-16383 0;0
2792 NONE 28377;-16383 0;0
2793 NONE 0;32767 0;0
2794 NONE -28377;-16383 0;0
2795 NONE 28377;-16383 0;0
2796 NONE 0;32767 0;0
2797 NONE -28377;-16383 0;0
2798 NONE 28377;-16383 0;0
2799 NONE 0;32767 0;0
2800 NONE -28377;-16383 0;0
2801 NONE 28377;-16383 0;0
2802 NONE 0;32767 0;0
2803 NONE -28377;-16383 0;0
2804 NONE 28377;-16383 0;0
2805 NONE 0;32767 0;0
2806 NONE -28377;-16383 0;0
2807 NONE 28377;-16383 0;0
2808 NONE 0;32767 0;0
2809 KEY_B 28377;-16383 0;0
2810 KEY_ZL 28377;-16383 0;0
2811 KEY_ZL 28377;-16383 0;0
2812 KEY_ZL 28377;-16383 0;0
2813 KEY_ZL 28377;-16383 0;0
2814 KEY_ZL;KEY_X 28377;-16383 0;0
2815 KEY_ZL;KEY_L;KEY_R 0;0 0;0
2816 KEY_ZL;KEY_R 0;0 0;0
2817 KEY_ZL;KEY_L 0;0 0;0
2818 KEY_ZL 0;0 0;0
2819 KEY_ZL;KEY_L 0;0 0;0
2820 KEY_ZL 0;0 0;0
2821 KEY_ZL;KEY_L 0;0 0;0
2822 KEY_ZL 0;0 0;0
2823 KEY_ZL;KEY_L 0;0 0;0
2824 KEY_ZL 0;0 0;0
2825 KEY_ZL;KEY_L 0;0 0;0
2826 KEY_ZL 0;0 0;0
2827 KEY_ZL;KEY_L 0;0 0;0
2828 KEY_ZL 0;0 0;0
2829 KEY_ZL;KEY_L 0;0 0;0
2830 KEY_ZL 0;0 0;0
2831 KEY_ZL;KEY_L 0;0 0;0
2832 KEY_ZL 0;0 0;0
2833 KEY_ZL;KEY_L 0;0 0;0
2834 KEY_ZL 0;0 0;0
2835 KEY_ZL;KEY_L 0;0 0;0
2836 KEY_ZL 0;0 0;0
2837 KEY_ZL;KEY_L 0;0 0;0
2838 KEY_ZL 0;0 0;0
2839 KEY_ZL;KEY_L 0;0 0;0
2840 KEY_ZL 0;0 0;0
2841 KEY_ZL;KEY_L 0;0 0;0
2842 KEY_ZL 0;0 0;0
2843 KEY_ZL;KEY_L 0;0 0;0
2844 KEY_ZL 0;0 0;0
2845 KEY_ZL;KEY_L 0;0 0;0
2846 KEY_ZL 0;0 0;0
2847 KEY_ZL;KEY_L 0;0 0;0
2848 KEY_ZL 0;0 0;0
2849 KEY_ZL;KEY_L 0;0 0;0
2850 KEY_ZL 0;0 0;0
2851 KEY_ZL;KEY_L 0;0 0;0
2852 KEY_ZL 0;0 0;0
2853 KEY_ZL;KEY_L 0;0 0;0
2854 KEY_ZL 0;0 0;0
2855 KEY_ZL;KEY_L 0;0 0;0
2856 KEY_ZL 0;0 0;0
2857 KEY_ZL;KEY_L 0;0 0;0
2858 KEY_ZL 0;0 0;0
2859 KEY_ZL;KEY_L 0;0 0;0
2860 KEY_ZL 0;0 0;0
2861 KEY_ZL;KEY_L 0;0 0;0
2862 KEY_ZL 0;0 0;0
2863 KEY_ZL;KEY_L 0;0 0;0
2864 KEY_ZL 0;0 0;0
2865 KEY_ZL;KEY_L 0;0 0;0
2866 KEY_ZL 0;0 0;0
2867 KEY_ZL;KEY_L 0;0 0;0
2868 KEY_ZL 0;0 0;0
2869 KEY_ZL;KEY_L 0;0 0;0
2870 KEY_ZL 0;0 0;0
2871 KEY_ZL;KEY_L 0;0 0;0
2872 KEY_ZL 0;0 0;0
2873 KEY_ZL;KEY_L 0;0 0;0
2874 KEY_ZL 0;0 0;0
2875 KEY_ZL;KEY_L 0;0 0;0
2876 KEY_ZL 0;0 0;0
2877 KEY_ZL;KEY_L 0;0 0;0
2878 KEY_ZL 0;0 0;0
2879 KEY_ZL;KEY_L 0;0 0;0
2880 KEY_ZL 0;0 0;0
2881 KEY_ZL;KEY_L 0;0 0;0
2882 KEY_ZL 0;0 0;0
2883 KEY_ZL;KEY_L 0;0 0;0
2884 KEY_ZL 0;0 0;0
2885 KEY_ZL;KEY_L 0;0 0;0
2886 KEY_ZL 0;0 0;0
2887 KEY_ZL;KEY_L 0;0 0;0
2888 KEY_ZL 0;0 0;0
