1 NONE 21062;25100 0;0
2 NONE 21062;25100 0;0
3 NONE 21062;25100 0;0
4 NONE 21062;25100 0;0
5 NONE 21062;25100 0;0
6 NONE 21062;25100 0;0
7 NONE 21062;25100 0;0
8 NONE 21062;25100 0;0
9 NONE 21062;25100 0;0
10 NONE 21062;25100 0;0
11 NONE 21062;25100 0;0
12 NONE 21062;25100 0;0
13 NONE 21062;25100 0;0
14 NONE 21062;25100 0;0
15 NONE 21062;25100 0;0
16 NONE 21062;25100 0;0
17 NONE 21062;25100 0;0
18 NONE 21062;25100 0;0
19 NONE 21062;25100 0;0
20 NONE 21062;25100 0;0
21 NONE 21062;25100 0;0
22 NONE 21062;25100 0;0
23 KEY_L 21062;25100 0;0
24 NONE 21062;25100 0;0
25 NONE 21062;25100 0;0
26 NONE 21062;25100 0;0
27 NONE 21062;25100 0;0
28 NONE 21062;25100 0;0
29 NONE 21062;25100 0;0
30 NONE 21062;25100 0;0
31 KEY_ZR 21062;25100 0;0
32 KEY_ZL;KEY_Y 21062;25100 0;0
33 NONE 21062;25100 0;0
34 NONE 21062;25100 0;0
35 NONE 21062;25100 0;0
36 NONE 21062;25100 0;0
37 NONE 21062;25100 0;0
38 NONE 21062;25100 0;0
39 NONE 21062;25100 0;0
40 NONE 21062;25100 0;0
41 NONE 21062;25100 0;0
42 NONE 21062;25100 0;0
43 NONE 21062;25100 0;0
44 NONE 21062;25100 0;0
45 NONE 21062;25100 0;0
46 NONE 21062;25100 0;0
47 NONE 21062;25100 0;0
48 NONE 21062;25100 0;0
49 NONE 21062;25100 0;0
50 NONE 21062;25100 0;0
51 NONE 21062;25100 0;0
52 NONE 21062;25100 0;0
53 NONE 21062;25100 0;0
54 NONE 21062;25100 0;0
55 NONE 21062;25100 0;0
56 NONE 21062;25100 0;0
57 NONE 21062;25100 0;0
58 NONE 21062;25100 0;0
59 NONE 21062;25100 0;0
60 NONE 21062;25100 0;0
61 NONE 21062;25100 0;0
62 NONE 21062;25100 0;0
63 NONE 21062;25100 0;0
64 NONE 21062;25100 0;0
65 NONE 21062;25100 0;0
66 NONE 21062;25100 0;0
67 NONE 21062;25100 0;0
68 KEY_B 0;0 0;0
69 KEY_L 0;32767 0;0
70 KEY_Y 0;32767 0;0
71 KEY_Y 0;32767 0;0
72 KEY_Y 0;32767 0;0
73 KEY_Y 0;32767 0;0
74 KEY_Y 0;32767 0;0
75 KEY_Y 0;32767 0;0
76 KEY_Y 0;32767 0;0
77 KEY_ZR;KEY_Y 0;32767 0;0
78 KEY_ZL;KEY_X;KEY_Y 0;32767 0;0
79 KEY_ZL;KEY_Y 0;-32767 0;0
80 KEY_ZL;KEY_Y 0;-32767 0;0
81 KEY_ZL;KEY_Y 0;-32767 0;0
82 KEY_ZL;KEY_Y 0;-32767 0;0
83 KEY_ZL;KEY_Y 0;-32767 0;0
84 KEY_ZL;KEY_Y 0;-13106 0;0
85 KEY_ZL;KEY_Y 0;0 0;0
86 KEY_ZL;KEY_Y 0;32767 0;0
87 KEY_ZL;KEY_Y 0;32767 0;0
88 KEY_ZL;KEY_Y 0;32767 0;0
89 KEY_ZL;KEY_Y 0;32767 0;0
90 KEY_ZL;KEY_Y 0;32767 0;0
91 KEY_ZL;KEY_Y 0;32767 0;0
92 KEY_ZL;KEY_Y 0;32767 0;0
93 KEY_ZL;KEY_Y 0;32767 0;0
94 KEY_ZL;KEY_Y 0;32767 0;0
95 KEY_ZL;KEY_Y 0;32767 0;0
96 KEY_ZL;KEY_Y 0;32767 0;0
97 KEY_ZL;KEY_Y 0;32767 0;0
98 KEY_ZL;KEY_Y 0;32767 0;0
99 KEY_ZL;KEY_Y 0;32767 0;0
100 KEY_ZL;KEY_Y 0;32767 0;0
101 KEY_ZL;KEY_Y 0;32767 0;0
102 KEY_ZL;KEY_Y 0;32767 0;0
103 KEY_ZL;KEY_Y 0;32767 0;0
104 KEY_ZL;KEY_Y 0;32767 0;0
105 KEY_ZL;KEY_Y 0;32767 0;0
106 KEY_ZL;KEY_Y 0;32767 0;0
107 KEY_ZL;KEY_Y 0;32767 0;0
108 KEY_ZL;KEY_Y 0;32767 0;0
109 KEY_ZL;KEY_Y 0;32767 0;0
110 KEY_ZL;KEY_Y;KEY_X 0;-32767 0;0
111 KEY_Y 0;32767 0;0
112 NONE -18794;26841 0;0
113 NONE -18794;26841 0;0
114 NONE -18794;26841 0;0
115 NONE -18794;26841 0;0
116 NONE -18794;26841 0;0
117 NONE -18794;26841 0;0
118 NONE -18794;26841 0;0
119 NONE -18794;26841 0;0
120 NONE -18794;26841 0;0
121 NONE -18794;26841 0;0
122 NONE -18794;26841 0;0
123 NONE -18794;26841 0;0
124 NONE -18794;26841 0;0
125 NONE -18794;26841 0;0
126 NONE -18794;26841 0;0
127 NONE -18794;26841 0;0
128 NONE -18794;26841 0;0
129 NONE -18794;26841 0;0
130 NONE -18794;26841 0;0
131 NONE -18794;26841 0;0
132 NONE -18794;26841 0;0
133 NONE -18794;26841 0;0
134 NONE -18794;26841 0;0
135 NONE -18794;26841 0;0
136 NONE -18794;26841 0;0
137 NONE -18794;26841 0;0
138 NONE -18794;26841 0;0
139 NONE -18794;26841 0;0
140 NONE -18794;26841 0;0
141 NONE -18794;26841 0;0
142 NONE -18794;26841 0;0
143 NONE -18794;26841 0;0
144 NONE -18794;26841 0;0
145 NONE -18794;26841 0;0
146 NONE -18794;26841 0;0
147 NONE -18794;26841 0;0
148 NONE -18794;26841 0;0
149 NONE -18794;26841 0;0
150 NONE -18794;26841 0;0
151 NONE -18794;26841 0;0
152 NONE -18794;26841 0;0
153 NONE -18794;26841 0;0
154 NONE -18794;26841 0;0
155 NONE -18794;26841 0;0
156 NONE -18794;26841 0;0
157 NONE -18794;26841 0;0
158 NONE -18794;26841 0;0
159 NONE -18794;26841 0;0
160 NONE -18794;26841 0;0
161 NONE -18794;26841 0;0
162 NONE -18794;26841 0;0
163 NONE -18794;26841 0;0
164 NONE -18794;26841 0;0
165 NONE -18794;26841 0;0
166 NONE -18794;26841 0;0
167 NONE -18794;26841 0;0
168 NONE -18794;26841 0;0
169 NONE -18794;26841 0;0
170 NONE -18794;26841 0;0
171 NONE -18794;26841 0;0
172 NONE -18794;26841 0;0
173 NONE -18794;26841 0;0
174 NONE -18794;26841 0;0
175 NONE -18794;26841 0;0
176 NONE -18794;26841 0;0
177 KEY_DDOWN -18794;26841 0;0
178 NONE -18794;26841 0;0
179 NONE -18794;26841 0;0
180 NONE -18794;26841 0;0
181 NONE -18794;26841 0;0
182 NONE -18794;26841 0;0
183 NONE -18794;26841 0;0
184 KEY_DDOWN -18794;26841 0;0
185 KEY_DUP -18794;26841 0;0
186 KEY_DDOWN -18794;26841 0;0
187 KEY_DUP -18794;26841 0;0
188 KEY_DDOWN -18794;26841 0;0
189 KEY_DUP -18794;26841 0;0
190 KEY_DDOWN -18794;26841 0;0
191 KEY_DUP -18794;26841 0;0
192 KEY_DDOWN -18794;26841 0;0
193 KEY_DUP -18794;26841 0;0
194 NONE 0;0 0;0
195 NONE 0;0 0;0
196 NONE 0;0 0;0
197 NONE 0;0 0;0
198 NONE 0;0 0;0
199 NONE 0;0 0;0
200 NONE 0;0 0;0
201 NONE 0;0 0;0
202 NONE 0;0 0;0
203 NONE 0;0 0;0
204 NONE 0;0 0;0
205 NONE 0;0 0;0
206 NONE 0;0 0;0
207 NONE 0;0 0;0
208 NONE 0;0 0;0
209 NONE 0;0 0;0
210 NONE 0;0 0;0
211 NONE 0;0 0;0
212 NONE 0;0 0;0
213 NONE 0;0 0;0
214 NONE 0;0 0;0
215 NONE 0;0 0;0
216 NONE 0;0 0;0
217 NONE 0;0 0;0
218 NONE 0;0 0;0
219 NONE 0;0 0;0
220 NONE 0;0 0;0
221 NONE 0;0 0;0
222 NONE 0;0 0;0
223 NONE 0;0 0;0
224 NONE 0;0 0;0
225 NONE 0;0 0;0
226 NONE 0;0 0;0
227 NONE 0;0 0;0
228 NONE 0;0 0;0
229 NONE 0;0 0;0
230 NONE 0;0 0;0
231 NONE 0;0 0;0
232 NONE 0;0 0;0
233 NONE 0;0 0;0
234 NONE 0;0 0;0
235 NONE 0;0 0;0
236 NONE 0;0 0;0
237 NONE 0;0 0;0
238 NONE 0;0 0;0
239 KEY_Y 21062;25100 0;0
240 KEY_Y 21062;25100 0;0
241 KEY_Y 21062;25100 0;0
242 KEY_Y 21062;25100 0;0
243 KEY_Y 21062;25100 0;0
244 KEY_Y 21062;25100 0;0
245 KEY_Y 21062;25100 0;0
246 KEY_Y 21062;25100 0;0
247 KEY_Y 21062;25100 0;0
248 KEY_Y 21062;25100 0;0
249 KEY_Y 21062;25100 0;0
250 KEY_Y 21062;25100 0;0
251 KEY_Y 21062;25100 0;0
252 KEY_Y 21062;25100 0;0
253 KEY_Y 21062;25100 0;0
254 KEY_Y 21062;25100 0;0
255 KEY_Y 21062;25100 0;0
256 KEY_Y 21062;25100 0;0
257 KEY_Y 21062;25100 0;0
258 KEY_Y 21062;25100 0;0
259 KEY_Y 21062;25100 0;0
260 KEY_Y 21062;25100 0;0
261 KEY_Y 21062;25100 0;0
262 KEY_Y 21062;25100 0;0
263 KEY_Y 21062;25100 0;0
264 KEY_Y 21062;25100 0;0
265 KEY_Y 21062;25100 0;0
266 KEY_Y 21062;25100 0;0
267 KEY_Y 21062;25100 0;0
268 KEY_Y 21062;25100 0;0
269 KEY_Y 21062;25100 0;0
270 KEY_Y 21062;25100 0;0
271 KEY_Y 21062;25100 0;0
272 KEY_Y 21062;25100 0;0
273 KEY_Y 21062;25100 0;0
274 KEY_Y 21062;25100 0;0
275 KEY_DUP 12803;30162 0;0
276 KEY_L 12803;30162 0;0
277 KEY_DUP 12803;30162 0;0
278 KEY_L 12803;30162 0;0
279 KEY_DUP 12803;30162 0;0
280 KEY_L 12803;30162 0;0
281 KEY_DUP 12803;30162 0;0
282 KEY_L 12803;30162 0;0
283 KEY_DUP 12803;30162 0;0
284 KEY_L 12803;30162 0;0
285 KEY_DUP 12803;30162 0;0
286 KEY_L 12803;30162 0;0
287 KEY_DUP 12803;30162 0;0
288 KEY_L 12803;30162 0;0
289 KEY_DUP 12803;30162 0;0
290 KEY_L 12803;30162 0;0
291 KEY_DUP 12803;30162 0;0
292 KEY_L 12803;30162 0;0
293 KEY_DUP 12803;30162 0;0
294 KEY_L 12803;30162 0;0
295 KEY_DUP 12803;30162 0;0
296 KEY_L 12803;30162 0;0
297 KEY_DUP 12803;30162 0;0
298 KEY_L 12803;30162 0;0
299 KEY_DUP 12803;30162 0;0
300 KEY_L 12803;30162 0;0
301 KEY_DUP 12803;30162 0;0
302 KEY_L 12803;30162 0;0
303 KEY_DUP 12803;30162 0;0
304 KEY_L 12803;30162 0;0
305 KEY_DUP 12803;30162 0;0
306 KEY_L 12803;30162 0;0
307 KEY_DUP 12803;30162 0;0
308 KEY_L 12803;30162 0;0
309 KEY_DUP 12803;30162 0;0
310 KEY_L 12803;30162 0;0
311 KEY_DUP 12803;30162 0;0
312 KEY_L 12803;30162 0;0
313 KEY_DUP 12803;30162 0;0
314 KEY_L 12803;30162 0;0
315 KEY_DUP 12803;30162 0;0
316 KEY_L 12803;30162 0;0
317 KEY_DUP 12803;30162 0;0
318 KEY_L 12803;30162 0;0
319 KEY_DUP 12803;30162 0;0
320 KEY_L 12803;30162 0;0
321 KEY_DUP 12803;30162 0;0
322 KEY_L 12803;30162 0;0
323 KEY_DUP 12803;30162 0;0
324 KEY_L 12803;30162 0;0
325 KEY_DUP 12803;30162 0;0
326 KEY_L 12803;30162 0;0
327 KEY_DUP 12803;30162 0;0
328 KEY_L 12803;30162 0;0
329 KEY_DUP 12803;30162 0;0
330 KEY_L 12803;30162 0;0
331 KEY_DUP 12803;30162 0;0
332 KEY_L 12803;30162 0;0
333 KEY_DUP 12803;30162 0;0
334 KEY_L 12803;30162 0;0
335 KEY_DUP 12803;30162 0;0
336 KEY_L 12803;30162 0;0
337 KEY_DUP 12803;30162 0;0
338 KEY_L 12803;30162 0;0
339 KEY_DUP 12803;30162 0;0
340 KEY_L 12803;30162 0;0
341 KEY_DUP 12803;30162 0;0
342 KEY_L 12803;30162 0;0
343 KEY_DUP 12803;30162 0;0
344 KEY_L 12803;30162 0;0
345 KEY_DUP 12803;30162 0;0
346 KEY_L 12803;30162 0;0
347 KEY_DUP 12803;30162 0;0
348 KEY_L 12803;30162 0;0
349 KEY_DUP 12803;30162 0;0
350 KEY_L 12803;30162 0;0
351 KEY_DUP 12803;30162 0;0
352 KEY_L 12803;30162 0;0
353 KEY_DUP 12803;30162 0;0
354 KEY_L 12803;30162 0;0
355 KEY_DUP 12803;30162 0;0
356 KEY_L 12803;30162 0;0
357 KEY_L -5689;32269 0;0
358 NONE 5689;32269 0;0
359 NONE 5689;32269 0;0
360 NONE 5689;32269 0;0
361 NONE 5689;32269 0;0
362 NONE 5689;32269 0;0
363 NONE 5689;32269 0;0
364 NONE 5689;32269 0;0
365 NONE 5689;32269 0;0
366 NONE 5689;32269 0;0
367 NONE 5689;32269 0;0
368 NONE 5689;32269 0;0
369 NONE 5689;32269 0;0
370 NONE 5689;32269 0;0
371 NONE 5689;32269 0;0
372 NONE 5689;32269 0;0
373 NONE 5689;32269 0;0
374 NONE 5689;32269 0;0
375 NONE 5689;32269 0;0
376 NONE 5689;32269 0;0
377 NONE 5689;32269 0;0
378 NONE 5689;32269 0;0
379 NONE 5689;32269 0;0
380 NONE 5689;32269 0;0
381 NONE 5689;32269 0;0
382 NONE 5689;32269 0;0
383 NONE 5689;32269 0;0
384 NONE 5689;32269 0;0
385 NONE 5689;32269 0;0
386 NONE 5689;32269 0;0
387 NONE 5689;32269 0;0
388 NONE 5689;32269 0;0
389 NONE 5689;32269 0;0
390 NONE 5689;32269 0;0
391 NONE 5689;32269 0;0
392 NONE 5689;32269 0;0
393 NONE 5689;32269 0;0
394 NONE 5689;32269 0;0
395 NONE 5689;32269 0;0
396 KEY_B 0;32767 0;0
397 NONE 0;32767 0;0
398 NONE 0;32767 0;0
399 NONE 0;32767 0;0
400 NONE 0;32767 0;0
401 NONE 0;32767 0;0
402 NONE 0;32767 0;0
403 NONE 0;32767 0;0
404 NONE 0;32767 0;0
405 NONE 0;32767 0;0
406 NONE 0;32767 0;0
407 NONE 0;32767 0;0
408 NONE 0;32767 0;0
409 NONE 0;32767 0;0
410 NONE 0;32767 0;0
411 NONE 0;32767 0;0
412 NONE 0;32767 0;0
413 NONE 0;32767 0;0
414 NONE 0;32767 0;0
415 NONE 0;32767 0;0
416 NONE 0;32767 0;0
417 NONE 0;32767 0;0
418 NONE 0;32767 0;0
419 NONE 0;32767 0;0
420 NONE 0;32767 0;0
421 NONE 0;32767 0;0
422 NONE 0;32767 0;0
423 NONE 0;32767 0;0
424 NONE 0;32767 0;0
425 NONE 0;32767 0;0
426 NONE 0;32767 0;0
427 NONE 0;32767 0;0
428 NONE 0;32767 0;0
429 NONE 0;32767 0;0
430 NONE 0;32767 0;0
431 NONE 0;32767 0;0
432 NONE 0;32767 0;0
433 NONE 0;32767 0;0
434 NONE 0;32767 0;0
435 NONE 0;32767 0;0
436 NONE 0;32767 0;0
437 NONE 0;32767 0;0
438 NONE 0;32767 0;0
439 NONE 0;32767 0;0
440 NONE 0;32767 0;0
441 NONE 0;32767 0;0
442 NONE 0;32767 0;0
443 NONE 0;32767 0;0
444 NONE 0;32767 0;0
445 NONE 0;32767 0;0
446 NONE 0;32767 0;0
447 NONE 0;32767 0;0
448 NONE 0;32767 0;0
449 KEY_B 0;0 0;0
450 NONE 0;0 0;0
451 NONE 0;0 0;0
452 NONE 0;0 0;0
453 NONE 0;0 0;0
454 NONE 0;0 0;0
455 NONE 0;0 0;0
456 NONE 0;0 0;0
457 NONE 0;0 0;0
458 NONE 0;0 0;0
459 NONE 0;0 0;0
460 NONE 0;0 0;0
461 NONE 0;0 0;0
462 NONE 0;0 0;0
463 NONE 0;0 0;0
464 NONE 0;0 0;0
465 NONE 0;0 0;0
466 NONE 0;0 0;0
467 NONE 0;0 0;0
468 NONE 0;0 0;0
469 NONE 0;0 0;0
470 NONE 0;0 0;0
471 NONE 0;0 0;0
472 NONE 0;0 0;0
473 NONE 0;0 0;0
474 NONE 0;0 0;0
475 NONE 0;0 0;0
476 NONE 0;0 0;0
477 NONE 0;0 0;0
478 NONE 0;0 0;0
479 NONE 0;0 0;0
480 NONE 0;0 0;0
481 NONE 0;0 0;0
482 NONE 0;0 0;0
483 NONE 0;0 0;0
484 NONE 0;0 0;0
485 NONE 0;0 0;0
486 NONE 0;0 0;0
487 KEY_ZL -12115;-30444 0;0
488 NONE -12115;-30444 0;0
489 NONE -12115;-30444 0;0
490 NONE -12115;-30444 0;0
491 NONE -12115;-30444 0;0
492 NONE -12115;-30444 0;0
493 NONE -12115;-30444 0;0
494 NONE -12115;-30444 0;0
495 NONE -12115;-30444 0;0
496 NONE -12115;-30444 0;0
497 NONE -12115;-30444 0;0
498 NONE -12115;-30444 0;0
499 NONE -12115;-30444 0;0
500 NONE -12115;-30444 0;0
501 NONE -12115;-30444 0;0
502 NONE -12115;-30444 0;0
503 NONE -12115;-30444 0;0
504 NONE -12115;-30444 0;0
505 NONE -12115;-30444 0;0
506 NONE -12115;-30444 0;0
507 NONE -12115;-30444 0;0
508 KEY_DLEFT -12115;-30444 0;0
509 NONE -12115;-30444 0;0
510 NONE -12115;-30444 0;0
511 NONE -12115;-30444 0;0
512 NONE -12115;-30444 0;0
513 NONE -12115;-30444 0;0
514 NONE -12115;-30444 0;0
515 NONE -12115;-30444 0;0
516 NONE -12115;-30444 0;0
517 KEY_ZL -12115;-30444 0;0
518 KEY_ZL;KEY_Y -12115;-30444 0;0
519 KEY_Y -12115;-30444 0;0
520 KEY_Y -12115;-30444 0;0
521 KEY_Y -12115;-30444 0;0
522 KEY_Y -12115;-30444 0;0
523 KEY_Y -12115;-30444 0;0
524 KEY_Y -12115;-30444 0;0
525 KEY_Y -12115;-30444 0;0
526 KEY_Y -12115;-30444 0;0
527 KEY_Y -12115;-30444 0;0
528 KEY_Y -12115;-30444 0;0
529 KEY_Y -12115;-30444 0;0
530 KEY_Y -12115;-30444 0;0
531 KEY_Y -12115;-30444 0;0
532 KEY_Y -12115;-30444 0;0
533 KEY_Y -12115;-30444 0;0
534 KEY_Y -12115;-30444 0;0
535 KEY_Y -12115;-30444 0;0
536 KEY_Y -12115;-30444 0;0
537 KEY_Y -12115;-30444 0;0
538 KEY_Y -12115;-30444 0;0
539 KEY_Y -12115;-30444 0;0
540 KEY_Y -12115;-30444 0;0
541 KEY_Y -12115;-30444 0;0
542 KEY_Y -12115;-30444 0;0
543 KEY_Y -12115;-30444 0;0
544 KEY_Y -12115;-30444 0;0
545 KEY_Y -12115;-30444 0;0
546 KEY_Y -12115;-30444 0;0
547 KEY_Y -12115;-30444 0;0
548 KEY_Y -12115;-30444 0;0
549 KEY_Y -12115;-30444 0;0
550 KEY_Y -12115;-30444 0;0
551 KEY_Y -12115;-30444 0;0
552 KEY_B -12115;-30444 0;0
553 NONE -12115;-30444 0;0
554 NONE -12115;-30444 0;0
555 NONE -12115;-30444 0;0
556 NONE -12115;-30444 0;0
557 NONE -12115;-30444 0;0
558 NONE -12115;-30444 0;0
559 NONE -12115;-30444 0;0
560 NONE -12115;-30444 0;0
561 NONE -12115;-30444 0;0
562 NONE -12115;-30444 0;0
563 NONE -12115;-30444 0;0
564 NONE -12115;-30444 0;0
565 NONE -12115;-30444 0;0
566 NONE -12115;-30444 0;0
567 NONE -12115;-30444 0;0
568 NONE -12115;-30444 0;0
569 NONE -12115;-30444 0;0
570 NONE -12115;-30444 0;0
571 NONE -12115;-30444 0;0
572 NONE -12115;-30444 0;0
573 NONE -12115;-30444 0;0
574 NONE -12115;-30444 0;0
575 NONE -12115;-30444 0;0
576 NONE -12115;-30444 0;0
577 NONE -12115;-30444 0;0
578 NONE -12115;-30444 0;0
579 NONE -12115;-30444 0;0
580 NONE -12115;-30444 0;0
581 NONE -12115;-30444 0;0
582 NONE -12115;-30444 0;0
583 NONE 0;0 0;0
584 NONE 0;0 0;0
585 NONE 0;0 0;0
586 NONE 0;0 0;0
587 NONE 0;0 0;0
588 NONE 0;0 0;0
589 NONE 0;0 0;0
590 NONE 0;0 0;0
591 NONE 0;0 0;0
592 NONE 0;0 0;0
593 NONE 0;0 0;0
594 NONE 0;0 0;0
595 NONE 0;0 0;0
596 NONE 0;0 0;0
597 NONE 0;0 0;0
598 NONE 0;0 0;0
599 NONE 0;0 0;0
600 NONE 0;0 0;0
601 NONE 0;0 0;0
602 NONE 0;0 0;0
603 NONE 0;0 0;0
604 NONE 0;0 0;0
605 NONE 0;0 0;0
606 NONE 0;0 0;0
607 NONE 0;0 0;0
608 NONE 0;0 0;0
609 NONE 0;0 0;0
610 NONE 0;0 0;0
611 NONE 0;0 0;0
612 NONE 0;0 0;0
613 NONE 0;0 0;0
614 NONE 0;0 0;0
615 NONE 0;0 0;0
616 NONE 0;0 0;0
617 NONE 0;0 0;0
618 NONE 0;0 0;0
619 NONE 0;0 0;0
620 NONE 0;0 0;0
621 NONE 0;0 0;0
622 NONE 0;0 0;0
623 NONE 0;0 0;0
624 NONE 0;0 0;0
625 NONE 0;0 0;0
626 NONE 0;0 0;0
627 NONE 0;0 0;0
628 NONE 0;0 0;0
629 NONE 0;0 0;0
630 NONE 0;0 0;0
631 NONE 0;0 0;0
632 NONE 0;0 0;0
633 NONE 0;0 0;0
634 NONE 0;0 0;0
635 NONE 0;0 0;0
636 NONE 0;0 0;0
637 NONE 0;0 0;0
638 NONE 0;0 0;0
639 NONE 0;0 0;0
640 NONE 0;0 0;0
641 NONE 0;0 0;0
642 NONE 0;0 0;0
643 NONE 0;0 0;0
644 NONE 0;0 0;0
645 NONE 0;0 0;0
646 NONE 0;0 0;0
647 NONE 0;0 0;0
648 NONE 0;0 0;0
649 NONE 0;0 0;0
650 NONE 0;0 0;0
651 NONE 0;0 0;0
652 NONE 0;0 0;0
653 NONE 0;0 0;0
654 NONE 0;0 0;0
655 NONE 0;0 0;0
656 NONE 0;0 0;0
657 NONE 0;0 0;0
658 NONE 0;0 0;0
659 NONE 0;0 0;0
660 NONE 0;0 0;0
661 NONE 0;0 0;0
662 NONE 0;0 0;0
663 NONE 0;0 0;0
664 NONE 0;0 0;0
665 NONE 0;0 0;0
666 NONE 0;0 0;0
667 NONE 0;0 0;0
668 NONE 0;0 0;0
669 NONE 0;0 0;0
670 NONE 0;0 0;0
671 NONE 0;0 0;0
672 NONE 0;0 0;0
673 NONE 0;0 0;0
674 NONE 0;0 0;0
675 NONE 0;0 0;0
676 NONE 0;0 0;0
677 NONE 0;0 0;0
678 NONE 0;0 0;0
679 NONE 0;0 0;0
680 NONE 0;0 0;0
681 NONE 0;0 0;0
682 NONE 0;0 0;0
683 NONE 0;0 0;0
684 NONE 0;0 0;0
685 NONE 0;0 0;0
686 NONE 0;0 0;0
687 NONE 0;0 0;0
688 NONE 0;0 0;0
689 NONE 0;0 0;0
690 NONE 0;0 0;0
691 NONE 0;0 0;0
692 NONE 0;0 0;0
693 NONE 0;0 0;0
694 NONE 0;0 0;0
695 NONE 0;0 0;0
696 NONE 0;0 0;0
697 NONE 0;0 0;0
698 NONE 0;0 0;0
699 NONE 0;0 0;0
700 NONE 0;0 0;0
701 NONE 0;0 0;0
702 NONE 0;0 0;0
703 NONE 0;0 0;0
704 NONE 0;0 0;0
705 NONE 0;0 0;0
706 NONE 0;0 0;0
707 NONE 0;0 0;0
708 NONE 0;0 0;0
709 NONE 0;0 0;0
710 NONE 0;0 0;0
711 NONE 0;0 0;0
712 NONE 0;0 0;0
713 NONE 0;0 0;0
714 NONE 0;0 0;0
715 NONE 0;0 0;0
716 NONE 0;0 0;0
717 NONE 0;0 0;0
718 NONE 0;0 0;0
719 NONE 0;0 0;0
720 NONE 0;0 0;0
721 NONE 0;0 0;0
722 NONE 0;0 0;0
723 NONE 0;0 0;0
724 NONE 0;0 0;0
725 NONE 0;0 0;0
726 NONE 0;0 0;0
727 NONE 0;0 0;0
728 NONE 0;0 0;0
729 NONE 0;0 0;0
730 NONE 0;0 0;0
731 NONE 0;0 0;0
732 NONE 0;0 0;0
733 NONE 0;0 0;0
734 NONE 0;0 0;0
735 NONE 0;0 0;0
736 NONE 0;0 0;0
737 NONE 0;0 0;0
738 NONE 0;0 0;0
739 NONE 0;0 0;0
740 NONE 0;0 0;0
741 NONE 0;0 0;0
742 NONE 0;0 0;0
743 NONE 0;0 0;0
744 NONE 0;0 0;0
745 NONE 0;0 0;0
746 NONE 0;0 0;0
747 NONE 0;0 0;0
748 NONE 0;0 0;0
749 NONE 0;0 0;0
750 NONE 0;0 0;0
751 NONE 0;0 0;0
752 NONE 0;0 0;0
753 NONE 0;0 0;0
754 NONE 0;0 0;0
755 NONE 0;0 0;0
756 NONE 0;0 0;0
757 NONE 0;0 0;0
758 NONE 0;0 0;0
759 NONE 0;0 0;0
760 NONE 0;0 0;0
761 NONE 0;0 0;0
762 NONE 0;0 0;0
763 NONE 12115;30444 0;0
764 NONE 12115;30444 0;0
765 NONE 12115;30444 0;0
766 NONE 12115;30444 0;0
767 NONE 12115;30444 0;0
768 NONE 12115;30444 0;0
769 NONE 12115;30444 0;0
770 NONE 12115;30444 0;0
771 NONE 12115;30444 0;0
772 NONE 12115;30444 0;0
773 NONE 12115;30444 0;0
774 NONE 12115;30444 0;0
775 NONE 12115;30444 0;0
776 NONE 12115;30444 0;0
777 NONE 12115;30444 0;0
778 NONE 12115;30444 0;0
779 NONE 12115;30444 0;0
780 NONE 12115;30444 0;0
781 NONE 12115;30444 0;0
782 NONE 12115;30444 0;0
783 NONE 12115;30444 0;0
784 NONE 12115;30444 0;0
785 NONE 12115;30444 0;0
786 NONE 12115;30444 0;0
787 NONE 12115;30444 0;0
788 NONE 12115;30444 0;0
789 NONE 12115;30444 0;0
790 NONE 12115;30444 0;0
791 NONE 12115;30444 0;0
792 NONE 12115;30444 0;0
793 NONE 12115;30444 0;0
794 NONE 12115;30444 0;0
795 NONE 12115;30444 0;0
796 KEY_B 12115;30444 0;0
797 NONE 12115;30444 0;0
798 NONE 12115;30444 0;0
799 NONE 12115;30444 0;0
800 NONE 12115;30444 0;0
801 NONE 12115;30444 0;0
802 NONE 12115;30444 0;0
803 NONE 12115;30444 0;0
804 NONE 12115;30444 0;0
805 NONE 12115;30444 0;0
806 NONE 12115;30444 0;0
807 NONE 12115;30444 0;0
808 NONE 12115;30444 0;0
809 NONE 12115;30444 0;0
810 NONE 12115;30444 0;0
811 NONE 12115;30444 0;0
812 NONE 12115;30444 0;0
813 NONE 12115;30444 0;0
814 NONE 12115;30444 0;0
815 NONE 12115;30444 0;0
816 NONE 12115;30444 0;0
817 NONE 12115;30444 0;0
818 NONE 12115;30444 0;0
819 NONE 12115;30444 0;0
820 NONE 12115;30444 0;0
821 NONE 12115;30444 0;0
822 NONE 12115;30444 0;0
823 NONE 12115;30444 0;0
824 NONE 12115;30444 0;0
825 NONE 12115;30444 0;0
826 NONE 12115;30444 0;0
827 NONE 12115;30444 0;0
828 NONE 12115;30444 0;0
829 NONE 12115;30444 0;0
830 NONE 12115;30444 0;0
831 NONE 12115;30444 0;0
832 NONE 12115;30444 0;0
833 NONE 12115;30444 0;0
834 NONE 12115;30444 0;0
835 NONE 12115;30444 0;0
836 NONE 12115;30444 0;0
837 NONE 12115;30444 0;0
838 NONE 12115;30444 0;0
839 NONE 12115;30444 0;0
840 NONE 12115;30444 0;0
841 NONE 12115;30444 0;0
842 NONE 12115;30444 0;0
843 NONE 12115;30444 0;0
844 NONE 12115;30444 0;0
845 NONE 12115;30444 0;0
846 NONE 12115;30444 0;0
847 NONE 12115;30444 0;0
848 NONE 12115;30444 0;0
849 NONE 12115;30444 0;0
850 NONE 12115;30444 0;0
851 NONE 12115;30444 0;0
852 NONE 12115;30444 0;0
853 KEY_L 0;0 0;0
854 NONE 0;0 0;0
855 NONE 0;0 0;0
856 NONE 0;0 0;0
857 NONE 0;0 0;0
858 NONE 0;0 0;0
859 NONE 0;0 0;0
860 NONE 0;0 0;0
861 NONE 0;0 0;0
862 NONE 0;0 0;0
863 NONE 0;0 0;0
864 KEY_Y 0;32767 0;0
865 KEY_Y 0;32767 0;0
866 KEY_Y 0;32767 0;0
867 KEY_Y 0;32767 0;0
868 KEY_Y 0;32767 0;0
869 KEY_Y 0;32767 0;0
870 KEY_Y 0;32767 0;0
871 KEY_Y 0;32767 0;0
872 KEY_Y 0;32767 0;0
873 KEY_Y 0;32767 0;0
874 KEY_Y 0;32767 0;0
875 KEY_Y 0;32767 0;0
876 KEY_Y 0;32767 0;0
877 KEY_Y 0;32767 0;0
878 KEY_Y 0;32767 0;0
879 KEY_Y 0;32767 0;0
880 KEY_Y 0;32767 0;0
881 KEY_Y 0;32767 0;0
882 KEY_Y 0;32767 0;0
883 KEY_Y 0;32767 0;0
884 KEY_Y 0;32767 0;0
885 KEY_Y 0;32767 0;0
886 KEY_Y 0;32767 0;0
887 KEY_Y 0;32767 0;0
888 KEY_Y 0;32767 0;0
889 KEY_Y 0;32767 0;0
890 KEY_Y 0;32767 0;0
891 KEY_Y 0;32767 0;0
892 KEY_Y 0;32767 0;0
893 KEY_Y 0;32767 0;0
894 KEY_Y 0;32767 0;0
895 KEY_Y 0;32767 0;0
896 KEY_Y 0;32767 0;0
897 KEY_Y 0;32767 0;0
898 KEY_Y 0;32767 0;0
899 KEY_Y 0;32767 0;0
900 KEY_Y 0;32767 0;0
901 KEY_Y 0;32767 0;0
902 KEY_Y 0;32767 0;0
903 KEY_Y 0;32767 0;0
904 KEY_Y 0;32767 0;0
905 KEY_Y 0;32767 0;0
906 KEY_Y 0;32767 0;0
907 KEY_Y 0;32767 0;0
908 KEY_Y 0;32767 0;0
909 KEY_Y 0;32767 0;0
910 KEY_Y 0;32767 0;0
911 KEY_Y 0;32767 0;0
912 KEY_Y 0;32767 0;0
913 KEY_Y 0;32767 0;0
914 KEY_Y 0;32767 0;0
915 KEY_Y 0;32767 0;0
916 KEY_Y 0;32767 0;0
917 KEY_Y 0;32767 0;0
918 KEY_Y 0;32767 0;0
919 KEY_Y 0;32767 0;0
920 KEY_Y 0;32767 0;0
921 KEY_Y 0;32767 0;0
922 KEY_Y 0;32767 0;0
923 KEY_Y 0;32767 0;0
924 KEY_Y 0;32767 0;0
925 KEY_Y 0;32767 0;0
926 KEY_Y 0;32767 0;0
927 KEY_Y 0;32767 0;0
928 KEY_Y 0;32767 0;0
929 KEY_Y 0;32767 0;0
930 KEY_Y 0;32767 0;0
931 KEY_Y 0;32767 0;0
932 KEY_Y 0;32767 0;0
933 KEY_Y 0;32767 0;0
934 KEY_Y 0;32767 0;0
935 KEY_Y 0;32767 0;0
936 KEY_Y 0;32767 0;0
937 KEY_Y 0;32767 0;0
938 KEY_Y 0;32767 0;0
939 KEY_Y 0;32767 0;0
940 KEY_Y 0;32767 0;0
941 KEY_Y 0;32767 0;0
942 KEY_Y 0;32767 0;0
943 KEY_Y 0;32767 0;0
944 KEY_Y 0;32767 0;0
945 KEY_Y 0;32767 0;0
946 KEY_Y 0;32767 0;0
947 KEY_Y 0;32767 0;0
948 KEY_Y -8314;31694 0;0
949 KEY_Y -8314;31694 0;0
950 KEY_Y -8314;31694 0;0
951 KEY_Y -8314;31694 0;0
952 KEY_Y -8314;31694 0;0
953 KEY_Y -8314;31694 0;0
954 KEY_Y -8314;31694 0;0
955 KEY_Y -8314;31694 0;0
956 KEY_Y -8314;31694 0;0
957 KEY_Y -8314;31694 0;0
958 KEY_Y -8314;31694 0;0
959 KEY_Y -8314;31694 0;0
960 KEY_Y -8314;31694 0;0
961 KEY_Y -8314;31694 0;0
962 KEY_Y -8314;31694 0;0
963 KEY_Y -8314;31694 0;0
964 KEY_Y -8314;31694 0;0
965 KEY_Y -8314;31694 0;0
966 KEY_Y -8314;31694 0;0
967 KEY_Y -8314;31694 0;0
968 KEY_Y -8314;31694 0;0
969 KEY_Y;KEY_B -8314;31694 0;0
970 NONE -8314;31694 0;0
971 NONE -8314;31694 0;0
972 NONE -8314;31694 0;0
973 NONE -8314;31694 0;0
974 NONE -8314;31694 0;0
975 NONE -8314;31694 0;0
976 NONE -8314;31694 0;0
977 NONE -8314;31694 0;0
978 NONE -8314;31694 0;0
979 NONE -8314;31694 0;0
980 NONE -8314;31694 0;0
981 NONE -8314;31694 0;0
982 NONE -8314;31694 0;0
983 NONE -8314;31694 0;0
984 NONE -8314;31694 0;0
985 NONE -8314;31694 0;0
986 NONE -8314;31694 0;0
987 NONE -8314;31694 0;0
988 NONE -8314;31694 0;0
989 NONE -8314;31694 0;0
990 NONE -8314;31694 0;0
991 NONE -8314;31694 0;0
992 NONE -8314;31694 0;0
993 NONE -8314;31694 0;0
994 NONE -8314;31694 0;0
995 NONE -8314;31694 0;0
996 NONE -8314;31694 0;0
997 NONE -8314;31694 0;0
998 NONE -8314;31694 0;0
999 NONE -8314;31694 0;0
1000 NONE -8314;31694 0;0
1001 NONE -8314;31694 0;0
1002 NONE -8314;31694 0;0
1003 NONE -8314;31694 0;0
1004 NONE -8314;31694 0;0
1005 NONE -8314;31694 0;0
1006 NONE -8314;31694 0;0
1007 NONE -8314;31694 0;0
1008 NONE -8314;31694 0;0
1009 NONE -8314;31694 0;0
1010 NONE -8314;31694 0;0
1011 NONE -8314;31694 0;0
1012 NONE -8314;31694 0;0
1013 NONE -8314;31694 0;0
1014 NONE -8314;31694 0;0
1015 NONE -8314;31694 0;0
1016 NONE -8314;31694 0;0
1017 NONE -8314;31694 0;0
1018 NONE -8314;31694 0;0
1019 NONE -8314;31694 0;0
1020 NONE -8314;31694 0;0
1021 NONE -8314;31694 0;0
1022 NONE -8314;31694 0;0
1023 NONE -8314;31694 0;0
1024 NONE -8314;31694 0;0
1025 NONE -8314;31694 0;0
1026 NONE -8314;31694 0;0
1027 NONE -8314;31694 0;0
1028 NONE -8314;31694 0;0
1029 NONE -8314;31694 0;0
1030 NONE -8314;31694 0;0
1031 NONE -8314;31694 0;0
1032 NONE -8314;31694 0;0
1033 NONE -8314;31694 0;0
1034 NONE -8314;31694 0;0
1035 NONE -8314;31694 0;0
1036 NONE -8314;31694 0;0
1037 NONE -8314;31694 0;0
1038 NONE -8314;31694 0;0
1039 NONE -8314;31694 0;0
1040 NONE -8314;31694 0;0
1041 NONE -8314;31694 0;0
1042 NONE -8314;31694 0;0
1043 NONE -8314;31694 0;0
1044 NONE -8314;31694 0;0
1045 NONE -8314;31694 0;0
1046 NONE -8314;31694 0;0
1047 NONE -8314;31694 0;0
1048 NONE -8314;31694 0;0
1049 NONE -8314;31694 0;0
1050 KEY_B 0;0 0;0
1051 NONE 0;0 0;0
1052 NONE 0;0 0;0
1053 NONE 0;0 0;0
1054 NONE 0;0 0;0
1055 NONE 0;0 0;0
1056 NONE 0;0 0;0
1057 NONE 0;0 0;0
1058 NONE 0;0 0;0
1059 NONE 0;0 0;0
1060 NONE 0;0 0;0
1061 NONE 0;0 0;0
1062 NONE 0;0 0;0
1063 NONE 0;0 0;0
1064 NONE 0;0 0;0
1065 NONE 0;0 0;0
1066 NONE 0;0 0;0
1067 NONE 0;0 0;0
1068 NONE 0;0 0;0
1069 NONE 0;0 0;0
1070 NONE 0;0 0;0
1071 NONE 0;0 0;0
1072 NONE 0;0 0;0
1073 NONE 0;0 0;0
1074 NONE 0;0 0;0
1075 NONE 0;0 0;0
1076 NONE 0;0 0;0
1077 NONE 0;0 0;0
1078 NONE 0;0 0;0
1079 NONE 0;0 0;0
1080 NONE 0;0 0;0
1081 NONE 0;0 0;0
1082 NONE 0;0 0;0
1083 NONE 0;0 0;0
1084 NONE 0;0 0;0
1085 NONE 0;0 0;0
1086 NONE 0;0 0;0
1087 NONE 0;0 0;0
1088 NONE 0;0 0;0
1089 NONE 0;0 0;0
1090 NONE 0;0 0;0
1091 NONE 0;0 0;0
1092 NONE 0;0 0;0
1093 NONE 0;0 0;0
1094 NONE 0;0 0;0
1095 NONE 0;0 0;0
1096 NONE 0;0 0;0
1097 NONE 0;0 0;0
1098 NONE 0;0 0;0
1099 NONE 0;0 0;0
1100 NONE 0;0 0;0
1101 NONE 0;0 0;0
1102 NONE 0;0 0;0
1103 NONE 0;0 0;0
1104 NONE 0;0 0;0
1105 NONE 0;0 0;0
1106 NONE 0;0 0;0
1107 NONE 0;0 0;0
1108 NONE 0;0 0;0
1109 NONE 0;0 0;0
1110 NONE 0;0 0;0
1111 NONE 0;0 0;0
1112 NONE 0;0 0;0
1113 NONE 0;0 0;0
1114 NONE 0;0 0;0
1115 NONE 0;0 0;0
1116 NONE 0;0 0;0
1117 NONE 0;0 0;0
1118 NONE 0;0 0;0
1119 NONE 0;0 0;0
1120 NONE 0;0 0;0
1121 NONE 0;0 0;0
1122 NONE 0;0 0;0
1123 NONE 0;0 0;0
1124 NONE 0;0 0;0
1125 NONE 0;0 0;0
1126 NONE 0;0 0;0
1127 NONE 0;0 0;0
1128 NONE 0;0 0;0
1129 NONE 0;0 0;0
1130 NONE 0;0 0;0
1131 NONE 0;0 0;0
1132 NONE 0;0 0;0
1133 NONE 0;0 0;0
1134 NONE 0;0 0;0
1135 NONE 0;0 0;0
1136 NONE 0;0 0;0
1137 NONE 0;0 0;0
1138 NONE 0;0 0;0
1139 NONE 0;0 0;0
1140 NONE 0;0 0;0
1141 NONE 0;0 0;0
1142 NONE 0;0 0;0
1143 NONE 0;0 0;0
1144 NONE 0;0 0;0
1145 NONE 0;0 0;0
1146 NONE 0;0 0;0
1147 NONE 0;0 0;0
1148 NONE 0;0 0;0
1149 NONE 0;0 0;0
1150 NONE 0;0 0;0
1151 NONE 0;0 0;0
1152 NONE 0;0 0;0
1153 NONE 0;0 0;0
1154 NONE 0;0 0;0
1155 NONE 0;0 0;0
1156 NONE 0;0 0;0
1157 NONE 0;0 0;0
1158 NONE 0;0 0;0
1159 NONE 0;0 0;0
1160 NONE 0;0 0;0
1161 NONE 0;0 0;0
1162 NONE 0;0 0;0
1163 NONE 0;0 0;0
1164 NONE 0;0 0;0
1165 NONE 0;0 0;0
1166 NONE 0;0 0;0
1167 NONE 0;0 0;0
1168 NONE 0;0 0;0
1169 NONE 0;0 0;0
1170 NONE 0;0 0;0
1171 NONE 0;0 0;0
1172 NONE 0;0 0;0
1173 NONE 0;0 0;0
1174 NONE 0;0 0;0
1175 NONE 0;0 0;0
1176 NONE 0;0 0;0
1177 NONE 0;0 0;0
1178 NONE 0;0 0;0
1179 NONE 0;0 0;0
1180 NONE 0;0 0;0
1181 NONE 0;0 0;0
1182 NONE 0;0 0;0
1183 NONE 0;0 0;0
1184 NONE 0;0 0;0
1185 NONE 0;0 0;0
1186 NONE 0;0 0;0
1187 NONE 0;0 0;0
1188 NONE 0;0 0;0
1189 NONE 0;0 0;0
1190 NONE 0;0 0;0
1191 NONE 0;0 0;0
1192 NONE 0;0 0;0
1193 NONE 0;0 0;0
1194 NONE 0;0 0;0
1195 NONE 0;0 0;0
1196 KEY_ZR 0;32767 0;32767
1197 KEY_ZL 0;32767 0;32767
1198 KEY_ZR;KEY_Y 0;32767 0;32767
1199 NONE 0;32767 0;0
1200 NONE 0;32767 0;0
1201 NONE 0;32767 0;0
1202 NONE 0;32767 0;0
1203 NONE 0;32767 0;0
1204 NONE 0;32767 0;0
1205 NONE 0;32767 0;0
1206 NONE 0;32767 0;0
1207 NONE 0;32767 0;0
1208 NONE 0;32767 0;0
1209 NONE 0;32767 0;0
1210 NONE 0;32767 0;0
1211 NONE 0;32767 0;0
1212 NONE 0;32767 0;0
1213 NONE 0;32767 0;0
1214 NONE 0;32767 0;0
1215 NONE 0;32767 0;0
1216 NONE 0;32767 0;0
1217 NONE 0;32767 0;0
1218 NONE 0;32767 0;0
1219 NONE 0;32767 0;0
1220 NONE 0;32767 0;0
1221 NONE 0;32767 0;0
1222 NONE 0;32767 0;0
1223 NONE 0;32767 0;0
1224 NONE 0;32767 0;0
1225 NONE 0;32767 0;0
1226 NONE 0;32767 0;0
1227 NONE 0;32767 0;0
1228 NONE 0;32767 0;0
1229 NONE 0;32767 0;0
1230 NONE 0;32767 0;0
1231 NONE 0;32767 0;0
1232 NONE 0;32767 0;0
1233 NONE 0;32767 0;0
1234 NONE 0;32767 0;0
1235 NONE 0;32767 0;0
1236 NONE 0;32767 0;0
1237 NONE 0;32767 0;0
1238 NONE 0;32767 0;0
1239 NONE 0;32767 0;0
1240 NONE 0;32767 0;0
1241 NONE 0;32767 0;0
1242 NONE 0;32767 0;0
1243 NONE 0;32767 0;0
1244 NONE 0;32767 0;0
1245 KEY_B;KEY_R 0;32767 0;0
1246 KEY_B;KEY_R 0;32767 0;0
1247 KEY_B;KEY_R 0;32767 0;0
1248 KEY_B;KEY_R 0;32767 0;0
1249 KEY_B;KEY_R 0;32767 0;0
1250 KEY_B;KEY_R 0;32767 0;0
1251 KEY_B;KEY_R 0;32767 0;0
1252 KEY_B;KEY_R 0;32767 0;0
1253 KEY_B;KEY_R 0;32767 0;0
1254 KEY_B;KEY_R 0;32767 0;0
1255 KEY_B;KEY_R 0;32767 0;0
1256 KEY_B;KEY_R 0;32767 0;0
1257 KEY_B;KEY_R 0;32767 0;0
1258 KEY_B;KEY_R 0;32767 0;0
1259 KEY_B;KEY_R 0;32767 0;0
1260 NONE 0;32767 0;0
1261 NONE 0;32767 0;0
1262 NONE 0;32767 0;0
1263 NONE 0;32767 0;0
1264 NONE 0;32767 0;0
1265 NONE 0;32767 0;0
1266 NONE 0;32767 0;0
1267 NONE 0;32767 0;0
1268 NONE 0;32767 0;0
1269 NONE 0;32767 0;0
1270 NONE 0;32767 0;0
1271 NONE 0;32767 0;0
1272 NONE 0;32767 0;0
1273 NONE 0;32767 0;0
1274 NONE 0;32767 0;0
1275 NONE 0;32767 0;0
1276 NONE 0;32767 0;0
1277 NONE 0;32767 0;0
1278 NONE 0;32767 0;0
1279 NONE 0;32767 0;0
1280 NONE 0;32767 0;0
1281 NONE 0;32767 0;0
1282 NONE 0;32767 0;0
1283 NONE 0;32767 0;0
1284 NONE 0;32767 0;0
1285 KEY_B 0;32767 0;0
1286 KEY_B 0;32767 0;0
1287 KEY_B 0;32767 0;0
1288 KEY_B 0;32767 0;0
1289 KEY_B 0;32767 0;0
1290 KEY_B 0;32767 0;0
1291 KEY_B 0;32767 0;0
1292 KEY_B 0;32767 0;0
1293 KEY_B 0;32767 0;0
1294 KEY_B 0;32767 0;0
1295 KEY_B 0;32767 0;0
1296 KEY_B 0;32767 0;0
1297 KEY_B 0;32767 0;0
1298 KEY_B 0;32767 0;0
1299 KEY_B 0;32767 0;0
1300 KEY_B 0;32767 0;0
1301 KEY_B 0;32767 0;0
1302 KEY_B 0;32767 0;0
1303 KEY_B 0;32767 0;0
1304 KEY_B 0;32767 0;0
1305 KEY_B 0;32767 0;0
1306 KEY_B 0;32767 0;0
1307 KEY_B 0;32767 0;0
1308 KEY_B 0;32767 0;0
1309 KEY_B 0;32767 0;0
1310 KEY_B 0;32767 0;0
1311 KEY_B 0;32767 0;0
1312 KEY_B 0;32767 0;0
1313 KEY_B 0;32767 0;0
1314 KEY_B 0;32767 0;0
1315 NONE 0;0 0;0
1316 NONE 0;0 0;0
1317 NONE 0;0 0;0
1318 NONE 0;0 0;0
1319 NONE 0;0 0;0
1320 NONE 0;0 0;0
1321 NONE 0;0 0;0
1322 NONE 0;0 0;0
1323 NONE 0;0 0;0
1324 NONE 0;0 0;0
1325 NONE 0;0 0;0
1326 NONE 0;0 0;0
1327 NONE 0;0 0;0
1328 NONE 0;0 0;0
1329 NONE 0;0 0;0
1330 NONE 0;0 0;0
1331 NONE 0;0 0;0
1332 NONE 0;0 0;0
1333 NONE 0;0 0;0
1334 NONE 0;0 0;0
1335 NONE 0;0 0;0
1336 NONE 0;0 0;0
1337 NONE 0;0 0;0
1338 NONE 0;0 0;0
1339 NONE 0;0 0;0
1340 NONE 0;0 0;0
1341 NONE 0;0 0;0
1342 NONE 0;0 0;0
1343 NONE 0;0 0;0
1344 NONE 0;0 0;0
1345 NONE 0;0 0;0
1346 NONE 0;0 0;0
1347 NONE 0;0 0;0
1348 NONE 0;0 0;0
1349 NONE 0;0 0;0
1350 NONE 0;0 0;0
1351 NONE 0;0 0;0
1352 NONE 0;0 0;0
1353 NONE 0;0 0;0
1354 NONE 0;0 0;0
1355 NONE 0;0 0;0
1356 NONE 0;0 0;0
1357 NONE 0;0 0;0
1358 NONE 0;0 0;0
1359 NONE 0;0 0;0
1360 NONE 0;0 0;0
1361 NONE 0;0 0;0
1362 NONE 0;0 0;0
1363 NONE 0;0 0;0
1364 NONE 0;0 0;0
1365 NONE 0;0 0;0
1366 NONE 0;0 0;0
1367 NONE 0;0 0;0
1368 NONE 0;0 0;0
1369 NONE 0;0 0;0
1370 NONE 0;0 0;0
1371 NONE 0;0 0;0
1372 NONE 0;0 0;0
1373 NONE 0;0 0;0
1374 NONE 0;0 0;0
1375 NONE 0;0 0;0
1376 NONE 0;0 0;0
1377 NONE 0;0 0;0
1378 NONE 0;0 0;0
1379 NONE 0;0 0;0
1380 NONE 0;0 0;0
1381 NONE 0;0 0;0
1382 NONE 0;0 0;0
1383 NONE 0;0 0;0
1384 NONE 0;0 0;0
1385 NONE 0;0 0;0
1386 NONE 0;0 0;0
1387 NONE 0;0 0;0
1388 NONE 0;0 0;0
1389 NONE 0;0 0;0
1390 NONE 0;0 0;0
1391 NONE 0;0 0;0
1392 NONE 0;0 0;0
1393 NONE 0;0 0;0
1394 NONE 0;0 0;0
1395 NONE 0;0 0;0
1396 NONE 0;0 0;0
1397 NONE 0;0 0;0
1398 NONE 0;0 0;0
1399 NONE 0;0 0;0
1400 NONE 0;0 0;0
1401 NONE 0;0 0;0
1402 NONE 0;0 0;0
1403 NONE 0;0 0;0
1404 NONE 0;0 0;0
1405 NONE 0;0 0;0
1406 NONE 0;0 0;0
1407 NONE 0;0 0;0
1408 NONE 0;0 0;0
1409 NONE 0;0 0;0
1410 NONE 0;0 0;0
1411 NONE 0;0 0;0
1412 NONE 0;0 0;0
1413 NONE 0;0 0;0
1414 NONE 0;0 0;0
1415 NONE 0;0 0;0
1416 NONE 0;0 0;0
1417 NONE 0;0 0;0
1418 NONE 0;0 0;0
1419 NONE 0;0 0;0
1420 NONE 0;0 0;0
1421 NONE 0;0 0;0
1422 NONE 0;0 0;0
1423 NONE 0;0 0;0
1424 NONE 0;0 0;0
1425 NONE 0;0 0;0
1426 NONE 0;0 0;0
1427 NONE 0;0 0;0
1428 NONE 0;0 0;0
1429 NONE 0;0 0;0
1430 NONE 0;0 0;0
1431 NONE 0;0 0;0
1432 NONE 0;0 0;0
1433 NONE 0;0 0;0
1434 NONE 0;0 0;0
1435 NONE 0;0 0;0
1436 NONE 0;0 0;0
1437 NONE 0;0 0;0
1438 NONE 0;0 0;0
1439 NONE 0;0 0;0
1440 NONE 0;0 0;0
1441 NONE 0;0 0;0
1442 NONE 0;0 0;0
1443 NONE 0;0 0;0
1444 NONE 0;0 0;0
1445 NONE 0;0 0;0
1446 NONE 0;0 0;0
1447 NONE 0;0 0;0
1448 NONE 0;0 0;0
1449 NONE 0;0 0;0
1450 NONE 0;0 0;0
1451 NONE 0;0 0;0
1452 NONE 0;0 0;0
1453 NONE 0;0 0;0
1454 NONE 0;0 0;0
1455 NONE 0;32767 0;0
1456 NONE -28377;-16383 0;0
1457 NONE 28377;-16383 0;0
1458 NONE 0;32767 0;0
1459 NONE -28377;-16383 0;0
1460 NONE 28377;-16383 0;0
1461 NONE 0;32767 0;0
1462 NONE -28377;-16383 0;0
1463 NONE 28377;-16383 0;0
1464 NONE 0;32767 0;0
1465 NONE -28377;-16383 0;0
1466 NONE 28377;-16383 0;0
1467 NONE 0;32767 0;0
1468 NONE -28377;-16383 0;0
1469 NONE 28377;-16383 0;0
1470 NONE 0;32767 0;0
1471 NONE -28377;-16383 0;0
1472 NONE 28377;-16383 0;0
1473 NONE 0;32767 0;0
1474 NONE -28377;-16383 0;0
1475 NONE 28377;-16383 0;0
1476 NONE 0;32767 0;0
1477 NONE -28377;-16383 0;0
1478 NONE 28377;-16383 0;0
1479 NONE 0;32767 0;0
1480 NONE -28377;-16383 0;0
1481 NONE 28377;-16383 0;0
1482 NONE 0;32767 0;0
1483 NONE -28377;-16383 0;0
1484 NONE 28377;-16383 0;0
1485 NONE 0;32767 0;0
1486 NONE -28377;-16383 0;0
1487 NONE 28377;-16383 0;0
1488 NONE 0;32767 0;0
1489 NONE -28377;-16383 0;0
1490 NONE 28377;-16383 0;0
1491 NONE 0;32767 0;0
1492 NONE -28377;-16383 0;0
1493 NONE 28377;-16383 0;0
1494 NONE 0;32767 0;0
1495 NONE -28377;-16383 0;0
1496 NONE 28377;-16383 0;0
1497 NONE 0;32767 0;0
1498 NONE -28377;-16383 0;0
1499 NONE 28377;-16383 0;0
1500 NONE 0;32767 0;0
1501 NONE -28377;-16383 0;0
1502 NONE 28377;-16383 0;0
1503 NONE 0;32767 0;0
1504 NONE -28377;-16383 0;0
1505 NONE 28377;-16383 0;0
1506 NONE 0;32767 0;0
1507 NONE -28377;-16383 0;0
1508 NONE 28377;-16383 0;0
1509 NONE 0;32767 0;0
1510 NONE -28377;-16383 0;0
1511 NONE 28377;-16383 0;0
1512 NONE 0;32767 0;0
1513 KEY_B 0;32767 0;0
1514 KEY_ZL 0;32767 0;0
1515 KEY_ZL 0;32767 0;0
1516 KEY_ZL 0;32767 0;0
1517 KEY_ZL 0;32767 0;0
1518 KEY_X;KEY_ZL 0;32767 0;0
1519 KEY_Y;KEY_ZL 0;32767 0;0
1520 KEY_X;KEY_ZL 0;32767 0;0
1521 KEY_Y;KEY_ZL 0;32767 0;0
1522 KEY_X;KEY_ZL 0;32767 0;0
1523 KEY_Y;KEY_ZL 0;32767 0;0
1524 KEY_X;KEY_ZL 0;32767 0;0
1525 KEY_Y;KEY_ZL 0;32767 0;0
1526 KEY_DDOWN;KEY_B 0;32767 0;0
1527 NONE 0;0 0;0
1528 KEY_L 0;0 0;0
1529 KEY_DUP 0;0 0;0
1530 KEY_L 0;0 0;0
1531 NONE 0;32767 0;0
1532 NONE 0;32767 0;0
1533 NONE 0;32767 0;0
1534 NONE 0;32767 0;0
1535 NONE 0;32767 0;0
1536 NONE 0;32767 0;0
1537 NONE 0;32767 0;0
1538 NONE 0;32767 0;0
1539 NONE 0;32767 0;0
1540 NONE 0;32767 0;0
1541 KEY_B 0;32767 0;0
1542 KEY_B 0;32767 0;0
1543 KEY_B 0;32767 0;0
1544 KEY_B 0;32767 0;0
1545 KEY_B 0;32767 0;0
1546 KEY_B 0;32767 0;0
1547 KEY_B 0;32767 0;0
1548 KEY_B 0;32767 0;0
1549 KEY_ZL 0;32767 0;0
1550 KEY_ZL;KEY_Y 0;32767 0;0
1551 KEY_ZL 0;32767 0;0
1552 KEY_ZL 0;32767 0;0
1553 KEY_ZL 0;32767 0;0
1554 KEY_ZL 0;32767 0;0
1555 KEY_ZL 0;32767 0;0
1556 KEY_ZL 0;32767 0;0
1557 KEY_ZL 0;32767 0;0
1558 KEY_ZL 0;32767 0;0
1559 KEY_ZL 0;32767 0;0
1560 KEY_ZL 0;32767 0;0
1561 KEY_ZL 0;32767 0;0
1562 KEY_ZL 0;32767 0;0
1563 KEY_ZL 0;32767 0;0
1564 KEY_ZL 0;32767 0;0
1565 KEY_ZL 0;32767 0;0
1566 KEY_ZL 0;32767 0;0
1567 KEY_ZL 0;32767 0;0
1568 KEY_ZL 0;32767 0;0
1569 KEY_ZL 0;32767 0;0
1570 KEY_ZL 0;32767 0;0
1571 KEY_ZL 0;32767 0;0
1572 KEY_ZL 0;32767 0;0
1573 KEY_ZL 0;32767 0;0
1574 KEY_ZL 0;32767 0;0
