60 KEY_A 0;0 0;0
61 KEY_B 0;0 0;0
62 KEY_A 0;0 0;0
63 KEY_B 0;0 0;0
64 KEY_A 0;0 0;0
65 KEY_B 0;0 0;0
66 KEY_A 0;0 0;0
67 KEY_B 0;0 0;0
68 KEY_A 0;0 0;0
69 KEY_B 0;0 0;0
70 KEY_A 0;0 0;0
71 KEY_B 0;0 0;0
72 KEY_A 0;0 0;0
73 KEY_B 0;0 0;0
74 KEY_A 0;0 0;0
75 KEY_B 0;0 0;0
76 KEY_A 0;0 0;0
77 KEY_B 0;0 0;0
78 KEY_A 0;0 0;0
79 KEY_B 0;0 0;0
80 KEY_A 0;0 0;0
81 KEY_B 0;0 0;0
82 KEY_A 0;0 0;0
83 KEY_B 0;0 0;0
84 KEY_A 0;0 0;0
85 KEY_B 0;0 0;0
86 KEY_A 0;0 0;0
87 KEY_B 0;0 0;0
88 KEY_A 0;0 0;0
89 KEY_B 0;0 0;0
90 KEY_A 0;0 0;0
91 KEY_B 0;0 0;0
92 KEY_A 0;0 0;0
93 KEY_B 0;0 0;0
94 KEY_A 0;0 0;0
95 KEY_B 0;0 0;0
96 KEY_A 0;0 0;0
97 KEY_B 0;0 0;0
98 KEY_A 0;0 0;0
99 KEY_B 0;0 0;0
100 KEY_A 0;0 0;0
101 KEY_B 0;0 0;0
102 KEY_A 0;0 0;0
103 KEY_B 0;0 0;0
104 KEY_A 0;0 0;0
105 KEY_B 0;0 0;0
106 KEY_A 0;0 0;0
107 KEY_B 0;0 0;0
108 KEY_A 0;0 0;0
109 KEY_B 0;0 0;0
110 KEY_A 0;0 0;0
111 KEY_B 0;0 0;0
112 KEY_A 0;0 0;0
113 KEY_B 0;0 0;0
114 KEY_A 0;0 0;0
115 KEY_B 0;0 0;0
116 KEY_A 0;0 0;0
117 KEY_B 0;0 0;0
118 KEY_A 0;0 0;0
119 KEY_B 0;0 0;0
120 KEY_A 0;0 0;0
121 KEY_B 0;0 0;0
122 KEY_A 0;0 0;0
123 KEY_B 0;0 0;0
124 KEY_A 0;0 0;0
125 KEY_B 0;0 0;0
126 KEY_A 0;0 0;0
127 KEY_B 0;0 0;0
128 KEY_A 0;0 0;0
129 KEY_B 0;0 0;0
130 KEY_A 0;0 0;0
131 KEY_B 0;0 0;0
132 KEY_A 0;0 0;0
133 KEY_B 0;0 0;0
134 KEY_A 0;0 0;0
135 KEY_B 0;0 0;0
136 KEY_A 0;0 0;0
137 KEY_B 0;0 0;0
138 KEY_A 0;0 0;0
139 KEY_B 0;0 0;0
140 KEY_A 0;0 0;0
141 KEY_B 0;0 0;0
142 KEY_A 0;0 0;0
143 KEY_B 0;0 0;0
144 KEY_A 0;0 0;0
145 KEY_B 0;0 0;0
146 KEY_A 0;0 0;0
147 KEY_B 0;0 0;0
148 KEY_A 0;0 0;0
149 KEY_B 0;0 0;0
150 KEY_A 0;0 0;0
151 KEY_B 0;0 0;0
152 KEY_A 0;0 0;0
153 KEY_B 0;0 0;0
154 KEY_A 0;0 0;0
155 KEY_B 0;0 0;0
156 KEY_A 0;0 0;0
157 KEY_B 0;0 0;0
158 KEY_A 0;0 0;0
159 KEY_B 0;0 0;0
160 KEY_A 0;0 0;0
161 KEY_B 0;0 0;0
162 KEY_A 0;0 0;0
163 KEY_B 0;0 0;0
164 KEY_A 0;0 0;0
165 KEY_B 0;0 0;0
166 KEY_A 0;0 0;0
167 KEY_B 0;0 0;0
168 KEY_A 0;0 0;0
169 KEY_B 0;0 0;0
170 KEY_A 0;0 0;0
171 KEY_B 0;0 0;0
172 KEY_A 0;0 0;0
173 KEY_B 0;0 0;0
174 KEY_A 0;0 0;0
175 KEY_B 0;0 0;0
176 KEY_A 0;0 0;0
177 KEY_B 0;0 0;0
178 KEY_A 0;0 0;0
179 KEY_B 0;0 0;0
180 KEY_A 0;0 0;0
181 KEY_B 0;0 0;0
182 KEY_A 0;0 0;0
183 KEY_B 0;0 0;0
184 KEY_A 0;0 0;0
185 KEY_B 0;0 0;0
186 KEY_A 0;0 0;0
187 KEY_B 0;0 0;0
188 KEY_A 0;0 0;0
189 KEY_B 0;0 0;0
190 KEY_A 0;0 0;0
191 KEY_B 0;0 0;0
192 KEY_A 0;0 0;0
193 KEY_B 0;0 0;0
194 KEY_A 0;0 0;0
195 KEY_B 0;0 0;0
196 KEY_A 0;0 0;0
197 KEY_B 0;0 0;0
198 KEY_A 0;0 0;0
199 KEY_B 0;0 0;0
200 KEY_A 0;0 0;0
201 KEY_B 0;0 0;0
202 KEY_A 0;0 0;0
203 KEY_B 0;0 0;0
204 KEY_A 0;0 0;0
205 KEY_B 0;0 0;0
206 KEY_A 0;0 0;0
207 KEY_B 0;0 0;0
208 KEY_A 0;0 0;0
209 KEY_B 0;0 0;0
210 KEY_A 0;0 0;0
211 KEY_B 0;0 0;0
212 KEY_A 0;0 0;0
213 KEY_B 0;0 0;0
214 KEY_A 0;0 0;0
215 KEY_B 0;0 0;0
216 KEY_A 0;0 0;0
217 KEY_B 0;0 0;0
218 KEY_A 0;0 0;0
219 KEY_B 0;0 0;0
220 KEY_A 0;0 0;0
221 KEY_B 0;0 0;0
222 KEY_A 0;0 0;0
223 KEY_B 0;0 0;0
224 KEY_A 0;0 0;0
225 KEY_B 0;0 0;0
226 KEY_A 0;0 0;0
227 KEY_B 0;0 0;0
228 KEY_A 0;0 0;0
229 KEY_B 0;0 0;0
230 KEY_A 0;0 0;0
231 KEY_B 0;0 0;0
232 KEY_A 0;0 0;0
233 KEY_B 0;0 0;0
234 KEY_A 0;0 0;0
235 KEY_B 0;0 0;0
236 KEY_A 0;0 0;0
237 KEY_B 0;0 0;0
238 KEY_A 0;0 0;0
239 KEY_B 0;0 0;0
240 KEY_A 0;0 0;0
241 KEY_B 0;0 0;0
242 KEY_A 0;0 0;0
243 KEY_B 0;0 0;0
244 KEY_A 0;0 0;0
245 KEY_B 0;0 0;0
246 KEY_A 0;0 0;0
247 KEY_B 0;0 0;0
248 KEY_A 0;0 0;0
249 KEY_B 0;0 0;0
250 KEY_A 0;0 0;0
251 KEY_B 0;0 0;0
252 KEY_A 0;0 0;0
253 KEY_B 0;0 0;0
254 KEY_A 0;0 0;0
255 KEY_B 0;0 0;0
256 KEY_A 0;0 0;0
257 KEY_B 0;0 0;0
258 KEY_A 0;0 0;0
259 KEY_B 0;0 0;0
260 KEY_A 0;0 0;0
261 KEY_B 0;0 0;0
262 KEY_A 0;0 0;0
263 KEY_B 0;0 0;0
264 KEY_A 0;0 0;0
265 KEY_B 0;0 0;0
266 KEY_A 0;0 0;0
267 KEY_B 0;0 0;0
268 KEY_A 0;0 0;0
269 KEY_B 0;0 0;0
270 KEY_A 0;0 0;0
271 KEY_B 0;0 0;0
272 KEY_A 0;0 0;0
273 KEY_B 0;0 0;0
274 KEY_A 0;0 0;0
275 KEY_B 0;0 0;0
276 KEY_A 0;0 0;0
277 KEY_B 0;0 0;0
278 KEY_A 0;0 0;0
279 KEY_B 0;0 0;0
280 KEY_A 0;0 0;0
281 KEY_B 0;0 0;0
282 KEY_A 0;0 0;0
283 KEY_B 0;0 0;0
284 KEY_A 0;0 0;0
285 KEY_B 0;0 0;0
286 KEY_A 0;0 0;0
287 KEY_B 0;0 0;0
288 KEY_A 0;0 0;0
289 KEY_B 0;0 0;0
290 KEY_A 0;0 0;0
291 KEY_B 0;0 0;0
292 KEY_A 0;0 0;0
293 KEY_B 0;0 0;0
294 KEY_A 0;0 0;0
295 KEY_B 0;0 0;0
296 KEY_A 0;0 0;0
297 KEY_B 0;0 0;0
298 KEY_A 0;0 0;0
299 KEY_B 0;0 0;0
300 KEY_A 0;0 0;0
301 KEY_B 0;0 0;0
302 KEY_A 0;0 0;0
303 KEY_B 0;0 0;0
304 KEY_A 0;0 0;0
