0 NONE 32766;0 0;0
1 NONE -16383;28376 0;0
2 NONE -16383;-28377 0;0
3 NONE 32766;0 0;0
4 NONE -16383;28376 0;0
5 NONE -16383;-28377 0;0
6 NONE 32766;0 0;0
7 NONE -16383;28376 0;0
8 NONE -16383;-28377 0;0
9 NONE 32766;0 0;0
10 NONE -16383;28376 0;0
11 NONE -16383;-28377 0;0
12 NONE 32766;0 0;0
13 NONE -16383;28376 0;0
14 NONE -16383;-28377 0;0
15 NONE 32766;0 0;0
16 NONE -16383;28376 0;0
17 NONE -16383;-28377 0;0
18 NONE 32766;0 0;0
19 NONE -16383;28376 0;0
20 NONE -16383;-28377 0;0
21 NONE 32766;0 0;0
22 NONE -16383;28376 0;0
23 NONE -16383;-28377 0;0
24 NONE 32766;0 0;0
25 NONE -16383;28376 0;0
26 NONE -16383;-28377 0;0
27 NONE 32766;0 0;0
28 NONE -16383;28376 0;0
29 NONE -16383;-28377 0;0
30 NONE 32766;0 0;0
31 NONE -16383;28376 0;0
32 NONE -16383;-28377 0;0
33 NONE 32766;0 0;0
34 NONE -16383;28376 0;0
35 NONE -16383;-28377 0;0
36 NONE 32766;0 0;0
37 NONE -16383;28376 0;0
38 NONE -16383;-28377 0;0
39 NONE 32766;0 0;0
40 NONE -16383;28376 0;0
41 NONE -16383;-28377 0;0
42 NONE 32766;0 0;0
43 NONE -16383;28376 0;0
44 NONE -16383;-28377 0;0
45 NONE 32766;0 0;0
46 NONE -16383;28376 0;0
47 NONE -16383;-28377 0;0
48 NONE 32766;0 0;0
49 NONE -16383;28376 0;0
50 NONE -16383;-28377 0;0
51 NONE 32766;0 0;0
52 NONE -16383;28376 0;0
53 NONE -16383;-28377 0;0
54 NONE 32766;0 0;0
55 NONE -16383;28376 0;0
56 NONE -16383;-28377 0;0
57 NONE 32766;0 0;0
58 NONE -16383;28376 0;0
59 NONE -16383;-28377 0;0
60 NONE 32766;0 0;0
61 NONE -16383;28376 0;0
62 KEY_B 11460;30697 0;0
63 KEY_ZR 11460;30697 0;0
64 KEY_ZR 11460;30697 0;0
65 KEY_ZR 11460;30697 0;0
66 KEY_ZR 11460;30697 0;0
67 KEY_ZR 11460;30697 0;0
68 KEY_ZR 11460;30697 0;0
69 KEY_ZR 11460;30697 0;0
70 KEY_Y;KEY_ZR 11460;30697 0;0
71 KEY_A;KEY_L -29667;13726 0;0
72 NONE -29667;13726 0;0
73 NONE 14653;29307 0;0
74 NONE 21017;25138 0;0
75 NONE 21017;25138 0;0
76 NONE 21017;25138 0;0
77 KEY_B 32766;0 0;0
78 KEY_B -16383;28376 0;0
79 KEY_B -16383;-28376 0;0
80 KEY_B 32766;0 0;0
81 KEY_B;KEY_DDOWN -16383;28376 0;0
82 KEY_B -16383;-28376 0;0
83 KEY_B;KEY_DDOWN 32766;0 0;0
84 KEY_B -16383;28376 0;0
85 KEY_DDOWN -16383;-28376 0;0
86 NONE 32766;0 0;0
87 KEY_DDOWN -16383;28376 0;0
88 NONE -16383;-28376 0;0
89 KEY_DDOWN 32766;0 0;0
90 NONE -16383;28376 0;0
91 KEY_DDOWN -16383;-28376 0;0
92 NONE 32766;0 0;0
93 KEY_DDOWN -16383;28376 0;0
94 NONE -16383;-28376 0;0
95 KEY_DDOWN 32766;0 0;0
96 NONE -16383;28376 0;0
97 KEY_DDOWN -16383;-28376 0;0
98 NONE 32766;0 0;0
99 KEY_DDOWN -16383;28376 0;0
100 NONE -16383;-28376 0;0
101 KEY_DDOWN 32766;0 0;0
102 NONE -16383;28376 0;0
103 KEY_DDOWN -16383;-28376 0;0
104 NONE 32766;0 0;0
105 KEY_DDOWN -16383;28376 0;0
106 NONE -16383;-28376 0;0
107 KEY_DDOWN 32766;0 0;0
108 NONE -16383;28376 0;0
109 KEY_A 9159;31460 0;0
110 KEY_ZR 9159;31460 0;0
111 KEY_ZR 9159;31460 0;0
112 KEY_ZR 9159;31460 0;0
113 KEY_ZR 9159;31460 0;0
114 KEY_ZR 9159;31460 0;0
115 KEY_ZR 9159;31460 0;0
116 KEY_ZR 9159;31460 0;0
117 KEY_Y;KEY_ZR 9159;31460 0;0
118 NONE 9159;31460 0;0
119 KEY_B;KEY_L 9159;31460 0;0
120 NONE 9159;31460 0;0
121 NONE 9159;31460 0;0
122 NONE 9159;31460 0;0
123 NONE 9159;31460 0;0
124 NONE 9159;31460 0;0
125 NONE 9159;31460 0;0
126 NONE 9159;31460 0;0
127 NONE 10718;30964 0;0
128 NONE 10718;30964 0;0
129 NONE 10718;30964 0;0
130 NONE 10718;30964 0;0
131 NONE 10718;30964 0;0
132 NONE 10718;30964 0;0
133 NONE 10718;30964 0;0
134 NONE 10718;30964 0;0
135 NONE 10718;30964 0;0
136 NONE 10718;30964 0;0
137 NONE 10718;30964 0;0
138 NONE 10718;30964 0;0
139 NONE 10718;30964 0;0
140 NONE 10718;30964 0;0
141 NONE 10718;30964 0;0
142 NONE 10718;30964 0;0
143 NONE 10718;30964 0;0
144 NONE 10718;30964 0;0
145 NONE 10718;30964 0;0
146 KEY_L 8093;31751 0;0
147 KEY_A;KEY_L 7754;31836 0;0
148 KEY_A;KEY_L 7754;31836 0;0
149 KEY_A;KEY_L 7754;31836 0;0
150 KEY_A;KEY_L 7754;31836 0;0
151 KEY_A;KEY_L 7754;31836 0;0
152 KEY_L 7754;31836 0;0
153 NONE 7754;31836 0;0
154 NONE 7754;31836 0;0
155 NONE 32766;0 0;0
156 NONE -16383;28376 0;0
157 NONE -16383;-28376 0;0
158 NONE 32766;0 0;0
159 NONE -16383;28376 0;0
160 NONE -16383;-28376 0;0
161 NONE 32766;0 0;0
162 NONE -16383;28376 0;0
163 NONE -16383;-28376 0;0
164 KEY_DDOWN 7754;31836 0;0
165 NONE 8036;31766 0;0
166 NONE 8036;31766 0;0
167 NONE 32766;0 0;0
168 NONE -16383;28376 0;0
169 NONE -16383;-28376 0;0
170 NONE 8036;31766 0;0
171 NONE -16383;28376 0;0
172 NONE -16383;-28376 0;0
173 NONE 32766;0 0;0
174 NONE -16383;28376 0;0
175 NONE -16383;-28376 0;0
176 NONE 32766;0 0;0
177 NONE -16383;28376 0;0
178 NONE -16383;-28376 0;0
179 NONE 32766;0 0;0
180 NONE -16383;28376 0;0
181 NONE -16383;-28376 0;0
182 NONE 32766;0 0;0
183 KEY_A 3618;32566 0;0
184 KEY_ZR 3618;32566 0;0
185 KEY_ZR 3618;32566 0;0
186 KEY_ZR 3618;32566 0;0
187 KEY_ZR 3618;32566 0;0
188 KEY_ZR 3618;32566 0;0
189 KEY_ZR 3618;32566 0;0
190 KEY_ZR 3618;32566 0;0
191 KEY_Y;KEY_ZR 3618;32566 0;0
192 NONE 3618;32566 0;0
193 NONE 3618;32566 0;0
194 NONE 3618;32566 0;0
195 NONE 3618;32566 0;0
196 NONE 3618;32566 0;0
197 NONE 3618;32566 0;0
198 NONE 3618;32566 0;0
199 NONE 3618;32566 0;0
200 NONE 3618;32566 0;0
201 KEY_B;KEY_L -30836;11081 0;0
202 NONE -30836;11081 0;0
203 NONE -30836;11081 0;0
204 NONE -30836;11081 0;0
205 NONE -30836;11081 0;0
206 NONE -30836;11081 0;0
207 NONE -30836;11081 0;0
208 NONE -30836;11081 0;0
209 NONE -30836;11081 0;0
210 NONE -30836;11081 0;0
211 NONE -30836;11081 0;0
212 NONE -30836;11081 0;0
213 NONE -30836;11081 0;0
214 NONE -30836;11081 0;0
215 NONE -30836;11081 0;0
216 NONE -30836;11081 0;0
217 NONE -30836;11081 0;0
218 NONE -30836;11081 0;0
219 NONE -30836;11081 0;0
220 KEY_A -30423;12168 0;0
221 KEY_ZR -30423;12168 0;0
222 KEY_ZR -30423;12168 0;0
223 KEY_ZR -30423;12168 0;0
224 KEY_ZR -30423;12168 0;0
225 KEY_ZR -30423;12168 0;0
226 KEY_ZR -30423;12168 0;0
227 KEY_ZR -30423;12168 0;0
228 KEY_Y;KEY_ZR -30423;12168 0;0
229 NONE -30423;12168 0;0
230 NONE -30423;12168 0;0
231 NONE -30423;12168 0;0
232 NONE -30423;12168 0;0
233 KEY_B;KEY_DUP -11063;30842 0;0
234 NONE -11063;30842 0;0
235 NONE -11063;30842 0;0
236 NONE -11063;30842 0;0
237 NONE -11062;30842 0;0
238 NONE -10172;31147 0;0
239 NONE -9273;31426 0;0
240 NONE -8366;31680 0;0
241 NONE -7452;31907 0;0
242 NONE -6532;32108 0;0
243 NONE -5607;32282 0;0
244 NONE -4677;32430 0;0
245 NONE -3743;32551 0;0
246 NONE -2807;32645 0;0
247 KEY_A -1867;32712 0;0
248 NONE -927;32753 0;0
249 NONE 14;32766 0;0
250 NONE 955;32752 0;0
251 NONE 1896;32711 0;0
252 NONE 6560;32102 0;0
253 NONE 7480;31901 0;0
254 NONE 7480;31901 0;0
255 KEY_DLEFT -389;32764 0;0
256 NONE -389;32764 0;0
257 NONE 398;32764 0;0
258 NONE 398;32764 0;0
259 NONE 398;32764 0;0
260 NONE 398;32764 0;0
261 NONE 398;32764 0;0
262 NONE 398;32764 0;0
263 NONE 398;32764 0;0
264 NONE 398;32764 0;0
265 NONE 398;32764 0;0
266 NONE 398;32764 0;0
267 NONE 398;32764 0;0
268 NONE 689;32759 0;0
269 NONE 689;32759 0;0
270 NONE 689;32759 0;0
271 NONE 689;32759 0;0
272 NONE 689;32759 0;0
273 NONE 689;32759 0;0
274 NONE 689;32759 0;0
275 NONE 689;32759 0;0
276 NONE 689;32759 0;0
277 NONE 408;-32764 0;0
278 NONE 408;-32764 0;0
279 NONE 408;-32764 0;0
280 NONE 408;-32764 0;0
281 NONE 408;-32764 0;0
282 NONE 408;-32764 0;0
283 NONE 408;-32764 0;0
297 NONE -12949;-30099 0;0
298 KEY_DRIGHT -12949;-30099 0;0
299 NONE -12949;-30099 0;0
322 NONE -419;32764 0;0
323 NONE -419;32764 0;0
324 NONE -419;32764 0;0
325 NONE -419;32764 0;0
326 NONE -419;32764 0;0
327 NONE -419;32764 0;0
328 NONE -419;32764 0;0
329 NONE -419;32764 0;0
330 NONE -419;32764 0;0
331 NONE 1227;32743 0;0
332 NONE 1227;32743 0;0
333 KEY_A;KEY_Y 1227;32743 0;0
334 NONE 1227;32743 0;0
335 NONE 32765;0 0;0
336 NONE -16382;28375 0;0
337 NONE -16382;-28374 0;0
338 NONE 32765;0 0;0
339 NONE -16382;28375 0;0
340 NONE -16382;-28374 0;0
341 NONE 32765;0 0;0
342 NONE -16382;28375 0;0
343 NONE -16382;-28374 0;0
344 NONE 32765;0 0;0
345 NONE -16382;28375 0;0
346 NONE -16382;-28374 0;0
347 NONE 32765;0 0;0
348 NONE -16382;28375 0;0
349 NONE -16382;-28374 0;0
350 NONE 32765;0 0;0
351 NONE -16382;28375 0;0
352 NONE -16382;-28374 0;0
353 NONE 32765;0 0;0
354 NONE -16382;28375 0;0
355 NONE -16382;-28374 0;0
356 NONE 32765;0 0;0
357 NONE -16382;28375 0;0
358 NONE -16382;-28374 0;0
359 NONE 32765;0 0;0
360 NONE -16382;28375 0;0
361 NONE -16382;-28374 0;0
362 KEY_A 7367;-31927 0;0
363 KEY_ZR 7367;-31927 0;0
364 KEY_ZR 7367;-31927 0;0
365 KEY_ZR 7367;-31927 0;0
366 KEY_ZR 7367;-31927 0;0
367 KEY_ZR 7367;-31927 0;0
368 KEY_ZR 7367;-31927 0;0
369 KEY_ZR 7367;-31927 0;0
370 KEY_Y;KEY_ZR 7367;-31927 0;0
371 KEY_B;KEY_DDOWN -818;32756 0;0
372 NONE -818;32756 0;0
373 NONE 5264;-32341 0;0
374 NONE 5264;-32341 0;0
375 NONE 5264;-32341 0;0
376 KEY_A 5264;-32341 0;0
377 KEY_A 5264;-32341 0;0
378 KEY_A 5264;-32341 0;0
379 KEY_A 5264;-32341 0;0
380 KEY_A 5264;-32341 0;0
381 KEY_A 5264;-32341 0;0
382 NONE 5264;-32341 0;0
383 NONE 5264;-32341 0;0
384 NONE 5264;-32341 0;0
385 NONE 5264;-32341 0;0
386 NONE 5264;-32341 0;0
387 NONE 5264;-32341 0;0
388 NONE 5264;-32341 0;0
389 KEY_DDOWN 5264;-32341 0;0
390 NONE 5264;-32341 0;0
391 KEY_DDOWN 5264;-32341 0;0
392 NONE 5264;-32341 0;0
393 KEY_DDOWN 5264;-32341 0;0
394 NONE 5264;-32341 0;0
395 KEY_DDOWN 5264;-32341 0;0
396 NONE 5264;-32341 0;0
397 KEY_DDOWN 5264;-32341 0;0
398 NONE 23586;-22745 0;0
399 KEY_DDOWN 23586;-22745 0;0
400 NONE 23586;-22745 0;0
401 KEY_DDOWN 23586;-22745 0;0
402 NONE 23586;-22745 0;0
403 KEY_DDOWN 23586;-22745 0;0
404 NONE 23586;-22745 0;0
405 NONE 23586;-22745 0;0
406 NONE 23586;-22745 0;0
407 NONE 23586;-22745 0;0
408 NONE 23586;-22745 0;0
409 NONE 23586;-22745 0;0
410 NONE 23586;-22745 0;0
411 NONE 23586;-22745 0;0
412 NONE 23586;-22745 0;0
413 NONE 23586;-22745 0;0
414 NONE 23586;-22745 0;0
415 NONE 23586;-22745 0;0
416 NONE 23586;-22745 0;0
417 NONE 23586;-22745 0;0
418 NONE 23586;-22745 0;0
419 NONE 23586;-22745 0;0
420 KEY_A -20662;-25431 0;0
421 KEY_ZR -20662;-25431 0;0
422 KEY_ZR -20662;-25431 0;0
423 KEY_ZR -20662;-25431 0;0
424 KEY_ZR 32766;0 0;0
425 KEY_ZR -16383;28376 0;0
426 KEY_ZR -16383;-28376 0;0
427 KEY_ZR 32765;0 0;0
428 KEY_ZR -16383;28376 0;0
429 KEY_Y;KEY_ZR -16383;-28376 0;0
430 NONE 32766;0 0;0
431 NONE -16383;28376 0;0
432 NONE -16383;-28376 0;0
433 KEY_Y 32689;2253 0;0
434 NONE 32689;2253 0;0
435 KEY_A 32689;2253 0;0
436 NONE 32689;2253 0;0
437 NONE 32689;2253 0;0
438 NONE 32689;2253 0;0
439 NONE 32766;0 0;0
440 NONE -16383;28376 0;0
441 NONE -16383;-28376 0;0
442 NONE 32766;0 0;0
443 NONE -16383;28376 0;0
444 NONE -16383;-28376 0;0
445 NONE 32766;0 0;0
446 NONE -16383;28376 0;0
447 NONE -16383;-28376 0;0
448 NONE 32766;0 0;0
449 NONE -16383;28376 0;0
450 NONE -16383;-28376 0;0
451 NONE 32766;0 0;0
452 NONE -16383;28376 0;0
453 NONE -16383;-28376 0;0
454 NONE 32766;0 0;0
455 NONE -16383;28376 0;0
456 NONE -16383;-28376 0;0
457 NONE 32766;0 0;0
458 NONE -16383;28376 0;0
459 NONE -16383;-28376 0;0
460 NONE 32766;0 0;0
461 NONE -16383;28376 0;0
462 NONE -16383;-28376 0;0
463 NONE 32766;0 0;0
464 NONE -16383;28376 0;0
465 NONE -16383;-28376 0;0
466 NONE 32766;0 0;0
467 NONE -16383;28376 0;0
468 NONE -16383;-28376 0;0
469 NONE 32766;0 0;0
470 NONE -16383;28376 0;0
471 KEY_A 31833;-7763 0;0
472 KEY_ZR 31833;-7763 0;0
473 KEY_ZR 31833;-7763 0;0
474 KEY_ZR 31833;-7763 0;0
475 KEY_ZR 31833;-7763 0;0
476 KEY_ZR 31833;-7763 0;0
477 KEY_ZR 31833;-7763 0;0
478 KEY_ZR 31833;-7763 0;0
479 KEY_Y;KEY_ZR 31833;-7763 0;0
480 NONE 31833;-7763 0;0
481 NONE 31833;-7763 0;0
482 NONE 31833;-7763 0;0
483 KEY_B;KEY_DDOWN -9606;31327 0;0
484 NONE -9606;31327 0;0
485 NONE 28582;-16023 0;0
486 NONE 28582;-16023 0;0
487 NONE 28582;-16023 0;0
488 NONE 28582;-16023 0;0
489 NONE 28582;-16023 0;0
490 KEY_A 28582;-16023 0;0
491 NONE 28582;-16023 0;0
492 NONE 28582;-16023 0;0
493 NONE 28582;-16023 0;0
494 NONE 28582;-16023 0;0
495 NONE 22279;-24026 0;0
496 NONE 22279;-24026 0;0
497 NONE 23710;-22616 0;0
498 NONE 23710;-22616 0;0
499 NONE 23710;-22616 0;0
500 NONE 23710;-22616 0;0
501 NONE 23710;-22616 0;0
502 NONE 23710;-22616 0;0
503 NONE 23710;-22616 0;0
504 NONE -2228;-32691 0;0
505 NONE -2228;-32691 0;0
506 NONE -2228;-32691 0;0
507 NONE -2228;-32691 0;0
508 NONE -2228;-32691 0;0
509 NONE -12375;30340 0;0
510 NONE -12375;30340 0;0
511 NONE -12375;30340 0;0
512 NONE 2449;32675 0;0
513 NONE 2095;32699 0;0
514 NONE 2095;32699 0;0
515 NONE 2095;32699 0;0
516 NONE 2095;32699 0;0
517 NONE 2095;32699 0;0
518 KEY_A 2095;32699 0;0
519 KEY_A 2095;32699 0;0
520 KEY_A 2095;32699 0;0
521 KEY_A 2095;32699 0;0
522 KEY_A 2095;32699 0;0
523 KEY_A 2095;32699 0;0
524 KEY_A 2095;32699 0;0
525 KEY_A 2095;32699 0;0
526 KEY_A 2095;32699 0;0
527 KEY_A 2095;32699 0;0
528 KEY_A 2095;32699 0;0
529 KEY_A 2095;32699 0;0
530 KEY_A 2095;32699 0;0
531 KEY_A 2095;32699 0;0
532 KEY_A 2095;32699 0;0
533 KEY_A 2095;32699 0;0
534 KEY_A 2095;32699 0;0
535 KEY_A 2095;32699 0;0
536 KEY_A 2095;32699 0;0
537 KEY_A 2095;32699 0;0
538 KEY_A 2095;32699 0;0
539 KEY_A 2095;32699 0;0
540 KEY_A 2095;32699 0;0
541 KEY_A 2095;32699 0;0
542 KEY_Y 2095;32699 0;0
543 NONE 2095;32699 0;0
544 NONE -6730;32068 0;0
545 NONE -6730;32068 0;0
546 NONE -6730;32068 0;0
547 NONE -6730;32068 0;0
548 NONE -6730;32068 0;0
549 NONE -6283;32158 0;0
550 NONE -6283;32158 0;0
551 KEY_ZR -6283;32158 0;0
552 KEY_Y;KEY_ZR 0;0 24419;21848
553 KEY_ZR 0;0 24419;21848
554 KEY_ZR 0;0 24419;21848
555 KEY_ZR 0;0 24419;21848
556 KEY_ZR 0;0 24419;21848
557 KEY_ZR 0;0 24419;21848
558 KEY_ZR 0;0 24419;21848
559 KEY_ZR 0;0 24419;21848
560 KEY_ZR 0;0 24419;21848
561 KEY_ZR 0;0 24419;21848
562 KEY_ZR 0;0 24419;21848
563 KEY_ZR 0;0 24419;21848
564 KEY_ZR;KEY_DDOWN 0;0 24419;21848
565 KEY_ZR 0;0 28736;15745
566 KEY_ZR 0;0 28736;15745
567 KEY_ZR 0;0 28736;15745
568 KEY_ZR 0;0 28736;15745
569 KEY_ZR 0;0 28736;15745
570 KEY_ZR 0;0 28736;15745
571 KEY_ZR 0;0 28736;15745
572 KEY_ZR 0;0 28736;15745
573 KEY_ZR 0;0 28736;15745
574 KEY_ZR 0;0 28736;15745
575 KEY_ZR 0;0 28736;15745
576 KEY_ZR 0;0 28736;15745
577 KEY_ZR 0;0 28736;15745
578 KEY_ZR 0;0 28736;15745
579 KEY_ZR;KEY_DDOWN 0;0 28736;15745
580 KEY_ZR 0;0 28736;15745
581 KEY_ZR 0;0 28736;15745
582 KEY_ZR 0;0 28736;15745
583 KEY_ZR 0;0 28736;15745
584 KEY_ZR 0;0 28736;15745
585 KEY_ZR 0;0 28736;15745
586 KEY_ZR 0;0 28736;15745
587 KEY_ZR 0;0 28736;15745
588 KEY_ZR 0;0 28736;15745
589 KEY_ZR 0;0 28736;15745
590 KEY_ZR 0;0 28736;15745
591 KEY_ZR 0;0 28736;15745
592 KEY_ZR 0;0 28736;15745
593 KEY_ZR 0;0 28736;15745
594 KEY_ZR 0;0 28736;15745
595 KEY_ZR;KEY_DDOWN 0;0 28736;15745
596 KEY_ZR 0;0 28736;15745
597 KEY_ZR 0;0 28736;15745
598 KEY_ZR 0;0 28736;15745
599 KEY_ZR 0;0 28736;15745
600 KEY_ZR 0;0 28736;15745
601 KEY_ZR 0;0 28736;15745
602 KEY_ZR 0;0 28736;15745
603 KEY_ZR 0;0 28736;15745
604 KEY_ZR 0;0 28736;15745
605 KEY_ZR 0;0 28736;15745
606 KEY_ZR 0;0 28736;15745
607 KEY_ZR 0;0 28736;15745
608 KEY_ZR 0;0 28736;15745
609 KEY_ZR 0;0 28736;15745
610 KEY_ZR 0;0 28736;15745
611 KEY_ZR;KEY_DDOWN 0;0 28736;15745
612 KEY_ZR 0;0 28736;15745
613 KEY_ZR 0;0 28736;15745
614 KEY_ZR 0;0 28736;15745
615 KEY_ZR 0;0 28736;15745
616 KEY_ZR 0;0 28736;15745
617 KEY_ZR 0;0 28736;15745
618 KEY_ZR 0;0 28736;15745
619 KEY_ZR 0;0 28736;15745
620 KEY_ZR 0;0 28736;15745
621 KEY_ZR 0;0 28736;15745
622 KEY_ZR 0;0 28736;15745
623 KEY_ZR 0;0 28736;15745
624 KEY_ZR 0;0 28736;15745
625 KEY_ZR 0;0 28736;15745
626 KEY_ZR 0;0 28736;15745
627 KEY_ZR;KEY_DDOWN -359;-32765 28736;15745
628 KEY_ZR -359;-32765 28736;15745
629 KEY_ZR -359;-32765 28736;15745
630 KEY_ZR -359;-32765 28736;15745
631 KEY_ZR -359;-32765 28736;15745
632 KEY_ZR -359;-32765 28736;15745
633 KEY_ZR -359;-32765 28736;15745
634 KEY_ZR -359;-32765 28736;15745
635 NONE -359;-32765 28736;15745
636 NONE -359;-32765 28736;15745
637 NONE -359;-32765 32542;3827
638 NONE -359;-32765 32542;3827
639 NONE -359;-32765 32542;3827
640 NONE -359;-32765 0;0
641 NONE -359;-32765 0;0
642 NONE -359;-32765 0;0
643 NONE -359;-32765 0;0
644 NONE -359;-32765 0;0
645 NONE -359;-32765 0;0
646 NONE -359;-32765 0;0
647 NONE -359;-32765 0;0
648 NONE -359;-32765 0;0
649 NONE -359;-32765 0;0
650 NONE -359;-32765 0;0
651 NONE -359;-32765 0;0
652 NONE 375;32764 0;0
653 KEY_B;KEY_DUP 375;32764 0;0
654 NONE 375;32764 0;0
655 NONE 375;32764 0;0
656 NONE 375;32764 0;0
657 NONE 375;32764 0;0
658 NONE 375;32764 0;0
659 KEY_DDOWN 375;32764 0;0
660 NONE 375;32764 0;0
661 KEY_DDOWN 375;32764 0;0
662 NONE 375;32764 0;0
663 KEY_DDOWN 375;32764 0;0
664 NONE 375;32764 0;0
665 KEY_DDOWN 375;32764 0;0
666 NONE 375;32764 0;0
667 KEY_DDOWN 0;0 0;0
669 KEY_DDOWN 0;0 0;0
671 KEY_DDOWN 0;0 0;0
673 KEY_DDOWN 0;0 0;0
675 KEY_DDOWN 0;0 0;0
677 KEY_DDOWN 0;0 0;0
679 KEY_DDOWN 0;0 0;0
681 KEY_DDOWN 0;0 0;0
684 NONE 0;-32767 0;0
685 NONE 0;-32767 0;0
686 NONE 0;-32767 0;0
687 NONE 0;-32767 0;0
688 NONE 0;-32767 0;0
693 KEY_Y 0;0 0;0
694 KEY_Y 0;0 0;0
695 KEY_Y 29448;-14362 0;0
696 KEY_Y 29448;-14362 0;0
697 KEY_Y 29448;-14362 0;0
698 KEY_Y 29448;-14362 0;0
699 KEY_Y 29448;-14362 0;0
700 KEY_Y 29448;-14362 0;0
701 KEY_Y 29448;-14362 0;0
702 KEY_Y 29448;-14362 0;0
703 KEY_Y 29448;-14362 0;0
704 KEY_Y 29448;-14362 0;0
705 KEY_Y 29448;-14362 0;0
706 KEY_Y 29448;-14362 0;0
707 KEY_Y 29448;-14362 0;0
708 KEY_Y 29448;-14362 0;0
709 KEY_Y 29448;-14362 0;0
710 KEY_Y 29448;-14362 0;0
711 KEY_Y 29448;-14362 0;0
712 KEY_Y 29448;-14362 0;0
713 KEY_Y 29448;-14362 0;0
714 KEY_Y 29448;-14362 0;0
715 KEY_Y 29448;-14362 0;0
716 KEY_Y 29448;-14362 0;0
717 KEY_Y 29448;-14362 0;0
718 KEY_Y 29448;-14362 0;0
719 KEY_Y 29448;-14362 0;0
720 KEY_Y 29448;-14362 0;0
721 KEY_Y 29448;-14362 0;0
722 KEY_Y 29448;-14362 0;0
723 KEY_Y 29448;-14362 0;0
724 KEY_Y 29448;-14362 0;0
725 KEY_Y 29448;-14362 0;0
726 KEY_Y 29448;-14362 0;0
727 KEY_Y 29448;-14362 0;0
728 KEY_Y 29448;-14362 0;0
729 KEY_Y 29448;-14362 0;0
730 KEY_Y 29448;-14362 0;0
731 KEY_Y 29448;-14362 0;0
732 KEY_Y 29448;-14362 0;0
733 KEY_Y 29448;-14362 0;0
734 KEY_Y 29448;-14362 0;0
735 KEY_Y 29448;-14362 0;0
736 KEY_Y 29448;-14362 0;0
737 KEY_Y 29448;-14362 0;0
738 KEY_Y 29448;-14362 0;0
739 KEY_Y 29448;-14362 0;0
740 KEY_Y 29448;-14362 0;0
741 KEY_Y 29448;-14362 0;0
742 KEY_Y 29448;-14362 0;0
743 KEY_Y 29448;-14362 0;0
744 KEY_Y 29448;-14362 0;0
745 KEY_Y 29448;-14362 0;0
746 KEY_Y 29448;-14362 0;0
747 KEY_Y 29448;-14362 0;0
748 KEY_Y 29448;-14362 0;0
749 KEY_Y 29448;-14362 0;0
750 KEY_Y 29448;-14362 0;0
751 KEY_Y 29448;-14362 0;0
752 KEY_Y 29448;-14362 0;0
753 KEY_Y 29448;-14362 0;0
754 KEY_Y 29448;-14362 0;0
755 KEY_Y 29448;-14362 0;0
756 KEY_Y 29448;-14362 0;0
757 KEY_Y 29448;-14362 0;0
758 KEY_Y 29448;-14362 0;0
759 KEY_Y 29448;-14362 0;0
760 KEY_Y 29448;-14362 0;0
761 KEY_Y 29448;-14362 0;0
762 KEY_Y 29448;-14362 0;0
763 KEY_Y 29448;-14362 0;0
764 KEY_Y 29448;-14362 0;0
765 KEY_Y 29448;-14362 0;0
766 KEY_Y 29448;-14362 0;0
767 KEY_Y 29448;-14362 0;0
768 KEY_Y 29448;-14362 0;0
769 KEY_Y 29448;-14362 0;0
770 KEY_Y 29448;-14362 0;0
771 KEY_Y 29448;-14362 0;0
772 KEY_Y 29448;-14362 0;0
773 KEY_Y 29448;-14362 0;0
774 KEY_Y 29448;-14362 0;0
775 KEY_Y 29448;-14362 0;0
776 KEY_Y 29448;-14362 0;0
777 KEY_Y 29448;-14362 0;0
778 KEY_Y 29448;-14362 0;0
779 KEY_Y 29448;-14362 0;0
780 KEY_Y 29448;-14362 0;0
781 KEY_Y 29448;-14362 0;0
782 KEY_Y 29448;-14362 0;0
783 KEY_Y 29448;-14362 0;0
784 KEY_Y 29448;-14362 0;0
785 KEY_Y 29448;-14362 0;0
786 KEY_Y 29448;-14362 0;0
787 KEY_Y 29448;-14362 0;0
788 KEY_Y 29448;-14362 0;0
789 KEY_Y 29448;-14362 0;0
790 KEY_Y 29448;-14362 0;0
791 KEY_Y 29448;-14362 0;0
792 KEY_Y 29448;-14362 0;0
793 KEY_Y 29448;-14362 0;0
794 KEY_Y 29448;-14362 0;0
795 KEY_Y 29448;-14362 0;0
796 KEY_Y 0;-32767 0;0
797 KEY_Y 0;-32767 0;0
798 KEY_Y 0;-32767 0;0
799 KEY_Y 0;-32767 0;0
800 KEY_Y 0;-32767 0;0
801 KEY_Y 0;-32767 0;0
802 KEY_Y 0;-32767 0;0
803 KEY_Y 0;-32767 0;0
804 KEY_Y 0;-32767 0;0
805 KEY_Y 0;-32767 0;0
806 KEY_Y 0;-32767 0;0
807 KEY_Y 0;-32767 0;0
808 KEY_Y 0;-32767 0;0
809 KEY_Y 0;-32767 0;0
810 KEY_Y 0;-32767 0;0
811 KEY_Y 0;-32767 0;0
812 KEY_Y 0;-32767 0;0
813 KEY_Y 0;-32767 0;0
814 KEY_Y 0;-32767 0;0
815 KEY_Y 0;-32767 0;0
816 KEY_Y 0;-32767 0;0
817 KEY_Y 0;-32767 0;0
818 KEY_Y 0;-32767 0;0
819 KEY_Y 0;-32767 0;0
820 KEY_Y 0;-32767 0;0
821 KEY_Y 0;-32767 0;0
822 KEY_Y 0;-32767 0;0
823 KEY_Y 0;-32767 0;0
824 KEY_Y 0;-32767 0;0
825 KEY_Y 0;-32767 0;0
826 KEY_Y 0;-32767 0;0
827 KEY_Y 0;-32767 0;0
828 KEY_Y 0;-32767 0;0
829 KEY_Y 0;-32767 0;0
830 KEY_Y 0;-32767 0;0
831 KEY_Y 0;-32767 0;0
832 KEY_Y 0;-32767 0;0
833 KEY_Y 0;-32767 0;0
834 KEY_Y 0;-32767 0;0
835 KEY_Y 0;-32767 0;0
836 KEY_Y 0;-32767 0;0
837 KEY_Y 0;-32767 0;0
838 KEY_Y 0;-32767 0;0
839 KEY_Y 0;-32767 0;0
840 KEY_Y 0;-32767 0;0
841 KEY_Y 0;-32767 0;0
842 KEY_Y 0;-32767 0;0
843 KEY_Y 0;-32767 0;0
844 KEY_Y 0;-32767 0;0
845 KEY_Y 0;-32767 0;0
846 KEY_Y 0;-32767 0;0
847 KEY_Y 0;-32767 0;0
848 KEY_Y 0;-32767 0;0
849 KEY_Y 0;-32767 0;0
850 KEY_Y 0;-32767 0;0
851 KEY_Y 0;-32767 0;0
852 KEY_Y 0;-32767 0;0
853 KEY_Y 0;-32767 0;0
854 KEY_Y 0;-32767 0;0
855 KEY_Y 0;-32767 0;0
856 KEY_Y 0;-32767 0;0
857 KEY_Y 0;-32767 0;0
858 KEY_Y 0;-32767 0;0
859 KEY_Y 0;-32767 0;0
860 KEY_Y 0;-32767 0;0
861 KEY_Y 0;-32767 0;0
862 KEY_Y 0;-32767 0;0
863 KEY_Y 0;-32767 0;0
864 KEY_Y 0;-32767 0;0
865 KEY_Y 0;-32767 0;0
866 KEY_Y 0;-32767 0;0
867 KEY_Y 0;-32767 0;0
868 KEY_Y 0;-32767 0;0
869 KEY_Y 0;-32767 0;0
870 KEY_Y 0;-32767 0;0
871 KEY_Y 0;-32767 0;0
872 KEY_Y 0;-32767 0;0
873 KEY_Y 0;-32767 0;0
874 KEY_Y 0;-32767 0;0
875 KEY_Y 0;-32767 0;0
876 KEY_Y 0;-32767 0;0
877 KEY_Y 0;-32767 0;0
878 KEY_Y 0;-32767 0;0
879 KEY_Y 0;-32767 0;0
880 KEY_Y 0;-32767 0;0
881 KEY_Y 0;-32767 0;0
882 KEY_Y 0;-32767 0;0
883 KEY_Y 0;-32767 0;0
884 KEY_Y 0;-32767 0;0
885 KEY_Y 0;-32767 0;0
886 KEY_Y 0;-32767 0;0
887 KEY_Y 0;-32767 0;0
888 KEY_Y 32767;0 0;0
889 KEY_Y -16383;28377 0;0
890 KEY_Y -16383;-28377 0;0
891 KEY_Y 32767;0 0;0
892 KEY_Y -16383;28377 0;0
893 KEY_Y -16383;-28377 0;0
894 KEY_Y 32767;0 0;0
895 KEY_Y -16383;28377 0;0
896 KEY_Y -16383;-28377 0;0
897 KEY_Y 32767;0 0;0
898 KEY_Y -16383;28377 0;0
899 KEY_Y -16383;-28377 0;0
900 KEY_Y 32767;0 0;0
901 KEY_Y -16383;28377 0;0
902 KEY_Y -16383;-28377 0;0
903 KEY_Y 32767;0 0;0
904 KEY_Y -16383;28377 0;0
905 KEY_Y -16383;-28377 0;0
906 KEY_Y 32767;0 0;0
907 KEY_Y -16383;28377 0;0
908 KEY_Y -16383;-28377 0;0
909 KEY_Y 32767;0 0;0
910 KEY_Y -16383;28377 0;0
911 KEY_Y -16383;-28377 0;0
912 KEY_Y 32767;0 0;0
913 KEY_Y -16383;28377 0;0
914 KEY_Y -16383;-28377 0;0
915 KEY_Y 32767;0 0;0
916 KEY_Y -16383;28377 0;0
917 KEY_Y -16383;-28377 0;0
918 KEY_Y 32767;0 0;0
919 KEY_Y -16383;28377 0;0
920 KEY_Y -16383;-28377 0;0
921 KEY_Y 32767;0 0;0
922 KEY_Y -16383;28377 0;0
923 KEY_Y -16383;-28377 0;0
924 KEY_Y 32767;0 0;0
925 KEY_Y -16383;28377 0;0
926 KEY_Y -16383;-28377 0;0
927 KEY_Y 32767;0 0;0
928 KEY_Y -16383;28377 0;0
929 KEY_Y -16383;-28377 0;0
930 KEY_Y 32767;0 0;0
931 KEY_Y -16383;28377 0;0
932 KEY_Y -16383;-28377 0;0
933 KEY_Y 32767;0 0;0
934 KEY_Y -16383;28377 0;0
935 KEY_Y -16383;-28377 0;0
936 KEY_Y 32767;0 0;0
937 KEY_Y -16383;28377 0;0
938 KEY_Y -16383;-28377 0;0
939 KEY_Y 32767;0 0;0
940 KEY_Y -16383;28377 0;0
941 KEY_Y -16383;-28377 0;0
942 KEY_Y 32767;0 0;0
943 KEY_Y -16383;28377 0;0
944 KEY_Y -16383;-28377 0;0
945 KEY_Y 32767;0 0;0
946 KEY_Y -16383;28377 0;0
947 KEY_Y -16383;-28377 0;0
948 KEY_Y 32767;0 0;0
949 KEY_Y -16383;28377 0;0
950 KEY_Y -16383;-28377 0;0
951 KEY_Y 32767;0 0;0
952 KEY_Y -16383;28377 0;0
953 KEY_Y -16383;-28377 0;0
954 KEY_Y 32767;0 0;0
955 KEY_Y -16383;28377 0;0
956 KEY_Y -16383;-28377 0;0
957 KEY_Y 32767;0 0;0
958 KEY_Y -16383;28377 0;0
959 KEY_Y -16383;-28377 0;0
960 KEY_Y 32767;0 0;0
961 KEY_Y -16383;28377 0;0
962 KEY_Y -16383;-28377 0;0
963 KEY_Y 32767;0 0;0
964 KEY_Y -16383;28377 0;0
965 KEY_Y -16383;-28377 0;0
966 KEY_Y 0;-32767 0;0
967 KEY_Y 0;-32767 0;0
968 KEY_Y 0;-32767 0;0
969 KEY_Y 0;-32767 0;0
970 KEY_Y 0;-32767 0;0
971 KEY_Y 0;-32767 0;0
972 KEY_Y 0;-32767 0;0
973 KEY_Y 0;-32767 0;0
974 KEY_Y 0;-32767 0;0
975 KEY_Y 0;-32767 0;0
976 KEY_Y 0;-32767 0;0
977 KEY_Y 0;-32767 0;0
978 KEY_Y 0;-32767 0;0
979 KEY_Y 0;-32767 0;0
980 KEY_A;KEY_Y 0;-32767 0;0
981 KEY_Y;KEY_ZR 0;-32767 0;0
982 KEY_Y;KEY_ZR 0;-32767 0;0
983 KEY_Y;KEY_ZR 0;-32767 0;0
984 KEY_Y;KEY_ZR 0;-32767 0;0
985 KEY_Y;KEY_ZR 0;-32767 0;0
986 KEY_Y;KEY_ZR 0;-32767 0;0
987 KEY_Y;KEY_ZR 0;-32767 0;0
988 KEY_Y;KEY_ZR 0;-32767 0;0
989 KEY_Y;KEY_ZR 0;-32767 0;0
990 KEY_Y;KEY_ZR 0;-32767 0;0
991 KEY_Y;KEY_ZR 0;-32767 0;0
992 KEY_Y;KEY_ZR 0;-32767 0;0
993 KEY_Y;KEY_ZR 0;-32767 0;0
994 KEY_Y;KEY_ZR 0;-32767 0;0
995 KEY_Y;KEY_ZR 0;-32767 0;0
996 KEY_Y;KEY_ZR 0;-32767 0;0
997 KEY_Y;KEY_ZR 0;-32767 0;0
998 KEY_Y;KEY_ZR 0;-32767 0;0
999 KEY_Y;KEY_ZR 0;-32767 0;0
1000 KEY_Y;KEY_ZR;KEY_DDOWN 0;-32767 0;0
1001 KEY_Y;KEY_ZR 0;-32767 0;0
1002 KEY_Y;KEY_ZR 0;-32767 0;0
1003 KEY_Y;KEY_ZR 0;-32767 0;0
1004 KEY_Y;KEY_ZR 0;-32767 0;0
1005 KEY_Y;KEY_ZR 0;-32767 0;0
1006 KEY_Y;KEY_ZR 0;-32767 0;0
1007 KEY_Y;KEY_ZR 0;-32767 0;0
1008 KEY_Y;KEY_ZR 0;-32767 0;0
1009 KEY_Y;KEY_ZR 0;-32767 0;0
1010 KEY_Y;KEY_ZR 0;-32767 0;0
1011 KEY_Y;KEY_ZR 0;-32767 0;0
1012 KEY_Y;KEY_ZR 0;-32767 0;0
1013 KEY_Y;KEY_ZR 0;-32767 0;0
1014 KEY_Y;KEY_ZR 0;-32767 0;0
1015 KEY_Y;KEY_ZR 0;-32767 0;0
1016 KEY_Y;KEY_ZR 0;-32767 0;0
1017 KEY_Y;KEY_ZR 0;-32767 0;0
1018 KEY_Y;KEY_ZR 0;-32767 0;0
1019 KEY_Y;KEY_ZR 0;-32767 0;0
1020 KEY_Y;KEY_ZR 0;-32767 0;0
1021 KEY_Y;KEY_ZR 0;-32767 0;0
1022 KEY_Y;KEY_ZR 0;-32767 0;0
1023 KEY_Y;KEY_ZR 0;-32767 0;0
1024 KEY_Y;KEY_ZR 0;-32767 0;0
1025 KEY_Y;KEY_ZR 0;-32767 0;0
1026 KEY_Y;KEY_ZR 0;-32767 0;0
1027 KEY_Y;KEY_ZR 0;-32767 0;0
1028 KEY_Y;KEY_ZR 0;-32767 0;0
1029 KEY_Y;KEY_ZR 0;-32767 0;0
1030 KEY_Y;KEY_ZR 0;-32767 0;0
1031 KEY_Y;KEY_ZR 0;-32767 0;0
1032 KEY_Y;KEY_ZR 0;-32767 0;0
1033 KEY_Y;KEY_ZR 0;-32767 0;0
1034 KEY_Y;KEY_ZR 0;-32767 0;0
1035 KEY_Y;KEY_ZR 0;-32767 0;0
1036 KEY_Y;KEY_ZR 0;-32767 0;0
1037 KEY_Y;KEY_ZR 0;-32767 0;0
1038 KEY_Y;KEY_ZR 0;-32767 0;0
1039 KEY_Y;KEY_ZR 0;-32767 0;0
1040 KEY_Y;KEY_ZR 0;-32767 0;0
1041 KEY_Y;KEY_ZR 0;-32767 0;0
1042 KEY_Y;KEY_ZR 0;-32767 0;0
1043 KEY_Y;KEY_ZR 0;-32767 0;0
1044 KEY_Y;KEY_ZR 0;-32767 0;0
1045 KEY_Y;KEY_ZR 0;-32767 0;0
1046 KEY_Y;KEY_ZR 0;-32767 0;0
1047 KEY_Y;KEY_ZR 0;-32767 0;0
1048 KEY_Y;KEY_ZR 0;-32767 0;0
1049 KEY_Y;KEY_ZR 0;-32767 0;0
1050 KEY_Y;KEY_ZR 0;-32767 0;0
1051 KEY_Y;KEY_ZR 0;-32767 0;0
1052 KEY_Y;KEY_ZR 0;-32767 0;0
1053 KEY_Y;KEY_ZR 0;-32767 0;0
1054 KEY_Y;KEY_ZR 0;-32767 0;0
1055 KEY_Y;KEY_ZR 0;-32767 0;0
1056 KEY_Y;KEY_ZR 0;-32767 0;0
1057 KEY_Y;KEY_ZR 0;-32767 0;0
1058 KEY_Y;KEY_ZR 0;-32767 0;0
1059 KEY_Y 0;-32767 0;0
1060 KEY_Y 0;-32767 0;0
1061 KEY_Y 0;-32767 0;0
1062 KEY_Y 0;-32767 0;0
1063 KEY_Y 0;-32767 0;0
1064 KEY_Y 0;-32767 0;0
1065 KEY_Y 0;-32767 0;0
1066 KEY_Y 0;-32767 0;0
1067 KEY_Y 0;-32767 0;0
1068 KEY_Y 0;-32767 0;0
1069 KEY_Y 0;-32767 0;0
1070 KEY_Y 0;-32767 0;0
1071 KEY_Y 0;-32767 0;0
1072 KEY_Y 0;-32767 0;0
1073 KEY_Y 0;-32767 0;0
1074 KEY_Y 0;-32767 0;0
1075 KEY_Y 0;-32767 0;0
1076 KEY_Y 0;-32767 0;0
1077 KEY_Y 0;-32767 0;0
1078 KEY_Y 0;-32767 0;0
1079 KEY_Y 0;-32767 0;0
1080 KEY_Y 0;-32767 0;0
1081 KEY_Y 0;-32767 0;0
1082 KEY_Y 0;-32767 0;0
1083 KEY_Y 0;-32767 0;0
1084 KEY_Y 0;-32767 0;0
1085 KEY_Y 0;-32767 0;0
1086 KEY_Y 0;-32767 0;0
1087 KEY_Y 0;-32767 0;0
1088 KEY_Y 0;-32767 0;0
1089 KEY_Y 0;-32767 0;0
1090 KEY_Y 0;-32767 0;0
1091 KEY_Y 0;-32767 0;0
1092 KEY_Y 0;-32767 0;0
1093 KEY_Y 0;-32767 0;0
