0 NONE 32767;0 0;0
1 NONE -16383;28377 0;0
2 NONE -16383;-28377 0;0
3 NONE 32767;0 0;0
4 NONE -16383;28377 0;0
5 NONE -16383;-28377 0;0
6 NONE 32767;0 0;0
7 NONE -16383;28377 0;0
8 NONE -16383;-28377 0;0
9 NONE 32767;0 0;0
10 NONE -16383;28377 0;0
11 NONE -16383;-28377 0;0
12 NONE 32767;0 0;0
13 NONE -16383;28377 0;0
14 NONE -16383;-28377 0;0
15 NONE 32767;0 0;0
16 NONE -16383;28377 0;0
17 NONE -16383;-28377 0;0
18 NONE 32767;0 0;0
19 NONE -16383;28377 0;0
20 NONE -16383;-28377 0;0
21 NONE 32767;0 0;0
22 NONE -16383;28377 0;0
23 NONE -16383;-28377 0;0
24 NONE 32767;0 0;0
25 NONE -16383;28377 0;0
26 NONE -16383;-28377 0;0
27 NONE 32767;0 0;0
28 NONE -16383;28377 0;0
29 NONE -16383;-28377 0;0
30 NONE 32767;0 0;0
31 NONE -16383;28377 0;0
32 NONE -16383;-28377 0;0
33 NONE 32767;0 0;0
34 NONE -16383;28377 0;0
35 NONE -16383;-28377 0;0
36 NONE 32767;0 0;0
37 NONE -16383;28377 0;0
38 NONE -16383;-28377 0;0
39 NONE 32767;0 0;0
40 NONE -16383;28377 0;0
41 NONE -16383;-28377 0;0
42 NONE 32767;0 0;0
43 NONE -16383;28377 0;0
44 NONE -16383;-28377 0;0
45 NONE 32767;0 0;0
46 NONE -16383;28377 0;0
47 NONE -16383;-28377 0;0
48 NONE 32767;0 0;0
49 NONE -16383;28377 0;0
50 NONE -16383;-28377 0;0
51 NONE 32767;0 0;0
52 NONE -16383;28377 0;0
53 NONE -16383;-28377 0;0
54 NONE 32767;0 0;0
55 NONE -16383;28377 0;0
56 NONE -16383;-28377 0;0
57 NONE 32767;0 0;0
58 NONE -16383;28377 0;0
59 NONE -16383;-28377 0;0
60 NONE 32767;0 0;0
61 NONE -16383;28377 0;0
62 NONE -16383;-28377 0;0
63 NONE 32767;0 0;0
64 NONE -16383;28377 0;0
65 NONE -16383;-28377 0;0
66 NONE 32767;0 0;0
67 NONE -16383;28377 0;0
68 NONE -16383;-28377 0;0
69 NONE 32767;0 0;0
70 NONE -16383;28377 0;0
71 NONE -16383;-28377 0;0
72 NONE 32767;0 0;0
73 NONE -16383;28377 0;0
74 NONE -16383;-28377 0;0
75 NONE 32767;0 0;0
76 NONE -16383;28377 0;0
77 NONE -16383;-28377 0;0
78 NONE 32767;0 0;0
79 NONE -16383;28377 0;0
80 NONE -16383;-28377 0;0
81 NONE 32767;0 0;0
82 NONE -16383;28377 0;0
83 NONE -16383;-28377 0;0
84 NONE 32767;0 0;0
85 NONE -16383;28377 0;0
86 NONE -16383;-28377 0;0
87 NONE 32767;0 0;0
88 NONE -16383;28377 0;0
89 NONE -16383;-28377 0;0
90 NONE 32767;0 0;0
91 NONE -16383;28377 0;0
92 KEY_A 12802;-30160 0;0
93 KEY_ZR 12802;-30160 0;0
94 KEY_ZR 12802;-30160 0;0
95 KEY_ZR 12802;-30160 0;0
96 KEY_ZR 12802;-30160 0;0
97 KEY_ZR 12802;-30160 0;0
98 KEY_ZR 12802;-30160 0;0
99 KEY_ZR 12802;-30160 0;0
100 KEY_Y;KEY_ZR 12802;-30160 0;0
101 KEY_R 0;0 0;0
103 KEY_R 0;0 0;0
105 KEY_R 0;0 0;0
107 KEY_R 0;0 0;0
110 KEY_R 0;0 0;0
112 KEY_R 0;0 0;0
114 KEY_B;KEY_R;KEY_DDOWN 2285;-32684 0;0
115 NONE 2285;-32684 0;0
116 NONE 30159;12801 0;0
117 NONE 30159;12801 0;0
118 NONE 30159;12801 0;0
119 KEY_A 30159;12801 0;0
120 KEY_A 30159;12801 0;0
121 KEY_A;KEY_R 30159;12801 0;0
122 KEY_A 30159;12801 0;0
123 KEY_A 30159;12801 0;0
124 KEY_A 32766;0 0;0
125 KEY_A -16383;28376 0;0
126 KEY_A -16383;-28376 0;0
127 NONE 32766;0 0;0
128 NONE -16383;28376 0;0
129 NONE -16383;-28376 0;0
130 NONE 32766;0 0;0
131 NONE -16383;28376 0;0
132 NONE -16383;-28376 0;0
133 NONE 32766;0 0;0
134 NONE -16383;28376 0;0
135 NONE -16383;-28376 32389;4960
136 NONE 32766;0 32389;4960
137 NONE -16383;28376 32389;4960
138 NONE -16383;-28376 32389;4960
139 NONE 32766;0 32389;4960
140 NONE -16383;28376 32389;4960
141 NONE -16383;-28376 32389;4960
142 NONE 32766;0 32389;4960
143 NONE -16383;28376 32389;4960
144 NONE -16383;-28376 32476;4355
145 NONE 32766;0 32476;4355
146 NONE -16383;28376 32476;4355
147 NONE -16383;-28376 32476;4355
148 NONE 32766;0 32476;4355
149 NONE -16383;28376 32476;4355
150 NONE -16383;-28376 32476;4355
151 NONE 32766;0 32476;4355
152 NONE -16383;28376 32476;4355
153 NONE -16383;-28376 32476;4355
154 NONE 32766;0 32353;5192
155 KEY_A -16383;-28376 32353;5192
156 KEY_ZR -31506;9001 32353;5192
157 KEY_ZR -31506;9001 32353;5192
158 KEY_ZR -31506;9001 0;0
159 KEY_ZR -31506;9001 0;0
160 KEY_ZR -31506;9001 0;0
161 KEY_ZR -31506;9001 0;0
162 KEY_ZR -31506;9001 0;0
163 KEY_Y;KEY_ZR -31506;9001 0;0
164 NONE -28501;16165 0;0
165 KEY_DDOWN -28501;16165 0;0
166 NONE -28501;16165 0;0
167 NONE -28501;16165 0;0
168 NONE -28501;16165 0;0
169 NONE -28501;16165 0;0
170 NONE -28501;16165 0;0
171 NONE -28501;16165 0;0
172 NONE -28501;16165 0;0
173 NONE -28501;16165 0;0
174 NONE -28501;16165 0;0
175 NONE -28501;16165 0;0
176 NONE -28501;16165 0;0
177 NONE -28501;16165 0;0
178 NONE -28501;16165 0;0
179 NONE -28501;16165 0;0
180 NONE -28501;16165 0;0
181 NONE -23373;22963 0;0
182 KEY_A -23373;22963 0;0
183 KEY_A -23373;22963 0;0
184 KEY_A -23373;22963 0;0
185 KEY_A -23373;22963 0;0
186 KEY_A -23373;22963 0;0
187 KEY_A 32766;0 0;0
188 KEY_A -16383;28376 0;0
189 NONE -16383;-28376 0;0
190 NONE 32766;0 0;0
191 NONE -16383;28376 0;0
192 NONE -16383;-28376 0;0
193 NONE 32766;0 0;0
194 NONE -16383;28376 0;0
195 NONE -16383;-28376 0;0
196 NONE 32766;0 0;0
197 NONE -16383;28376 0;0
198 NONE -16383;-28376 0;0
199 NONE 32766;0 0;0
200 NONE -16383;28376 0;0
201 NONE -16383;-28376 0;0
202 NONE 32766;0 0;0
203 NONE -16383;28376 0;0
204 NONE -16383;-28376 0;0
205 NONE 32766;0 0;0
206 NONE -16383;28376 0;0
207 KEY_X -16383;-28376 0;0
208 KEY_X 32766;0 0;0
209 KEY_X -16383;28376 0;0
210 KEY_X -16383;-28376 0;0
211 KEY_X 32766;0 0;0
212 KEY_X -16383;28376 0;0
213 KEY_X -16383;-28376 0;0
214 KEY_X 32766;0 0;0
215 KEY_X -16383;28376 0;0
216 KEY_A;KEY_X -16383;-28376 0;0
217 KEY_X;KEY_ZR 285;32762 0;0
218 KEY_X;KEY_ZR 285;32762 0;0
219 KEY_X;KEY_ZR 285;32762 0;0
220 KEY_X;KEY_ZR 285;32762 0;0
221 KEY_X;KEY_ZR 285;32762 0;0
222 KEY_X;KEY_ZR 285;32762 0;0
223 KEY_X;KEY_ZR 285;32762 0;0
224 KEY_X;KEY_Y;KEY_ZR 285;32762 0;0
225 KEY_X 285;32762 0;0
226 KEY_X 285;32762 0;0
227 KEY_X 285;32762 0;0
228 KEY_X -28375;-16382 0;0
229 KEY_X 28375;-16382 0;0
230 KEY_X 0;32765 0;0
231 KEY_X -28375;-16382 0;0
232 KEY_X 28375;-16382 0;0
233 KEY_X 0;32765 0;0
234 KEY_X -28375;-16382 0;0
235 KEY_X 28375;-16382 0;0
236 KEY_X 0;32765 0;0
237 KEY_X -28375;-16382 0;0
238 KEY_X 28375;-16382 0;0
239 KEY_X 0;32765 0;0
240 KEY_X -28375;-16382 0;0
241 KEY_X 28375;-16382 0;0
242 KEY_X 0;32765 0;0
243 KEY_X -28375;-16382 0;0
244 KEY_X 28375;-16382 0;0
245 KEY_X 0;32765 0;0
246 KEY_X -28375;-16382 0;0
247 KEY_X 28375;-16382 0;0
248 KEY_X 0;32765 0;0
249 KEY_X -28375;-16382 0;0
250 KEY_X 28375;-16382 0;0
251 KEY_X 0;32765 0;0
252 KEY_X -28375;-16382 0;0
253 KEY_X 28375;-16382 0;0
254 KEY_X 0;32765 0;0
255 KEY_X -28375;-16382 0;0
256 KEY_X 28375;-16382 0;0
257 KEY_X 0;32765 0;0
258 KEY_X -28375;-16382 0;0
259 KEY_X 28375;-16382 0;0
260 KEY_X 0;32765 0;0
261 KEY_X -28375;-16382 0;0
262 KEY_X 28375;-16382 0;0
263 KEY_X 0;32765 0;0
264 KEY_X -28375;-16382 0;0
265 KEY_X 28375;-16382 0;0
266 KEY_X 0;32765 0;0
267 KEY_X -28375;-16382 0;0
268 KEY_X 28375;-16382 0;0
269 KEY_X 0;32765 0;0
270 KEY_X -28375;-16382 0;0
271 KEY_A;KEY_X 2786;32648 0;0
272 KEY_A;KEY_X 2786;32648 0;0
273 KEY_A;KEY_X 2786;32648 0;0
274 KEY_A;KEY_X 2786;32648 0;0
275 KEY_A;KEY_X 2786;32648 0;0
276 KEY_X;KEY_ZR 5965;-32219 0;0
277 KEY_X;KEY_ZR 5965;-32219 0;0
278 KEY_X 5965;-32219 0;0
279 KEY_X 5965;-32219 0;0
280 KEY_X;KEY_ZR 5965;-32219 0;0
281 KEY_X;KEY_Y;KEY_ZR 32766;0 0;0
282 KEY_X -16383;28376 0;0
283 KEY_X -16383;-28376 0;0
284 KEY_X 32766;0 0;0
285 KEY_X -16383;28376 0;0
286 KEY_X -16383;-28376 0;0
287 KEY_X 32766;0 0;0
288 KEY_X -16383;28376 0;0
289 KEY_X -16383;-28376 0;0
290 KEY_X 32766;0 0;0
291 KEY_X -16383;28376 0;0
292 KEY_X -16383;-28376 0;0
293 KEY_X 32766;0 0;0
294 KEY_X -16383;28376 0;0
295 KEY_X -16383;-28376 0;0
296 KEY_X 32766;0 0;0
297 KEY_X -16383;28376 0;0
298 KEY_X -16383;-28376 0;0
299 KEY_X 32766;0 0;0
300 KEY_X -16383;28376 0;0
301 KEY_X -16383;-28376 0;0
302 KEY_X 32766;0 0;0
303 KEY_X -16383;28376 0;0
304 KEY_X -16383;-28376 0;0
305 KEY_X 32766;0 0;0
306 KEY_X -16383;28376 0;0
307 KEY_X -16383;-28376 0;0
308 KEY_X 32766;0 0;0
309 KEY_X -16383;28376 0;0
310 KEY_X -16383;-28376 0;0
311 KEY_X 32766;0 0;0
312 KEY_X -16383;28376 0;0
313 KEY_X -16383;-28376 0;0
314 KEY_X 32766;0 0;0
315 KEY_X -16383;28376 0;0
316 KEY_X -16383;-28376 0;0
317 KEY_X 32766;0 0;0
318 KEY_A;KEY_X 8138;-31740 0;0
319 KEY_X;KEY_ZR 8138;-31740 0;0
320 KEY_X;KEY_ZR 8138;-31740 0;0
321 KEY_X;KEY_ZR 8138;-31740 0;0
322 KEY_X;KEY_ZR 8138;-31740 0;0
323 KEY_X;KEY_ZR 8138;-31740 0;0
324 KEY_X;KEY_ZR 8138;-31740 0;0
325 KEY_X;KEY_ZR 8138;-31740 0;0
326 KEY_X;KEY_Y;KEY_ZR 8138;-31740 0;0
327 KEY_X;KEY_ZR 8138;-31740 0;0
328 KEY_X;KEY_ZR 8138;-31740 0;0
329 KEY_X;KEY_ZR 8138;-31740 0;0
330 KEY_X;KEY_ZR 8138;-31740 0;0
331 KEY_X;KEY_ZR 8138;-31740 0;0
332 KEY_X;KEY_ZR 8138;-31740 0;0
333 KEY_X;KEY_ZR 8138;-31740 0;0
334 KEY_X;KEY_ZR 8138;-31740 0;0
335 KEY_X;KEY_ZR 8138;-31740 0;0
336 KEY_X;KEY_ZR 8138;-31740 0;0
337 KEY_X;KEY_ZR 8138;-31740 0;0
338 KEY_X;KEY_ZR 8138;-31740 0;0
339 KEY_X;KEY_ZR 0;0 0;0
340 KEY_X;KEY_ZR 0;0 0;0
341 KEY_X;KEY_ZR 0;0 0;0
342 KEY_X;KEY_ZR 0;0 0;0
343 KEY_X;KEY_ZR 0;0 0;0
344 KEY_X;KEY_ZR 0;0 0;0
345 KEY_X;KEY_ZR 0;0 0;0
346 KEY_X;KEY_ZR 0;0 0;0
347 KEY_X;KEY_ZR 0;0 0;0
348 KEY_X;KEY_ZR 0;0 0;0
349 KEY_X;KEY_ZR 0;0 0;0
350 KEY_X;KEY_ZR 0;0 0;0
351 KEY_X;KEY_ZR 0;0 0;0
352 KEY_X;KEY_ZR 0;0 0;0
353 KEY_X;KEY_ZR 0;0 0;0
354 KEY_X;KEY_ZR 0;0 0;0
355 KEY_X;KEY_ZR 0;0 0;0
356 KEY_X;KEY_ZR 0;0 0;0
357 KEY_X;KEY_ZR 0;0 0;0
358 KEY_X;KEY_ZR 0;0 0;0
359 KEY_X;KEY_ZR 0;0 0;0
360 KEY_X;KEY_ZR 0;0 0;0
361 KEY_X;KEY_ZR 0;0 0;0
362 KEY_X;KEY_ZR 0;0 0;0
363 KEY_X;KEY_ZR 0;0 0;0
364 KEY_X;KEY_ZR 0;0 0;0
365 KEY_X;KEY_ZR 0;0 0;0
366 KEY_X;KEY_ZR 0;0 0;0
367 KEY_X;KEY_ZR 0;0 0;0
368 KEY_X;KEY_ZR 0;0 0;0
369 KEY_X;KEY_ZR 0;0 0;0
370 KEY_X;KEY_ZR 0;0 0;0
371 KEY_X;KEY_ZR 0;0 0;0
372 KEY_X;KEY_ZR 0;0 0;0
373 KEY_X;KEY_ZR 0;0 0;0
374 KEY_X;KEY_ZR 0;0 0;0
375 KEY_X;KEY_ZR 0;0 0;0
376 KEY_X;KEY_ZR 0;0 0;0
377 KEY_X;KEY_ZR 0;0 0;0
378 KEY_X;KEY_ZR 0;0 0;0
379 KEY_X;KEY_ZR 0;0 0;0
380 KEY_X;KEY_ZR 0;0 0;0
381 KEY_X;KEY_ZR 0;0 0;0
382 KEY_X;KEY_ZR 0;0 0;0
383 KEY_X;KEY_ZR 0;0 0;0
384 KEY_X;KEY_ZR 0;0 0;0
385 KEY_X;KEY_ZR 0;0 0;0
386 KEY_X;KEY_ZR 0;0 0;0
387 KEY_X;KEY_ZR 0;0 0;0
388 KEY_X;KEY_ZR 0;0 0;0
389 KEY_X;KEY_ZR 0;0 0;0
390 KEY_X;KEY_ZR 0;0 0;0
391 KEY_X;KEY_ZR 0;0 0;0
392 KEY_X;KEY_ZR 0;0 0;0
393 KEY_X;KEY_ZR 0;0 0;0
394 KEY_X;KEY_ZR 0;0 0;0
395 KEY_X;KEY_ZR 0;0 0;0
396 KEY_X;KEY_ZR 0;0 0;0
397 KEY_X;KEY_ZR 0;0 0;0
398 KEY_X;KEY_ZR 0;0 0;0
399 KEY_X;KEY_ZR 0;0 0;0
400 KEY_X;KEY_ZR 0;0 0;0
401 KEY_X;KEY_ZR 0;0 0;0
402 KEY_X;KEY_ZR 0;0 0;0
403 KEY_X;KEY_ZR 0;0 0;0
404 KEY_X;KEY_ZR 0;0 0;0
405 KEY_X;KEY_ZR 0;0 0;0
406 KEY_X;KEY_ZR 0;0 0;0
407 KEY_X;KEY_ZR 0;0 0;0
408 KEY_X;KEY_ZR 0;0 0;0
409 KEY_X;KEY_ZR 0;0 0;0
410 KEY_X;KEY_ZR 0;0 0;0
411 KEY_X;KEY_ZR 0;0 0;0
412 KEY_X;KEY_ZR 0;0 0;0
413 KEY_X;KEY_ZR 0;0 0;0
414 KEY_X;KEY_ZR 0;0 0;0
415 KEY_X;KEY_ZR 0;0 0;0
416 KEY_X;KEY_ZR 0;0 0;0
417 KEY_X;KEY_ZR 0;0 0;0
418 KEY_X;KEY_ZR 0;0 0;0
419 KEY_X;KEY_ZR 0;0 0;0
420 KEY_X;KEY_ZR 0;0 0;0
421 KEY_X;KEY_ZR 0;0 0;0
422 KEY_X;KEY_ZR 0;0 0;0
423 KEY_X;KEY_ZR 0;0 0;0
424 KEY_X;KEY_ZR 0;0 0;0
425 KEY_X;KEY_ZR 0;0 0;0
426 KEY_X;KEY_ZR 0;0 0;0
427 KEY_X;KEY_ZR 0;0 0;0
428 KEY_X;KEY_ZR 0;0 0;0
429 KEY_X;KEY_ZR 0;0 0;0
430 KEY_X;KEY_ZR 0;0 0;0
431 KEY_X;KEY_ZR 0;0 0;0
432 KEY_X;KEY_ZR 0;0 0;0
433 KEY_X;KEY_ZR 0;0 0;0
434 KEY_X;KEY_ZR 0;0 0;0
435 KEY_X;KEY_ZR 0;0 0;0
436 KEY_X;KEY_ZR 0;0 0;0
437 KEY_X;KEY_ZR 0;0 0;0
438 KEY_X;KEY_ZR 0;0 0;0
439 KEY_X;KEY_ZR 0;0 0;0
440 KEY_X;KEY_ZR 0;0 0;0
441 KEY_X;KEY_ZR 0;0 0;0
442 KEY_X;KEY_ZR 0;0 0;0
443 KEY_X;KEY_ZR 0;0 0;0
444 KEY_X;KEY_ZR 0;0 0;0
445 KEY_X;KEY_ZR 0;0 0;0
446 KEY_X;KEY_ZR 0;0 0;0
447 KEY_X;KEY_ZR 0;0 0;0
448 KEY_X;KEY_ZR 0;0 0;0
449 KEY_X;KEY_ZR 0;0 0;0
450 KEY_X;KEY_ZR 0;0 0;0
451 KEY_X;KEY_ZR 0;0 0;0
452 KEY_X;KEY_ZR 0;0 0;0
453 KEY_X;KEY_ZR 0;0 0;0
454 KEY_X;KEY_ZR 0;0 0;0
455 KEY_X;KEY_ZR 0;0 0;0
456 KEY_X;KEY_ZR 0;0 0;0
457 KEY_X;KEY_ZR 0;0 0;0
458 KEY_X;KEY_ZR 0;0 0;0
459 KEY_X;KEY_ZR 0;0 0;0
460 KEY_X;KEY_ZR 0;0 0;0
461 KEY_X;KEY_ZR 0;0 0;0
462 KEY_X;KEY_ZR 0;0 0;0
463 KEY_X;KEY_ZR 0;0 0;0
464 KEY_X;KEY_ZR 0;0 0;0
465 KEY_X;KEY_ZR 0;0 0;0
466 KEY_X;KEY_ZR 0;0 0;0
467 KEY_X;KEY_ZR 0;0 0;0
468 KEY_X;KEY_ZR 0;0 0;0
469 KEY_X;KEY_ZR 0;0 0;0
470 KEY_X;KEY_ZR 0;0 0;0
471 KEY_X;KEY_ZR 0;0 0;0
472 KEY_X;KEY_ZR 0;0 0;0
473 KEY_X;KEY_ZR 0;0 0;0
474 KEY_X;KEY_ZR 0;0 0;0
475 KEY_X;KEY_ZR 0;0 0;0
476 KEY_X;KEY_ZR 0;0 0;0
477 KEY_X;KEY_ZR 0;0 0;0
478 KEY_X;KEY_ZR 0;0 0;0
479 KEY_X;KEY_ZR 0;0 0;0
480 KEY_X;KEY_ZR 0;0 0;0
481 KEY_X;KEY_ZR 0;0 0;0
482 KEY_X;KEY_ZR 0;0 0;0
483 KEY_X;KEY_ZR 0;0 0;0
484 KEY_X;KEY_ZR 0;0 0;0
485 KEY_X;KEY_ZR 0;0 0;0
486 KEY_X;KEY_ZR 0;0 0;0
487 KEY_X;KEY_ZR 0;0 0;0
488 KEY_X;KEY_ZR 0;0 0;0
489 KEY_X;KEY_ZR 0;0 0;0
490 KEY_X;KEY_ZR 0;0 0;0
491 KEY_X;KEY_ZR 0;0 0;0
492 KEY_X;KEY_ZR 0;0 0;0
493 KEY_X;KEY_ZR 0;0 0;0
494 KEY_X;KEY_ZR 0;0 0;0
495 KEY_X;KEY_ZR 0;0 0;0
496 KEY_X;KEY_ZR 0;0 0;0
497 KEY_X;KEY_ZR 0;0 0;0
498 KEY_X;KEY_ZR 0;0 0;0
499 KEY_X;KEY_ZR 0;0 0;0
500 KEY_X;KEY_ZR 0;0 0;0
501 KEY_X;KEY_ZR 0;0 0;0
502 KEY_X;KEY_ZR 0;0 0;0
503 KEY_X;KEY_ZR 0;0 0;0
504 KEY_X;KEY_ZR 0;0 0;0
505 KEY_X;KEY_ZR 0;0 0;0
506 KEY_X;KEY_ZR 0;0 0;0
507 KEY_X;KEY_ZR 0;0 0;0
508 KEY_X;KEY_ZR 0;0 0;0
509 KEY_X;KEY_ZR 0;0 0;0
510 KEY_X;KEY_ZR 0;0 0;0
511 KEY_X;KEY_ZR 0;0 0;0
512 KEY_X;KEY_ZR 0;0 0;0
513 KEY_X;KEY_ZR 0;0 0;0
514 KEY_X;KEY_ZR 0;0 0;0
515 KEY_X;KEY_ZR 0;0 0;0
516 KEY_X;KEY_ZR 0;0 0;0
517 KEY_X;KEY_ZR 0;0 0;0
518 KEY_X;KEY_ZR 0;0 0;0
519 KEY_X;KEY_ZR 0;0 0;0
520 KEY_X;KEY_ZR 0;0 0;0
521 KEY_X;KEY_ZR 0;0 0;0
522 KEY_X;KEY_ZR 0;0 0;0
523 KEY_ZR 0;0 0;0
524 KEY_ZR 0;0 0;0
525 KEY_ZR 0;0 0;0
526 KEY_ZR 0;0 0;0
527 KEY_ZR 0;0 0;0
528 KEY_ZR 0;0 0;0
529 KEY_ZR 0;0 0;0
530 KEY_ZR 0;0 0;0
531 KEY_ZR 0;0 0;0
532 KEY_ZR 0;0 0;0
533 KEY_ZR 0;0 0;0
534 KEY_ZR 0;0 0;0
535 KEY_ZR 0;0 0;0
536 KEY_ZR 0;0 0;0
537 KEY_ZR 0;0 0;0
538 KEY_ZR 0;0 0;0
539 KEY_ZR 0;0 0;0
540 KEY_ZR 0;0 0;0
541 KEY_ZR 0;0 0;0
542 KEY_ZR 0;0 0;0
543 KEY_ZR 0;0 0;0
544 KEY_ZR 0;0 0;0
545 KEY_ZR 0;0 0;0
546 KEY_ZR 0;0 0;0
547 KEY_ZR 0;0 0;0
548 KEY_ZR 0;0 0;0
549 KEY_ZR 0;0 0;0
550 KEY_ZR 0;0 0;0
551 KEY_ZR 0;0 0;0
552 KEY_ZR 0;0 0;0
553 KEY_ZR 0;0 0;0
554 KEY_ZR 0;0 0;0
555 KEY_ZR 0;0 0;0
556 KEY_ZR 0;0 0;0
557 KEY_ZR 0;0 0;0
558 KEY_ZR 0;0 0;0
559 KEY_ZR 0;0 0;0
560 KEY_ZR 0;0 0;0
561 KEY_ZR 0;0 0;0
562 KEY_ZR 0;0 0;0
563 KEY_ZR 0;0 0;0
564 KEY_ZR 0;0 0;0
565 KEY_ZR 0;0 0;0
566 KEY_ZR 0;0 0;0
567 KEY_ZR 0;0 0;0
568 KEY_ZR 0;0 0;0
569 KEY_ZR 0;0 0;0
570 KEY_ZR 0;0 0;0
571 KEY_ZR 0;0 0;0
572 KEY_ZR 0;0 0;0
573 KEY_ZR 0;0 0;0
574 KEY_ZR 25146;21008 0;0
575 KEY_ZR 25146;21008 0;0
576 KEY_ZR 25146;21008 0;0
577 KEY_ZR 25146;21008 -31994;7072
578 KEY_ZR 25146;21008 -31994;7072
579 KEY_ZR 25146;21008 -31994;7072
580 KEY_ZR 25146;21008 -31994;7072
581 KEY_ZR 25146;21008 -31994;7072
582 KEY_ZR 25146;21008 -31994;7072
583 KEY_A;KEY_ZR 25146;21008 -31994;7072
590 KEY_DDOWN -31234;9903 0;0
591 NONE -31234;9903 0;0
592 NONE 32766;0 0;0
593 NONE -16383;28376 0;0
594 NONE -16383;-28376 0;0
595 NONE 32766;0 0;0
596 NONE -16383;28376 0;0
597 NONE -16383;-28376 0;0
598 NONE 32766;0 0;0
599 NONE -16383;28376 0;0
600 NONE -16383;-28376 0;0
601 NONE 32766;0 0;0
602 NONE -16383;28376 0;0
603 NONE -16383;-28376 0;0
604 NONE 32766;0 0;0
605 NONE -16383;28376 0;0
606 NONE -16383;-28376 0;0
607 NONE 32766;0 0;0
608 NONE -16383;28376 0;0
609 NONE -16383;-28376 0;0
610 NONE 32766;0 0;0
611 NONE -16383;28376 0;0
612 NONE -16383;-28376 0;0
613 NONE 32766;0 0;0
614 NONE -16383;28376 0;0
615 NONE -16383;-28376 0;0
616 NONE 32766;0 0;0
617 NONE -16383;28376 0;0
618 NONE -16383;-28376 0;0
619 NONE 32766;0 0;0
620 NONE -16383;28376 0;0
621 NONE -16383;-28376 0;0
622 KEY_A 15381;28929 0;0
623 KEY_ZR 15381;28929 0;0
624 KEY_ZR 15381;28929 0;0
625 KEY_ZR 15381;28929 0;0
626 KEY_ZR 15381;28929 0;0
627 KEY_ZR 15381;28929 0;0
628 KEY_ZR 15381;28929 0;0
629 KEY_ZR 15381;28929 0;0
630 KEY_Y;KEY_ZR 15381;28929 0;0
631 KEY_ZR 15381;28929 0;0
632 KEY_ZR;KEY_DDOWN 15381;28929 0;0
633 KEY_ZR 15381;28929 0;0
634 KEY_ZR 15381;28929 0;0
635 KEY_ZR 15381;28929 0;0
636 KEY_A;KEY_ZR 15381;28929 0;0
637 KEY_ZR 15381;28929 0;0
638 KEY_ZR 15381;28929 0;0
639 KEY_ZR 15381;28929 0;0
640 KEY_ZR 15381;28929 0;0
641 KEY_ZR 15381;28929 0;0
642 KEY_ZR 15381;28929 0;0
643 KEY_ZR 15381;28929 0;0
644 KEY_ZR 15381;28929 0;0
645 KEY_ZR 15381;28929 0;0
646 KEY_ZR 15381;28929 0;0
647 KEY_ZR 15381;28929 0;0
648 KEY_ZR 15381;28929 0;0
649 KEY_ZR 15381;28929 0;0
650 KEY_ZR 15381;28929 0;0
651 KEY_ZR 15381;28929 0;0
652 KEY_ZR 15381;28929 0;0
653 KEY_ZR 15381;28929 0;0
654 KEY_ZR 15381;28929 0;0
655 KEY_ZR 15381;28929 0;0
656 KEY_ZR 15381;28929 0;0
657 KEY_ZR 15381;28929 0;0
658 KEY_ZR 15381;28929 0;0
659 KEY_ZR 15381;28929 0;0
660 KEY_ZR 15381;28929 0;0
661 KEY_ZR 15381;28929 0;0
662 KEY_ZR 15381;28929 0;0
663 KEY_ZR 15381;28929 0;0
664 KEY_ZR 15381;28929 0;0
665 KEY_ZR 15381;28929 0;0
666 KEY_ZR 15381;28929 0;0
667 KEY_ZR 15381;28929 0;0
668 KEY_ZR 15381;28929 0;0
669 KEY_ZR 15381;28929 0;0
670 KEY_ZR 15381;28929 0;0
671 KEY_ZR 15381;28929 0;0
672 KEY_ZR 15381;28929 0;0
673 KEY_ZR 15381;28929 0;0
674 KEY_ZR 15381;28929 0;0
675 KEY_ZR 15381;28929 0;0
676 KEY_ZR 15381;28929 0;0
677 KEY_ZR 15381;28929 0;0
678 KEY_ZR 15381;28929 0;0
679 KEY_ZR 15381;28929 0;0
680 KEY_ZR 15381;28929 0;0
681 KEY_ZR 15381;28929 0;0
682 KEY_ZR 15381;28929 0;0
683 KEY_ZR 15381;28929 0;0
684 KEY_ZR 15381;28929 0;0
685 KEY_ZR 15381;28929 0;0
686 KEY_ZR 15381;28929 0;0
687 KEY_ZR 15381;28929 0;0
688 KEY_Y;KEY_ZR 15381;28929 0;0
689 KEY_ZR 15381;28929 0;0
690 KEY_ZR 15381;28929 0;0
691 KEY_ZR 15381;28929 0;0
692 KEY_ZR 15381;28929 0;0
693 KEY_ZR 15381;28929 0;0
694 KEY_ZR 15381;28929 0;0
695 KEY_ZR 15381;28929 0;0
696 KEY_ZR 15381;28929 0;0
697 KEY_ZR 15381;28929 0;0
698 KEY_ZR 15381;28929 0;0
699 KEY_ZR 15381;28929 0;0
700 KEY_ZR 15381;28929 0;0
701 KEY_ZR 15381;28929 0;0
702 KEY_ZR 15381;28929 0;0
703 KEY_ZR 15381;28929 0;0
704 KEY_ZR 15381;28929 0;0
705 KEY_ZR 15381;28929 0;0
706 KEY_ZR 15381;28929 0;0
707 KEY_ZR 15381;28929 0;0
708 KEY_ZR 15381;28929 0;0
709 KEY_ZR 15381;28929 0;0
710 KEY_ZR 15381;28929 0;0
711 KEY_ZR 15381;28929 0;0
712 KEY_ZR 15381;28929 0;0
713 KEY_ZR 15381;28929 0;0
714 KEY_ZR 15381;28929 0;0
715 KEY_B;KEY_DDOWN -32269;5689 0;0
716 NONE -32269;5689 0;0
717 NONE 32767;0 0;0
718 NONE -16383;28377 0;0
719 NONE -16383;-28377 0;0
720 NONE 32767;0 0;0
721 NONE -16383;28377 0;0
722 NONE -16383;-28377 0;0
723 NONE 32767;0 0;0
724 NONE -16383;28377 0;0
725 NONE -16383;-28377 0;0
726 NONE 32767;0 0;0
727 NONE -16383;28377 0;0
728 NONE -16383;-28377 0;0
729 NONE 32767;0 0;0
730 NONE -16383;28377 0;0
731 NONE -16383;-28377 0;0
732 NONE 32767;0 0;0
733 NONE -16383;28377 0;0
734 NONE -16383;-28377 0;0
735 NONE 32767;0 0;0
736 NONE -16383;28377 0;0
737 NONE -16383;-28377 0;0
738 NONE 32767;0 0;0
739 NONE -16383;28377 0;0
740 NONE -16383;-28377 0;0
741 NONE 32767;0 0;0
742 NONE -16383;28377 0;0
743 NONE -16383;-28377 0;0
744 NONE 32767;0 0;0
745 NONE -16383;28377 0;0
746 NONE -16383;-28377 0;0
747 NONE 32767;0 0;0
748 KEY_A 13050;-30055 0;0
749 KEY_ZR 13050;-30055 0;0
750 KEY_ZR 13050;-30055 0;0
751 KEY_ZR 13050;-30055 0;0
752 KEY_ZR 13050;-30055 0;0
753 KEY_ZR 13050;-30055 0;0
754 KEY_ZR 13050;-30055 0;0
755 KEY_ZR 13050;-30055 0;0
756 KEY_Y;KEY_ZR 13050;-30055 0;0
757 KEY_ZR;KEY_R;KEY_DDOWN 13050;-30055 0;0
758 KEY_ZR 0;0 0;0
759 KEY_ZR 0;0 0;0
760 KEY_ZR 0;0 0;0
761 KEY_ZR 0;0 0;0
762 KEY_ZR 0;0 0;0
763 KEY_ZR 0;0 0;0
764 KEY_ZR 0;0 0;0
765 KEY_ZR 0;0 0;0
766 KEY_ZR 0;0 0;0
767 KEY_ZR 0;0 0;0
768 KEY_ZR 0;0 0;0
769 KEY_ZR 0;0 0;0
770 KEY_ZR -419;32764 0;0
771 KEY_ZR -419;32764 0;0
772 KEY_ZR -419;32764 0;0
773 KEY_ZR -419;32764 0;0
774 KEY_ZR -419;32764 0;0
775 KEY_ZR -419;32764 0;0
776 KEY_ZR -419;32764 0;0
777 KEY_ZR -419;32764 0;0
778 KEY_ZR -419;32764 0;0
779 KEY_ZR -419;32764 0;0
780 KEY_ZR -419;32764 0;0
781 KEY_ZR -419;32764 0;0
782 KEY_ZR -419;32764 0;0
783 KEY_ZR -419;32764 0;0
784 KEY_ZR -419;32764 0;0
785 KEY_ZR -419;32764 0;0
786 KEY_ZR -419;32764 0;0
787 KEY_ZR -419;32764 0;0
788 KEY_ZR -419;32764 0;0
789 KEY_ZR -419;32764 0;0
790 KEY_ZR -419;32764 0;0
791 KEY_ZR -419;32764 0;0
792 KEY_ZR -419;32764 0;0
793 KEY_ZR -419;32764 0;0
794 KEY_ZR -419;32764 0;0
795 KEY_ZR -419;32764 0;0
796 KEY_ZR -419;32764 0;0
797 KEY_B;KEY_ZR;KEY_L -18794;26840 0;0
798 NONE -18794;26840 0;0
799 NONE 6252;32164 0;0
800 NONE 6252;32164 0;0
801 NONE 6252;32164 0;0
802 NONE 6252;32164 0;0
803 KEY_A 6252;32164 0;0
804 KEY_A 6252;32164 0;0
805 KEY_A 6252;32164 0;0
806 KEY_A 6252;32164 0;0
807 NONE 6252;32164 0;0
808 NONE 6252;32164 0;0
809 NONE 6252;32164 0;0
810 NONE 6252;32164 0;0
811 NONE 6252;32164 0;0
812 NONE 6252;32164 0;0
813 NONE 6252;32164 0;0
814 NONE 6252;32164 0;0
815 NONE 6252;32164 0;0
816 NONE 6252;32164 0;0
817 NONE 6252;32164 0;0
818 NONE 6252;32164 0;0
819 NONE 6252;32164 0;0
820 NONE 6252;32164 0;0
821 NONE 6252;32164 0;0
822 NONE 6252;32164 0;0
823 NONE 6252;32164 0;0
824 NONE 6252;32164 0;0
825 NONE 6252;32164 0;0
826 NONE 6252;32164 0;0
827 KEY_DDOWN -14342;29461 0;0
828 KEY_X -14342;29461 0;0
829 KEY_X 21679;-24570 0;0
830 KEY_X 21679;-24570 0;0
831 KEY_X 21679;-24570 0;0
832 KEY_X 21679;-24570 0;0
833 KEY_X -16083;-28548 0;0
834 KEY_X -21356;-24851 0;0
835 KEY_X -19169;-26574 0;0
836 KEY_X;KEY_ZR -19169;-26574 0;0
837 KEY_X;KEY_Y;KEY_ZR -19169;-26574 0;0
838 KEY_X;KEY_ZR 20226;-25779 32046;6835
839 KEY_X;KEY_ZR 20226;-25779 32046;6835
840 KEY_X;KEY_ZR 20226;-25779 32046;6835
841 KEY_X;KEY_ZR 20226;-25779 32046;6835
842 KEY_X;KEY_ZR 20226;-25779 32046;6835
843 KEY_X;KEY_ZR 20226;-25779 32046;6835
844 KEY_X;KEY_ZR 20226;-25779 32046;6835
845 KEY_X;KEY_ZR 20226;-25779 32046;6835
846 KEY_X;KEY_ZR 20226;-25779 32046;6835
847 KEY_X;KEY_ZR 20226;-25779 32046;6835
848 KEY_X;KEY_ZR 20226;-25779 32046;6835
849 KEY_X;KEY_ZR 20226;-25779 32046;6835
850 KEY_X;KEY_ZR 20226;-25779 32046;6835
851 KEY_X;KEY_ZR 20226;-25779 32046;6835
852 KEY_X;KEY_ZR 20226;-25779 32046;6835
853 KEY_X;KEY_ZR 20226;-25779 32046;6835
854 KEY_X;KEY_ZR 20226;-25779 32046;6835
855 KEY_X;KEY_ZR 20226;-25779 32046;6835
856 KEY_X;KEY_ZR 20226;-25779 32046;6835
857 KEY_X;KEY_ZR 20226;-25779 32046;6835
858 KEY_X;KEY_ZR 20226;-25779 32046;6835
859 KEY_X;KEY_ZR 20226;-25779 32046;6835
860 KEY_X;KEY_ZR 20226;-25779 32046;6835
861 KEY_X;KEY_ZR 20226;-25779 32046;6835
862 KEY_X;KEY_ZR 20226;-25779 32046;6835
863 KEY_X;KEY_ZR 20226;-25779 32046;6835
864 KEY_X;KEY_ZR 20226;-25779 32046;6835
865 KEY_X;KEY_ZR 20226;-25779 32046;6835
866 KEY_X;KEY_ZR 20226;-25779 32046;6835
867 KEY_X;KEY_ZR 20226;-25779 32046;6835
868 KEY_X;KEY_Y;KEY_ZR 20226;-25779 32046;6835
869 KEY_X;KEY_ZR 20226;-25779 32046;6835
870 KEY_X;KEY_ZR 0;0 32046;6835
871 KEY_X;KEY_ZR 0;0 32046;6835
872 KEY_X;KEY_ZR 0;0 32046;6835
873 KEY_X;KEY_ZR 0;0 32046;6835
874 KEY_X;KEY_ZR 0;0 32046;6835
875 KEY_X;KEY_ZR 0;0 32046;6835
876 KEY_X;KEY_ZR 0;0 32046;6835
877 KEY_X;KEY_ZR 0;0 32046;6835
878 KEY_X;KEY_ZR 0;0 32046;6835
879 KEY_X;KEY_ZR 0;0 32046;6835
880 KEY_X;KEY_ZR 0;0 32046;6835
881 KEY_X;KEY_ZR 0;0 32046;6835
882 KEY_X;KEY_ZR 0;0 32046;6835
883 KEY_X;KEY_ZR 0;0 32046;6835
884 KEY_X;KEY_ZR 0;0 32046;6835
885 KEY_X;KEY_ZR 0;0 32046;6835
886 KEY_X;KEY_ZR 0;0 32046;6835
887 KEY_X;KEY_ZR 0;0 32046;6835
888 KEY_X;KEY_ZR 0;0 32046;6835
889 KEY_X;KEY_ZR 0;0 32046;6835
890 KEY_X;KEY_ZR -20427;25620 32046;6835
891 KEY_X;KEY_ZR -20427;25620 32046;6835
892 KEY_X;KEY_ZR -20427;25620 32046;6835
893 KEY_X;KEY_ZR -20427;25620 32046;6835
894 KEY_X;KEY_ZR -20427;25620 32046;6835
895 KEY_X;KEY_ZR -20427;25620 32046;6835
896 KEY_X;KEY_ZR -20427;25620 0;0
897 KEY_X -20427;25620 0;0
898 KEY_X -20427;25620 0;0
899 KEY_X -20427;25620 0;0
900 KEY_X;KEY_R -21867;-24402 0;0
901 KEY_X -21867;-24402 0;0
902 KEY_X;KEY_R -21867;-24402 0;0
903 KEY_X -21867;-24402 0;0
904 KEY_X;KEY_R -21867;-24402 0;0
905 KEY_X -21867;-24402 0;0
906 KEY_X;KEY_R -21867;-24402 0;0
907 KEY_X -21867;-24402 0;0
908 KEY_X;KEY_R -21867;-24402 0;0
909 KEY_X -21867;-24402 0;0
910 KEY_X;KEY_R -21867;-24402 0;0
911 KEY_X -21867;-24402 0;0
912 KEY_X;KEY_R -21867;-24402 0;0
913 KEY_X -21867;-24402 0;0
914 KEY_X;KEY_R -21867;-24402 0;0
915 KEY_X -14985;29139 0;0
916 KEY_X;KEY_R -14985;29139 0;0
917 KEY_X -14985;29139 0;0
918 KEY_X;KEY_R -14985;29139 0;0
919 KEY_X -14985;29139 0;0
920 KEY_X;KEY_R -14985;29139 0;0
921 KEY_X -14985;29139 0;0
922 KEY_X -14985;29139 0;0
923 KEY_X -7926;31793 0;0
924 KEY_X -7926;31793 0;0
925 KEY_X -7926;31793 0;0
926 KEY_X -7926;31793 0;0
927 KEY_X -7926;31793 0;0
928 KEY_X -7926;31793 0;0
929 KEY_X -7926;31793 0;0
930 KEY_X -7926;31793 0;0
931 KEY_X -7926;31793 0;0
932 KEY_X -7926;31793 0;0
933 KEY_X -7926;31793 0;0
934 KEY_X -7926;31793 0;0
935 KEY_X -7926;31793 0;0
936 KEY_X -7926;31793 0;0
937 KEY_X -7926;31793 0;0
938 KEY_X -7926;31793 0;0
939 KEY_X -7926;31793 0;0
940 KEY_A;KEY_X -24729;21496 0;0
941 KEY_A;KEY_X -24729;21496 0;0
942 KEY_A;KEY_X -24729;21496 0;0
943 KEY_A;KEY_X -24729;21496 0;0
944 KEY_A;KEY_X -24729;21496 0;0
945 KEY_A;KEY_X -24729;21496 0;0
946 KEY_A;KEY_X -24729;21496 0;0
947 KEY_A;KEY_X -24729;21496 0;0
948 KEY_A;KEY_X -24729;21496 0;0
949 KEY_A;KEY_X -24729;21496 0;0
950 KEY_A;KEY_X -24729;21496 0;0
951 KEY_A;KEY_X -24729;21496 0;0
952 KEY_A;KEY_X -24729;21496 0;0
953 KEY_A;KEY_X -24729;21496 0;0
954 KEY_A;KEY_X -24729;21496 0;0
955 KEY_A;KEY_X -24729;21496 0;0
956 KEY_A;KEY_X -24729;21496 0;0
957 KEY_A;KEY_X -24729;21496 0;0
958 KEY_A;KEY_X -24729;21496 0;0
959 KEY_A;KEY_X -24729;21496 0;0
960 KEY_A;KEY_X -24729;21496 0;0
961 KEY_A;KEY_X -24729;21496 0;0
962 KEY_A;KEY_X -24729;21496 0;0
963 KEY_A;KEY_X -24729;21496 0;0
964 KEY_X -24729;21496 0;0
965 KEY_X -24729;21496 0;0
966 KEY_X -24729;21496 0;0
967 KEY_X -24729;21496 0;0
968 KEY_X -24729;21496 0;0
969 KEY_X -24729;21496 0;0
970 KEY_X -24729;21496 0;0
971 KEY_X -24729;21496 0;0
972 KEY_X 32766;0 0;0
973 KEY_X -16383;28376 0;0
974 KEY_X -16383;-28376 0;0
975 KEY_X 32766;0 0;0
976 KEY_X;KEY_DDOWN -16383;28376 0;0
977 KEY_X -16383;-28376 0;0
978 KEY_X 32766;0 0;0
979 KEY_X -16383;28376 0;0
980 KEY_X -16383;-28376 0;0
981 KEY_X 32766;0 0;0
982 KEY_X -16383;28376 0;0
983 KEY_X -16383;-28376 0;0
984 KEY_X 32766;0 0;0
985 KEY_X -16383;28376 0;0
986 KEY_X -16383;-28376 0;0
987 KEY_X 32766;0 0;0
988 KEY_A -10247;-31123 0;0
989 KEY_ZR -15217;-29019 0;0
990 KEY_ZR -15217;-29019 0;0
991 KEY_ZR -15217;-29019 0;0
992 KEY_ZR -15217;-29019 0;0
993 KEY_ZR -15217;-29019 0;0
994 NONE -15217;-29019 0;0
995 NONE -15217;-29019 0;0
996 NONE -15217;-29019 0;0
997 NONE -15217;-29019 0;0
998 NONE -15217;-29019 0;0
999 NONE -15217;-29019 0;0
1000 NONE -15217;-29019 0;0
1001 NONE -15217;-29019 0;0
1002 NONE -15217;-29019 0;0
1003 NONE -15217;-29019 0;0
1004 NONE -15217;-29019 0;0
1005 NONE -15217;-29019 0;0
1006 NONE -15217;-29019 0;0
1007 NONE -15217;-29019 0;0
1008 NONE -15217;-29019 0;0
1009 NONE -15217;-29019 0;0
1010 NONE -15217;-29019 0;0
1011 NONE -15217;-29019 0;0
1012 NONE -15217;-29019 0;0
1013 NONE -15217;-29019 0;0
1014 NONE -15217;-29019 0;0
1015 NONE -15217;-29019 0;0
1016 NONE -15217;-29019 0;0
1017 NONE -15217;-29019 0;0
1018 NONE -15217;-29019 0;0
1019 NONE -15217;-29019 0;0
1020 NONE -15217;-29019 0;0
1021 NONE -15217;-29019 0;0
1022 NONE -15217;-29019 0;0
1023 NONE -15217;-29019 0;0
1024 NONE -15217;-29019 0;0
1025 NONE -15217;-29019 0;0
1026 NONE -15217;-29019 0;0
1027 NONE -15217;-29019 0;0
1028 NONE -15217;-29019 0;0
1029 NONE -15217;-29019 0;0
1030 NONE -15217;-29019 0;0
1031 NONE -15217;-29019 0;0
1032 NONE -15217;-29019 0;0
1033 NONE -15217;-29019 0;0
1034 NONE -15217;-29019 0;0
1035 NONE 1487;32733 0;0
1036 NONE 1487;32733 0;0
1037 NONE 1487;32733 0;0
1038 NONE 1487;32733 0;0
1039 NONE 1487;32733 0;0
1040 NONE 1487;32733 0;0
1041 NONE 1487;32733 0;0
1042 NONE 1487;32733 0;0
1043 NONE 1487;32733 0;0
1044 NONE 1487;32733 0;0
1045 NONE 1487;32733 0;0
1046 NONE 1487;32733 0;0
1047 NONE 1487;32733 0;0
1048 NONE 1487;32733 0;0
1049 NONE 1487;32733 0;0
1050 NONE 1487;32733 0;0
1051 NONE 1487;32733 0;0
1052 NONE 1487;32733 0;0
1053 NONE 1487;32733 0;0
1054 NONE 1487;32733 0;0
1055 NONE 1487;32733 0;0
1056 NONE 1487;32733 0;0
1057 NONE 1487;32733 0;0
1058 NONE 1487;32733 0;0
1059 NONE 1487;32733 0;0
1060 NONE 1487;32733 0;0
1061 NONE 1487;32733 0;0
1062 NONE 1487;32733 0;0
1063 NONE 1487;32733 0;0
1064 NONE 1487;32733 0;0
1065 NONE 1487;32733 0;0
1066 NONE 1487;32733 0;0
1067 NONE 1487;32733 0;0
1068 NONE 1487;32733 0;0
1069 NONE 1487;32733 0;0
1070 NONE 1487;32733 0;0
1071 NONE 1487;32733 0;0
1072 NONE 1487;32733 0;0
1073 NONE 1487;32733 0;0
1074 NONE 1487;32733 0;0
1075 NONE 1487;32733 0;0
1076 NONE 1487;32733 0;0
1077 NONE 1487;32733 0;0
1078 NONE 1487;32733 0;0
1079 NONE 1487;32733 0;0
1080 NONE 1487;32733 0;0
1081 NONE 1487;32733 0;0
1082 NONE 1487;32733 0;0
1083 NONE 1487;32733 0;0
1084 NONE 1487;32733 0;0
1085 NONE 1487;32733 0;0
1086 NONE 1487;32733 0;0
1087 NONE 1487;32733 0;0
1088 NONE 1487;32733 0;0
1089 NONE 1487;32733 0;0
1090 NONE 1487;32733 0;0
1091 NONE 1487;32733 0;0
1092 NONE 1487;32733 0;0
1093 NONE 1487;32733 0;0
1094 NONE 1487;32733 0;0
1095 NONE 1487;32733 0;0
1096 NONE 1487;32733 0;0
1097 NONE 1487;32733 0;0
1098 NONE 1487;32733 0;0
1099 NONE 1487;32733 0;0
1100 NONE 1487;32733 0;0
1101 NONE 1487;32733 0;0
1102 NONE 1487;32733 0;0
1103 NONE 1487;32733 0;0
1104 NONE 1487;32733 0;0
1105 NONE 1487;32733 0;0
1106 NONE 1487;32733 0;0
1107 NONE 1487;32733 0;0
1108 NONE 1487;32733 0;0
1109 NONE 1487;32733 0;0
1110 NONE 1487;32733 0;0
1111 NONE 1487;32733 0;0
1112 NONE 1487;32733 0;0
1113 NONE 1487;32733 0;0
1114 NONE 1487;32733 0;0
1115 NONE 1487;32733 0;0
1116 NONE 1487;32733 0;0
1117 NONE 1487;32733 0;0
1118 NONE 1487;32733 0;0
1119 NONE 1487;32733 0;0
1120 NONE 1487;32733 0;0
1121 NONE 1487;32733 0;0
1122 NONE 1487;32733 0;0
1123 NONE 1487;32733 0;0
1124 NONE 1487;32733 0;0
1125 NONE 1487;32733 0;0
1126 NONE 1487;32733 0;0
1127 NONE 1487;32733 0;0
1128 NONE 1487;32733 0;0
1129 NONE 1487;32733 0;0
1130 NONE 1487;32733 0;0
1131 NONE 1487;32733 0;0
1132 NONE 1487;32733 0;0
1133 NONE 1487;32733 0;0
1134 NONE 1487;32733 0;0
1135 NONE 1487;32733 0;0
1136 NONE 1487;32733 0;0
1137 NONE 1487;32733 0;0
1138 NONE 1487;32733 0;0
1139 NONE 1487;32733 0;0
1140 NONE 1487;32733 0;0
1141 NONE 1487;32733 0;0
1142 NONE 1487;32733 0;0
1143 NONE 1487;32733 0;0
1144 NONE 1487;32733 0;0
1145 NONE 1487;32733 0;0
1146 NONE 1487;32733 0;0
1147 NONE 1487;32733 0;0
1148 NONE 1487;32733 0;0
1149 NONE 1487;32733 0;0
1150 NONE 1487;32733 0;0
1151 NONE 1487;32733 0;0
1152 NONE 1487;32733 0;0
1153 NONE 1487;32733 0;0
1154 NONE 1487;32733 0;0
1155 NONE 1487;32733 0;0
1156 NONE 1487;32733 0;0
1157 NONE 1487;32733 0;0
1158 NONE 1487;32733 0;0
1159 NONE 1487;32733 0;0
1160 NONE 1487;32733 0;0
1161 NONE 1487;32733 0;0
1162 NONE 1487;32733 0;0
1163 NONE 1487;32733 0;0
1164 NONE 1487;32733 0;0
1165 NONE 1487;32733 0;0
1166 NONE 1487;32733 0;0
1167 NONE 1487;32733 0;0
1168 NONE 1487;32733 0;0
1169 NONE 1487;32733 0;0
1170 NONE 1487;32733 0;0
1171 NONE 1487;32733 0;0
1172 NONE 1487;32733 0;0
1173 NONE 1487;32733 0;0
1174 NONE 1487;32733 0;0
1175 NONE 1487;32733 0;0
1176 NONE 1487;32733 0;0
1177 NONE 1487;32733 0;0
1178 NONE 1487;32733 0;0
1179 NONE 1487;32733 0;0
1180 NONE 1487;32733 0;0
1181 NONE 1487;32733 0;0
1182 NONE 1487;32733 0;0
1183 NONE 1487;32733 0;0
1184 NONE 1487;32733 0;0
1185 NONE 1487;32733 0;0
1186 NONE 1487;32733 0;0
1187 NONE 1487;32733 0;0
1188 NONE 1487;32733 0;0
1189 NONE 1487;32733 0;0
1190 NONE 1487;32733 0;0
1191 NONE 1487;32733 0;0
1192 NONE 1487;32733 0;0
1193 NONE 1487;32733 0;0
1194 NONE 1487;32733 0;0
1195 NONE 1487;32733 0;0
1196 NONE 1487;32733 0;0
1197 NONE 1487;32733 0;0
1198 NONE 1487;32733 0;0
1199 NONE 1487;32733 0;0
1200 NONE 1487;32733 0;0
1201 NONE 1487;32733 0;0
1202 NONE 1487;32733 0;0
1203 NONE 1487;32733 0;0
1204 NONE 1487;32733 0;0
1205 NONE 1487;32733 0;0
1206 NONE 1487;32733 0;0
1207 NONE 1487;32733 0;0
1208 NONE 1487;32733 0;0
1209 NONE 1487;32733 0;0
1210 NONE 1487;32733 0;0
1211 NONE 1487;32733 0;0
1212 NONE 1487;32733 0;0
1213 NONE 1487;32733 0;0
1214 NONE 1487;32733 0;0
1215 NONE 1487;32733 0;0
1216 NONE 1487;32733 0;0
1217 NONE 1487;32733 0;0
1218 NONE 1487;32733 0;0
1219 NONE 1487;32733 0;0
1220 NONE 1487;32733 0;0
1221 NONE 1487;32733 0;0
1222 NONE 1487;32733 0;0
1223 NONE 1487;32733 0;0
1224 NONE 1487;32733 0;0
1225 NONE 1487;32733 0;0
1226 NONE 1487;32733 0;0
1227 NONE 1487;32733 0;0
1228 NONE 1487;32733 0;0
1229 NONE 1487;32733 0;0
1230 NONE 1487;32733 0;0
1231 NONE 1487;32733 0;0
1232 NONE 1487;32733 0;0
1233 NONE 1487;32733 0;0
1234 NONE 1487;32733 0;0
1235 NONE 1487;32733 0;0
1236 NONE 1487;32733 0;0
1237 NONE 1487;32733 0;0
1238 NONE 1487;32733 0;0
1239 NONE 1487;32733 0;0
1240 NONE 1487;32733 0;0
1241 NONE 1487;32733 0;0
1242 NONE 1487;32733 0;0
1243 NONE 1487;32733 0;0
1244 NONE 1487;32733 0;0
1245 NONE 1487;32733 0;0
1246 NONE 1487;32733 0;0
1247 NONE 1487;32733 0;0
1248 NONE 1487;32733 0;0
1249 NONE 1487;32733 0;0
1250 NONE 1487;32733 0;0
1251 NONE 1487;32733 0;0
1252 NONE 1487;32733 0;0
1253 NONE 1487;32733 0;0
1254 NONE 1487;32733 0;0
1255 NONE 1487;32733 0;0
1256 NONE 1487;32733 0;0
1257 NONE 1487;32733 0;0
1258 NONE 1487;32733 0;0
1259 NONE 1487;32733 0;0
1260 NONE 1487;32733 0;0
1261 NONE 1487;32733 0;0
1262 NONE 1487;32733 0;0
1263 NONE 375;32764 0;0
1264 NONE 375;32764 0;0
1265 NONE 375;32764 0;0
1266 NONE 375;32764 0;0
1267 NONE 375;32764 0;0
1268 NONE 375;32764 0;0
1269 NONE 375;32764 0;0
1270 NONE 375;32764 0;0
1271 NONE 375;32764 0;0
1272 NONE 375;32764 0;0
1273 NONE 375;32764 0;0
1274 NONE 375;32764 0;0
1275 NONE 375;32764 0;0
1276 KEY_ZR 375;32764 0;0
1277 KEY_Y;KEY_ZR 375;32764 0;0
1278 KEY_ZR 375;32764 0;0
1279 KEY_ZR 0;32767 0;0
1280 KEY_ZR 0;32767 0;0
1281 KEY_ZR 0;32767 0;0
1282 KEY_ZR 0;32767 0;0
1283 KEY_ZR 0;32767 0;0
1284 KEY_ZR 0;32767 0;0
1285 KEY_ZR 0;32767 0;0
1286 KEY_ZR 0;32767 0;0
1287 KEY_ZR 0;32767 0;0
1288 KEY_ZR 0;32767 0;0
1289 KEY_ZR 0;32767 0;0
1290 KEY_ZR 0;32767 0;0
1291 KEY_ZR 0;32767 0;0
1292 KEY_ZR 0;32767 0;0
1293 KEY_ZR 0;32767 0;0
1294 KEY_ZR 0;32767 0;0
1295 KEY_ZR 0;32767 0;0
1296 KEY_ZR 0;32767 0;0
1297 KEY_ZR 0;32767 0;0
1298 KEY_ZR 0;32767 0;0
1299 KEY_ZR 0;32767 0;0
1300 KEY_Y;KEY_ZR 0;32767 0;0
1301 KEY_ZR 0;32767 0;0
1302 KEY_Y;KEY_ZR 0;32767 0;0
1303 KEY_ZR 0;32767 0;0
1304 KEY_Y;KEY_ZR 0;32767 0;0
1305 KEY_ZR 0;32767 0;0
1306 KEY_Y;KEY_ZR 0;32767 0;0
1307 KEY_ZR 0;32767 0;0
1308 KEY_Y;KEY_ZR 0;32767 0;0
1309 KEY_ZR 0;32767 0;0
1310 KEY_Y;KEY_ZR 0;32767 0;0
1311 KEY_ZR 0;32767 0;0
1312 KEY_Y;KEY_ZR 0;32767 0;0
1313 KEY_ZR 0;32767 0;0
1314 KEY_Y;KEY_ZR 0;32767 0;0
1315 KEY_ZR 0;32767 0;0
1316 KEY_Y;KEY_ZR 0;32767 0;0
1317 KEY_ZR 0;32767 0;0
1318 KEY_Y;KEY_ZR 0;32767 0;0
1319 KEY_ZR 0;32767 0;0
1320 KEY_Y;KEY_ZR 0;32767 0;0
1321 KEY_ZR 0;32767 0;0
1322 KEY_ZR 0;32767 0;0
1323 KEY_ZR 0;32767 0;0
1324 KEY_ZR 0;32767 0;0
1325 KEY_B;KEY_L -32765;-286 0;0
1326 NONE -32765;-286 0;0
1327 NONE -32663;2597 0;0
1328 KEY_DDOWN -32663;2597 0;0
1329 NONE -32663;2597 0;0
1330 KEY_A;KEY_DDOWN -32663;2597 0;0
1331 KEY_A -32663;2597 0;0
1332 KEY_A;KEY_DDOWN -32663;2597 0;0
1333 KEY_A -32663;2597 0;0
1334 KEY_A;KEY_DDOWN -32663;2597 0;0
1335 KEY_A -32663;2597 0;0
1336 KEY_A;KEY_DDOWN -32663;2597 0;0
1337 KEY_A -32663;2597 0;0
1338 NONE -32663;2597 0;0
1339 NONE 32766;0 0;0
1340 NONE -16382;28376 0;0
1341 NONE -16382;-28375 0;0
1342 NONE 32766;0 0;0
1343 NONE -16382;28376 0;0
1344 NONE -16382;-28375 0;0
1345 NONE 32766;0 0;0
1346 NONE -16382;28376 0;0
1347 NONE -16382;-28375 0;0
1348 NONE 32766;0 0;0
1349 NONE -16382;28376 0;0
1350 NONE -16382;-28375 0;0
1351 NONE 32766;0 0;0
1352 NONE -16382;28376 0;0
1353 NONE -16382;-28375 0;0
1354 NONE 32766;0 0;0
1355 NONE -16382;28376 0;0
1356 NONE -16382;-28375 0;0
1357 NONE 32766;0 0;0
1358 NONE -16382;28376 0;0
1359 NONE -16382;-28375 0;0
1360 NONE 32766;0 0;0
1361 NONE -16382;28376 0;0
1362 NONE -16382;-28375 0;0
1363 NONE 32766;0 0;0
1364 NONE -16382;28376 0;0
1365 NONE -16382;-28375 0;0
1366 NONE 32766;0 0;0
1367 NONE -16382;28376 0;0
1368 NONE -16382;-28375 0;0
1369 NONE 32766;0 0;0
1370 NONE -16382;28376 0;0
1371 NONE -16382;-28375 0;0
1372 NONE 32766;0 0;0
1373 NONE -16382;28376 0;0
1374 NONE -16382;-28375 0;0
1375 NONE 32766;0 0;0
1376 NONE -16382;28376 0;0
1377 NONE -16382;-28375 0;0
1378 NONE 32766;0 0;0
1379 NONE -16382;28376 0;0
1380 NONE -16382;-28375 0;0
1381 NONE 32766;0 0;0
1382 NONE -16382;28376 0;0
1383 NONE -16382;-28375 0;0
1384 NONE 32766;0 0;0
1385 NONE -16382;28376 0;0
1386 NONE -16382;-28375 0;0
1387 NONE 32766;0 0;0
1388 NONE -16382;28376 0;0
1389 NONE -16382;-28375 0;0
1390 NONE 32766;0 0;0
1391 NONE -16382;28376 0;0
1392 NONE -16382;-28375 0;0
1393 NONE 32766;0 0;0
1394 NONE -16382;28376 0;0
1395 NONE -16382;-28375 0;0
1396 NONE 32766;0 0;0
1397 NONE -16382;28376 0;0
1398 NONE -16382;-28375 0;0
1399 NONE 32766;0 0;0
1400 NONE -16382;28376 0;0
1401 NONE -16382;-28375 0;0
1402 NONE 32766;0 0;0
1403 NONE -16382;28376 0;0
1404 NONE -16382;-28375 0;0
1405 NONE 32766;0 0;0
1406 NONE -16382;28376 0;0
1407 NONE -16382;-28375 0;0
1408 NONE 32766;0 0;0
1409 NONE -16382;28376 0;0
1410 NONE -16382;-28375 0;0
1411 NONE 32766;0 0;0
1412 NONE -16382;28376 0;0
1413 NONE -16382;-28375 0;0
1414 NONE 32766;0 0;0
1415 NONE -16382;28376 0;0
1416 NONE -16382;-28375 0;0
1417 NONE 32766;0 0;0
1418 NONE -16382;28376 0;0
1419 NONE -16382;-28375 0;0
1420 NONE 32766;0 0;0
1421 NONE -16382;28376 0;0
1422 NONE -16382;-28375 0;0
1423 NONE 32766;0 0;0
1424 NONE -16382;28376 0;0
1425 NONE -16382;-28375 0;0
1426 NONE 32766;0 0;0
1427 NONE -16382;28376 0;0
1428 NONE -16382;-28375 0;0
1429 NONE 32766;0 0;0
1430 NONE -16382;28376 0;0
1431 NONE -16382;-28375 0;0
1432 NONE 32766;0 0;0
1433 NONE -16382;28376 0;0
1434 NONE -16382;-28375 0;0
1435 NONE 32766;0 0;0
1436 NONE -16382;28376 0;0
1437 NONE -16382;-28375 0;0
1438 NONE 32766;0 0;0
1439 NONE -16382;28376 0;0
1440 NONE -16382;-28375 0;0
1441 NONE 32766;0 0;0
1442 NONE -16382;28376 0;0
1443 NONE -16382;-28375 0;0
1444 NONE 32766;0 0;0
1445 NONE -16382;28376 0;0
1446 NONE -16382;-28375 0;0
1447 NONE 32766;0 0;0
1448 NONE -16382;28376 0;0
1449 NONE -16382;-28375 0;0
1450 NONE 32766;0 0;0
1451 NONE -16382;28376 0;0
1452 NONE -16382;-28375 0;0
1453 NONE 32766;0 0;0
1454 NONE -16382;28376 0;0
1455 NONE -16382;-28375 0;0
1456 NONE 32766;0 0;0
1457 NONE -16382;28376 0;0
1458 NONE -16382;-28375 0;0
1459 NONE 32766;0 0;0
1460 NONE -16382;28376 0;0
1461 NONE -16382;-28375 0;0
1462 NONE 32766;0 0;0
1463 NONE -16382;28376 0;0
1464 NONE -16382;-28375 0;0
1465 NONE 32766;0 0;0
1466 NONE -16382;28376 0;0
1467 NONE -16382;-28375 0;0
1468 NONE 32766;0 0;0
1469 NONE -16382;28376 0;0
1470 NONE -16382;-28375 0;0
1471 NONE 32766;0 0;0
1472 NONE -16382;28376 0;0
1473 NONE -16382;-28375 0;0
1474 NONE 32766;0 0;0
1475 NONE -16382;28376 0;0
1476 NONE -16382;-28375 0;0
1477 NONE 32766;0 0;0
1478 NONE -16382;28376 0;0
1479 NONE -16382;-28375 0;0
1480 NONE 32766;0 0;0
1481 NONE -16382;28376 0;0
1482 NONE -16382;-28375 0;0
1483 NONE 32766;0 0;0
1484 NONE -16382;28376 0;0
1485 NONE -16382;-28375 0;0
1486 NONE 32766;0 0;0
1487 NONE -16382;28376 0;0
1488 NONE -16382;-28375 0;0
1489 NONE 32766;0 0;0
1490 NONE -16382;28376 0;0
1491 NONE -16382;-28375 0;0
1492 NONE 32766;0 0;0
1493 NONE -16382;28376 0;0
1494 NONE -16382;-28375 0;0
1495 NONE 32766;0 0;0
1496 NONE -16382;28376 0;0
1497 NONE -16382;-28375 0;0
1498 NONE 32766;0 0;0
1499 NONE -16382;28376 0;0
1500 NONE -16382;-28375 0;0
1501 NONE 32766;0 0;0
1502 NONE -16382;28376 0;0
1503 NONE -16382;-28375 0;0
1504 NONE 32766;0 0;0
1505 NONE -16382;28376 0;0
1506 NONE -16382;-28375 0;0
1507 NONE 32766;0 0;0
1508 NONE -16382;28376 0;0
1509 NONE -16382;-28375 0;0
1510 NONE 32766;0 0;0
1511 NONE -16382;28376 0;0
1512 NONE -16382;-28375 0;0
1513 NONE 32766;0 0;0
1514 NONE -16382;28376 0;0
1515 NONE -16382;-28375 0;0
1516 NONE 32766;0 0;0
1517 NONE -16382;28376 0;0
1518 NONE -16382;-28375 0;0
1519 NONE 32766;0 0;0
1520 NONE -16382;28376 0;0
1521 NONE -16382;-28375 0;0
1522 NONE 32766;0 0;0
1523 NONE -16382;28376 0;0
1524 NONE -16382;-28375 0;0
1525 NONE 32766;0 0;0
1526 NONE -16382;28376 0;0
1527 NONE -16382;-28375 0;0
1528 NONE 32766;0 0;0
1529 NONE -16382;28376 0;0
1530 NONE -16382;-28375 0;0
1531 NONE 32766;0 0;0
1532 NONE -16382;28376 0;0
1533 NONE -16382;-28375 0;0
1534 NONE 32766;0 0;0
1535 NONE -16382;28376 0;0
1536 NONE -16382;-28375 0;0
1537 NONE 32766;0 0;0
1538 NONE -16382;28376 0;0
1539 NONE -16382;-28375 0;0
1540 NONE 32766;0 0;0
1541 NONE -16382;28376 0;0
1542 NONE -16382;-28375 0;0
1543 NONE 32766;0 0;0
1544 NONE -12767;30177 0;0
1545 NONE -12767;30177 0;0
1546 NONE -12767;30177 0;0
1547 NONE -12767;30177 0;0
1548 NONE -12767;30177 0;0
1549 NONE -12767;30177 0;0
1550 NONE -12767;30177 0;0
1551 NONE -12767;30177 0;0
1552 NONE -12767;30177 0;0
1553 KEY_DDOWN -12767;30177 0;0
1554 KEY_A -12767;30177 0;0
1555 KEY_ZR;KEY_DDOWN -12767;30177 0;0
1556 KEY_ZR -12767;30177 0;0
1557 KEY_ZR;KEY_DDOWN -12767;30177 0;0
1558 KEY_ZR -12767;30177 0;0
1559 KEY_ZR;KEY_DDOWN -12767;30177 0;0
1560 KEY_ZR -12767;30177 0;0
1561 KEY_ZR;KEY_DDOWN -12767;30177 0;0
1562 KEY_Y;KEY_ZR -12767;30177 0;0
1563 KEY_ZR;KEY_DDOWN -12767;30177 0;0
1564 KEY_ZR -12767;30177 0;0
1565 KEY_ZR;KEY_DDOWN -12767;30177 0;0
1566 KEY_ZR -12767;30177 0;0
1567 KEY_ZR;KEY_DDOWN -12767;30177 0;0
1568 KEY_ZR -12767;30177 0;0
1569 KEY_ZR;KEY_DDOWN -12767;30177 0;0
1570 KEY_ZR -12767;30177 0;0
1571 KEY_ZR -12767;30177 0;0
1572 KEY_ZR -12767;30177 0;0
1573 KEY_ZR -12767;30177 0;0
1574 KEY_ZR -12767;30177 0;0
1575 KEY_ZR -12767;30177 0;0
1576 KEY_ZR -12767;30177 0;0
1577 KEY_ZR -12767;30177 0;0
1578 KEY_ZR -12767;30177 0;0
1579 KEY_ZR -12767;30177 0;0
1580 KEY_ZR -12767;30177 0;0
1581 KEY_ZR -12767;30177 0;0
1582 KEY_ZR -12767;30177 0;0
1583 KEY_ZR -12767;30177 0;0
1584 KEY_ZR -12767;30177 0;0
1585 KEY_B;KEY_L -32756;-828 0;0
1586 NONE -32756;-828 0;0
1587 NONE -2855;32642 0;0
1588 NONE -2855;32642 0;0
1589 KEY_A -2855;32642 0;0
1590 KEY_A -2855;32642 0;0
1591 KEY_A -2855;32642 0;0
1592 KEY_A -2855;32642 0;0
1593 KEY_A -2855;32642 0;0
1594 KEY_A -2855;32642 0;0
1595 KEY_A -2855;32642 0;0
1596 KEY_A -2855;32642 0;0
1597 NONE 32766;0 0;0
1598 NONE -16383;28376 0;0
1599 NONE -16383;-28376 0;0
1600 NONE 32766;0 0;0
1601 NONE -16383;28376 0;0
1602 NONE -16383;-28376 0;0
1603 NONE 32766;0 0;0
1604 NONE -16383;28376 0;0
1605 NONE -16383;-28376 0;0
1606 NONE 32766;0 0;0
1607 NONE -16383;28376 0;0
1608 NONE -16383;-28376 0;0
1609 NONE 32766;0 0;0
1610 NONE -16383;28376 0;0
1611 NONE -16383;-28376 0;0
1612 NONE 32766;0 0;0
1613 NONE -16383;28376 0;0
1614 NONE -16383;-28376 0;0
1615 NONE 32766;0 0;0
1616 NONE -16383;28376 0;0
1617 NONE -16383;-28376 0;0
1618 NONE 32766;0 0;0
1619 NONE -16383;28376 0;0
1620 NONE -16383;-28376 0;0
1621 NONE 32766;0 0;0
1622 NONE -16383;28376 0;0
1623 NONE -16383;-28376 0;0
1624 NONE 32766;0 0;0
1625 NONE -16383;28376 0;0
1626 NONE -16383;-28376 0;0
1627 NONE 32766;0 0;0
1628 NONE -16383;28376 0;0
1629 NONE -16383;-28376 0;0
1630 NONE 32766;0 0;0
1631 NONE -16383;28376 0;0
1632 NONE -16383;-28376 0;0
1633 NONE 32766;0 0;0
1634 NONE -16383;28376 0;0
1635 NONE -16383;-28376 0;0
1636 NONE 32766;0 0;0
1637 NONE -16383;28376 0;0
1638 NONE -16383;-28376 0;0
1639 NONE 32766;0 0;0
1640 NONE -16383;28376 0;0
1641 NONE -16383;-28376 0;0
1642 NONE 32766;0 0;0
1643 NONE -16383;28376 0;0
1644 NONE -16383;-28376 0;0
1645 NONE 32766;0 0;0
1646 NONE -16383;28376 0;0
1647 NONE -16383;-28376 0;0
1648 NONE 32766;0 0;0
1649 NONE -16383;28376 0;0
1650 NONE -16383;-28376 0;0
1651 NONE 32766;0 0;0
1652 NONE -16383;28376 0;0
1653 NONE -16383;-28376 0;0
1654 NONE 32766;0 0;0
1655 NONE -16383;28376 0;0
1656 NONE -16383;-28376 0;0
1657 NONE 32766;0 0;0
1658 NONE -16383;28376 0;0
1659 NONE -16383;-28376 0;0
1660 NONE 32766;0 0;0
1661 NONE -16383;28376 0;0
1662 NONE -16383;-28376 0;0
1663 NONE 32766;0 0;0
1664 NONE -16383;28376 0;0
1665 NONE -16383;-28376 0;0
1666 NONE 32766;0 0;0
1667 NONE -16383;28376 0;0
1668 NONE -16383;-28376 0;0
1669 NONE 32766;0 0;0
1670 NONE -16383;28376 0;0
1671 NONE -16383;-28376 0;0
1672 NONE 32766;0 0;0
1673 NONE -16383;28376 0;0
1674 NONE -16383;-28376 0;0
1675 NONE 32766;0 0;0
1676 NONE -16383;28376 0;0
1677 NONE -16383;-28376 0;0
1678 NONE 32766;0 0;0
1679 NONE -16383;28376 0;0
1680 NONE -16383;-28376 0;0
1681 NONE 32766;0 0;0
1682 NONE -16383;28376 0;0
1683 NONE -16383;-28376 0;0
1684 NONE 32766;0 0;0
1685 NONE -16383;28376 0;0
1686 NONE -16383;-28376 0;0
1687 NONE 32766;0 0;0
1688 NONE -16383;28376 0;0
1689 NONE -16383;-28376 0;0
1690 NONE 32766;0 0;0
1691 NONE -16383;28376 0;0
1692 NONE -16383;-28376 0;0
1693 NONE 32766;0 0;0
1694 NONE -16383;28376 0;0
1695 NONE -16383;-28376 0;0
1696 NONE 32766;0 0;0
1697 NONE -16383;28376 0;0
1698 NONE -16383;-28376 0;0
1699 NONE 32766;0 0;0
1700 NONE -16383;28376 0;0
1701 NONE -16383;-28376 0;0
1702 NONE 32766;0 0;0
1703 NONE -16383;28376 0;0
1704 NONE -16383;-28376 0;0
1705 NONE 32766;0 0;0
1706 NONE -16383;28376 0;0
1707 NONE -16383;-28376 0;0
1708 NONE 32766;0 0;0
1709 NONE -16383;28376 0;0
1710 NONE -16383;-28376 0;0
1711 NONE 32766;0 0;0
1712 NONE -16383;28376 0;0
1713 NONE -16383;-28376 0;0
1714 NONE 32766;0 0;0
1715 NONE -16383;28376 0;0
1716 NONE -16383;-28376 0;0
1717 NONE 32766;0 0;0
1718 NONE -16383;28376 0;0
1719 NONE -16383;-28376 0;0
1720 NONE 32766;0 0;0
1721 NONE -16383;28376 0;0
1722 NONE -16383;-28376 0;0
1723 NONE 32766;0 0;0
1724 NONE -16383;28376 0;0
1725 NONE -16383;-28376 0;0
1726 NONE 32766;0 0;0
1727 NONE -16383;28376 0;0
1728 NONE -16383;-28376 0;0
1729 NONE 32766;0 0;0
1730 NONE -16383;28376 0;0
1731 NONE -16383;-28376 0;0
1732 NONE 32766;0 0;0
1733 NONE -16383;28376 0;0
1734 NONE -16383;-28376 0;0
1735 NONE 32766;0 0;0
1736 NONE -16383;28376 0;0
1737 NONE -16383;-28376 0;0
1738 NONE 32766;0 0;0
1739 NONE -16383;28376 0;0
1740 NONE -16383;-28376 0;0
1741 NONE 32766;0 0;0
1742 NONE -16383;28376 0;0
1743 NONE -16383;-28376 0;0
1744 NONE 32766;0 0;0
1745 NONE -16383;28376 0;0
1746 NONE -16383;-28376 0;0
1747 NONE 32766;0 0;0
1748 NONE -16383;28376 0;0
1749 NONE -16383;-28376 0;0
1750 NONE 32766;0 0;0
1751 NONE -16383;28376 0;0
1752 NONE -16383;-28376 0;0
1753 NONE 32766;0 0;0
1754 NONE -16383;28376 0;0
1755 NONE -16383;-28376 0;0
1756 NONE 32766;0 0;0
1757 NONE -16383;28376 0;0
1758 NONE -16383;-28376 0;0
1759 NONE 32766;0 0;0
1760 NONE -16383;28376 0;0
1761 NONE -16383;-28376 0;0
1762 NONE 32766;0 0;0
1763 NONE -16383;28376 0;0
1764 NONE -16383;-28376 0;0
1765 NONE 32766;0 0;0
1766 NONE -16383;28376 0;0
1767 NONE -16383;-28376 0;0
1768 NONE 32766;0 0;0
1769 NONE -16383;28376 0;0
1770 NONE -16383;-28376 0;0
1771 NONE 32766;0 0;0
1772 NONE -16383;28376 0;0
1773 NONE -16383;-28376 0;0
1774 NONE 32766;0 0;0
1775 NONE -16383;28376 0;0
1776 NONE -16383;-28376 0;0
1777 NONE 32766;0 0;0
1778 NONE -16383;28376 0;0
1779 NONE -16383;-28376 0;0
1780 NONE 32766;0 0;0
1781 NONE -16383;28376 0;0
1782 NONE -16383;-28376 0;0
1783 NONE 32766;0 0;0
1784 NONE -16383;28376 0;0
1785 NONE -16383;-28376 0;0
1786 NONE 32766;0 0;0
1787 NONE -16383;28376 0;0
1788 NONE -16383;-28376 0;0
1789 NONE 32766;0 0;0
1790 NONE -16383;28376 0;0
1791 NONE -16383;-28376 0;0
1792 NONE 32766;0 0;0
1793 NONE -16383;28376 0;0
1794 NONE -16383;-28376 0;0
1795 NONE 32766;0 0;0
1796 NONE -16383;28376 0;0
1797 NONE -16383;-28376 0;0
1798 NONE 32766;0 0;0
1799 NONE -16383;28376 0;0
1800 NONE -16383;-28376 0;0
1801 NONE 32766;0 0;0
1802 NONE -16383;28376 0;0
1803 NONE -16383;-28376 0;0
1804 NONE 32766;0 0;0
1805 NONE -16383;28376 0;0
1806 NONE -16383;-28376 0;0
1807 NONE -30047;-13064 0;0
1808 KEY_DDOWN -30047;-13064 0;0
1809 NONE -30047;-13064 0;0
1810 KEY_DDOWN -30047;-13064 0;0
1811 NONE -30047;-13064 0;0
1812 KEY_DDOWN -30047;-13064 0;0
1813 NONE -30047;-13064 0;0
1814 KEY_DDOWN -30047;-13064 0;0
1815 NONE -30047;-13064 0;0
1816 KEY_A -30047;-13064 0;0
1817 KEY_ZR;KEY_DDOWN -30047;-13064 0;0
1818 KEY_ZR -30047;-13064 0;0
1819 KEY_ZR -30047;-13064 0;0
1820 KEY_ZR -30047;-13064 0;0
1821 KEY_ZR -30047;-13064 0;0
1822 KEY_ZR -30047;-13064 0;0
1823 KEY_ZR -30047;-13064 0;0
1824 KEY_Y;KEY_ZR -30047;-13064 0;0
1825 KEY_ZR;KEY_R -30047;-13064 0;0
1826 KEY_ZR -30047;-13064 0;0
1827 KEY_ZR -30047;-13064 0;0
1828 KEY_ZR 0;0 0;0
1829 KEY_ZR 0;0 0;0
1830 KEY_ZR 0;0 0;0
1831 KEY_ZR 0;0 0;0
1832 KEY_ZR 0;0 0;0
1833 KEY_ZR 0;0 0;0
1834 KEY_ZR 0;0 0;0
1835 KEY_ZR 0;0 0;0
1836 KEY_ZR 0;0 0;0
1837 KEY_ZR 0;0 0;0
1838 KEY_ZR 0;0 0;0
1839 KEY_ZR 0;0 0;0
1840 KEY_ZR 0;0 0;0
1841 KEY_ZR 0;0 0;0
1842 KEY_ZR 0;0 0;0
1843 KEY_ZR 0;0 0;0
1844 KEY_ZR 0;0 0;0
1845 KEY_ZR 0;0 0;0
1846 KEY_ZR 0;0 0;0
1847 KEY_ZR 0;0 0;0
1848 KEY_ZR 0;0 0;0
1849 KEY_ZR 0;0 0;0
1850 KEY_ZR 0;0 0;0
1851 KEY_ZR 0;0 0;0
1852 KEY_ZR 0;0 0;0
1853 KEY_ZR 0;0 0;0
1854 KEY_ZR 0;0 0;0
1855 KEY_ZR 0;0 0;0
1856 KEY_ZR;KEY_DDOWN 0;0 0;0
1857 KEY_ZR 0;0 0;0
1858 KEY_ZR 0;0 0;0
1859 KEY_ZR 0;0 0;0
1860 KEY_ZR 0;0 0;0
1861 KEY_ZR 0;0 0;0
1862 KEY_ZR 0;0 0;0
1863 KEY_ZR 0;0 0;0
1864 KEY_ZR 0;0 0;0
1865 KEY_ZR 0;0 0;0
1866 KEY_ZR 0;0 0;0
1867 KEY_ZR 0;0 0;0
1868 KEY_ZR 0;0 0;0
1869 KEY_ZR 0;0 0;0
1870 KEY_ZR 0;0 0;0
1871 KEY_B;KEY_Y 0;0 0;0
