0 NONE 32767;0 0;0
1 NONE -16383;28377 0;0
2 NONE -16383;-28377 0;0
3 NONE 32767;0 0;0
4 NONE -16383;28377 0;0
5 NONE -16383;-28377 0;0
6 NONE 32767;0 0;0
7 NONE -16383;28377 0;0
8 NONE -16383;-28377 0;0
9 NONE 32767;0 0;0
10 NONE -16383;28377 0;0
11 NONE -16383;-28377 0;0
12 NONE 32767;0 0;0
13 NONE -16383;28377 0;0
14 NONE -16383;-28377 0;0
15 NONE 32767;0 0;0
16 NONE -16383;28377 0;0
17 NONE -16383;-28377 0;0
18 NONE 32767;0 0;0
19 NONE -16383;28377 0;0
20 NONE -16383;-28377 0;0
21 NONE 32767;0 0;0
22 NONE -16383;28377 0;0
23 NONE -16383;-28377 0;0
24 NONE 32767;0 0;0
25 NONE -16383;28377 0;0
26 NONE -16383;-28377 0;0
27 NONE 32767;0 0;0
28 NONE -16383;28377 0;0
29 NONE -16383;-28377 0;0
30 NONE 32767;0 0;0
31 NONE -16383;28377 0;0
32 NONE -16383;-28377 0;0
33 NONE 32767;0 0;0
34 NONE -16383;28377 0;0
35 NONE -16383;-28377 0;0
36 NONE 32767;0 0;0
37 NONE -16383;28377 0;0
38 NONE -16383;-28377 0;0
39 NONE 32767;0 0;0
40 NONE -16383;28377 0;0
41 NONE -16383;-28377 0;0
42 NONE 32767;0 0;0
43 NONE -16383;28377 0;0
44 NONE -16383;-28377 0;0
45 NONE 32767;0 0;0
46 NONE -16383;28377 0;0
47 NONE -16383;-28377 0;0
48 NONE 32767;0 0;0
49 KEY_A -16168;28500 0;0
50 KEY_ZR -16168;28500 0;0
51 KEY_ZR -16168;28500 0;0
52 KEY_ZR -16168;28500 0;0
53 KEY_ZR -16168;28500 0;0
54 KEY_ZR -16168;28500 0;0
55 KEY_ZR -16168;28500 0;0
56 KEY_ZR -16168;28500 0;0
57 KEY_Y;KEY_ZR -16168;28500 0;0
58 NONE -16168;28500 0;0
59 NONE -16168;28500 0;0
60 NONE -16168;28500 0;0
61 NONE -16168;28500 0;0
62 NONE -16168;28500 0;0
63 NONE -16168;28500 0;0
64 NONE -16168;28500 0;0
65 NONE -16168;28500 0;0
66 NONE -16168;28500 0;0
67 NONE -16168;28500 0;0
68 NONE -16168;28500 0;0
69 NONE -16168;28500 0;0
70 NONE -16168;28500 0;0
71 NONE -16168;28500 0;0
72 NONE -16168;28500 0;0
73 KEY_B;KEY_DUP 28376;16383 0;0
74 NONE 28376;16383 0;0
75 NONE 2122;32698 0;0
76 NONE 2122;32698 0;0
77 NONE 2122;32698 0;0
78 KEY_A 2122;32698 0;0
79 KEY_A 3424;32585 0;0
80 KEY_A 3424;32585 0;0
81 KEY_A 3424;32585 0;0
82 KEY_A 3424;32585 0;0
83 KEY_A 3424;32585 0;0
84 KEY_A 3424;32585 0;0
85 KEY_A 3424;32585 0;0
86 KEY_A 3424;32585 0;0
87 KEY_A 3424;32585 0;0
88 KEY_A 3424;32585 0;0
89 KEY_A 3424;32585 0;0
90 KEY_A 3424;32585 0;0
91 KEY_A 3424;32585 0;0
92 KEY_A 3424;32585 0;0
93 KEY_A 3424;32585 0;0
94 KEY_A 3424;32585 0;0
95 KEY_A 3424;32585 0;0
96 KEY_A 3424;32585 0;0
97 KEY_A 3424;32585 0;0
98 KEY_A 3424;32585 0;0
99 KEY_A 3424;32585 0;0
100 KEY_A 3424;32585 0;0
101 KEY_A 3424;32585 0;0
102 KEY_A 3424;32585 0;0
103 KEY_A 3424;32585 0;0
104 KEY_A 3424;32585 0;0
105 KEY_A 3424;32585 0;0
106 KEY_A 3424;32585 0;0
107 KEY_A 3424;32585 0;0
108 KEY_A 3424;32585 0;0
109 KEY_A 3424;32585 0;0
110 KEY_A 3424;32585 0;0
111 NONE 3424;32585 0;0
112 NONE 3424;32585 0;0
113 NONE 32766;0 0;0
114 NONE -16383;28376 0;0
115 NONE -16383;-28376 0;0
116 NONE 32766;0 0;0
117 NONE -16383;28376 0;0
118 NONE -16383;-28376 0;0
119 NONE 32766;0 0;0
120 NONE -16383;28376 0;0
121 NONE -16383;-28376 0;0
122 NONE 32766;0 0;0
123 NONE -16383;28376 0;0
124 NONE -16383;-28376 0;0
125 NONE 32766;0 0;0
126 NONE -16383;28376 0;0
127 KEY_A 7370;31925 0;0
128 KEY_ZR 7370;31925 0;0
129 KEY_ZR 7370;31925 0;0
130 KEY_ZR 7370;31925 0;0
131 KEY_ZR 7370;31925 0;0
132 KEY_ZR 7370;31925 0;0
133 KEY_ZR 7370;31925 0;0
134 KEY_ZR 7370;31925 0;0
135 KEY_Y;KEY_ZR 7370;31925 0;0
136 KEY_B;KEY_L -32542;3827 0;0
137 NONE -32542;3827 0;0
138 NONE 7370;31925 0;0
139 NONE 7370;31925 0;0
140 NONE 7370;31925 0;0
141 KEY_A 7370;31925 0;0
142 NONE 7370;31925 0;0
143 NONE 7370;31925 0;0
144 NONE 7370;31925 0;0
145 NONE 7370;31925 0;0
146 NONE 7370;31925 0;0
147 NONE 7370;31925 0;0
148 NONE 7370;31925 0;0
149 NONE 7370;31925 0;0
150 NONE 7370;31925 0;0
151 NONE 7370;31925 0;0
152 NONE 7370;31925 0;0
153 NONE 7370;31925 0;0
154 NONE 7370;31925 0;0
155 NONE 7370;31925 0;0
156 NONE 7370;31925 0;0
157 NONE 7370;31925 0;0
158 NONE 7370;31925 0;0
159 NONE 7370;31925 0;0
160 KEY_A 7370;31925 0;0
161 KEY_A 7370;31925 0;0
162 KEY_A 7370;31925 0;0
163 NONE 7370;31925 0;0
164 NONE 7370;31925 0;0
165 NONE 7370;31925 0;0
166 NONE 7370;31925 0;0
167 NONE 7370;31925 0;0
168 KEY_DDOWN 7370;31925 0;0
169 NONE 7370;31925 0;0
170 NONE 7370;31925 0;0
171 NONE 7370;31925 0;0
172 NONE 7370;31925 0;0
173 NONE 7370;31925 0;0
174 NONE 7370;31925 0;0
175 NONE 7370;31925 0;0
176 NONE 7370;31925 0;0
177 NONE 7370;31925 0;0
178 NONE 7370;31925 0;0
179 NONE 7370;31925 0;0
180 NONE 7370;31925 0;0
181 NONE 7370;31925 0;0
182 KEY_A 7370;31925 0;0
183 KEY_A 7370;31925 0;0
184 KEY_A 7370;31925 0;0
185 KEY_A 7370;31925 0;0
186 KEY_A 7370;31925 0;0
187 KEY_A 7370;31925 0;0
188 KEY_A 7370;31925 0;0
189 KEY_A 7370;31925 0;0
190 KEY_A 7370;31925 0;0
191 KEY_A 7370;31925 0;0
192 KEY_A 9267;31429 0;0
193 KEY_A 9267;31429 0;0
194 KEY_A 9267;31429 0;0
195 KEY_A 9267;31429 0;0
196 KEY_A 9267;31429 0;0
197 KEY_A 9267;31429 0;0
198 KEY_A 9267;31429 0;0
199 KEY_A 9267;31429 0;0
200 KEY_A 9267;31429 0;0
201 KEY_A 9267;31429 0;0
202 KEY_A 9267;31429 0;0
203 KEY_A 9267;31429 0;0
204 KEY_A 9267;31429 0;0
205 NONE 9267;31429 0;0
206 NONE 9267;31429 0;0
207 NONE 9267;31429 0;0
208 NONE 9267;31429 0;0
209 NONE 9267;31429 0;0
210 KEY_L 12274;30379 0;0
211 KEY_X 12274;30379 0;0
212 KEY_X -31176;-10086 0;0
213 KEY_X;KEY_ZR -31176;-10086 0;0
214 KEY_X;KEY_Y;KEY_ZR -31176;-10086 0;0
215 KEY_X 13652;29787 0;0
216 KEY_X 13652;29787 0;0
217 KEY_X 13652;29787 0;0
218 KEY_X 13652;29787 0;0
219 KEY_X 13652;29787 0;0
220 KEY_X 0;0 0;0
221 KEY_X 0;0 0;0
222 KEY_X 0;0 0;0
223 KEY_X 0;0 0;0
224 KEY_X 22385;23928 0;0
225 NONE 22385;23928 0;0
226 NONE 22385;23928 0;0
227 KEY_ZR 21360;24847 0;0
228 KEY_Y;KEY_ZR 21360;24847 0;0
229 NONE -19007;-26690 0;0
230 NONE -19007;-26690 0;0
231 NONE -19007;-26690 0;0
232 NONE -19007;-26690 0;0
233 NONE -19007;-26690 0;0
234 NONE -19007;-26690 0;0
235 NONE -19007;-26690 0;0
236 NONE -19849;-26070 0;0
237 NONE -19849;-26070 0;0
238 NONE -19849;-26070 0;0
239 NONE -19849;-26070 0;0
240 NONE -19849;-26070 0;0
241 NONE -19849;-26070 0;0
242 KEY_A 18265;27203 0;0
243 KEY_A 18265;27203 0;0
244 KEY_A 18265;27203 0;0
245 KEY_A 17290;27833 0;0
246 KEY_A 17290;27833 0;0
247 KEY_A 17290;27833 0;0
248 KEY_A 13972;29638 0;0
249 KEY_A 13972;29638 0;0
250 KEY_A 13972;29638 0;0
251 KEY_A 13972;29638 0;0
252 KEY_A 13972;29638 0;0
253 KEY_A 13972;29638 0;0
254 KEY_A 13972;29638 0;0
255 KEY_A 13972;29638 0;0
256 KEY_A 13972;29638 0;0
257 KEY_A 13972;29638 0;0
258 KEY_A 13972;29638 0;0
259 KEY_A 13972;29638 0;0
260 KEY_A 13972;29638 0;0
261 KEY_A 13972;29638 0;0
262 KEY_A 13972;29638 0;0
263 KEY_L 13972;29638 0;0
264 KEY_X 13972;29638 0;0
265 KEY_X 9636;31318 0;0
266 KEY_X 9636;31318 0;0
267 KEY_X 9636;31318 0;0
268 KEY_X 9636;31318 0;0
269 KEY_X 9636;31318 0;0
270 KEY_X 9636;31318 0;0
271 KEY_X 9636;31318 0;0
272 KEY_X;KEY_ZR 9636;31318 0;0
273 KEY_X;KEY_Y;KEY_ZR 9636;31318 0;0
274 KEY_X -28272;-16563 0;0
275 KEY_X -28272;-16563 0;0
276 KEY_X -28272;-16563 0;0
277 KEY_X -28272;-16563 0;0
278 KEY_X 0;0 0;0
279 KEY_X 0;0 0;0
280 KEY_X 0;0 0;0
281 KEY_X -27434;-17916 0;0
282 KEY_X -6495;32116 0;0
283 KEY_ZR -5524;32297 0;0
284 KEY_Y;KEY_ZR -5524;32297 0;0
285 KEY_ZR -5524;32297 0;0
286 KEY_ZR -5524;32297 0;0
287 KEY_ZR -5524;32297 0;0
288 NONE -5524;32297 0;0
289 NONE -5524;32297 0;0
290 NONE -5524;32297 0;0
291 NONE -5524;32297 0;0
292 NONE -5524;32297 0;0
293 NONE -5524;32297 0;0
294 NONE -5524;32297 0;0
295 NONE -5524;32297 0;0
296 NONE -5524;32297 0;0
297 NONE -5524;32297 0;0
298 NONE -5524;32297 0;0
299 NONE -5524;32297 0;0
300 NONE -5524;32297 0;0
301 KEY_A -5524;32297 0;0
302 KEY_A -5524;32297 0;0
303 KEY_A -5524;32297 0;0
304 KEY_A -5524;32297 0;0
305 KEY_A -5524;32297 0;0
306 KEY_A -5524;32297 0;0
307 KEY_A -5524;32297 0;0
308 KEY_A -5524;32297 0;0
309 KEY_A -5524;32297 0;0
310 KEY_A -20706;25394 0;0
311 KEY_A -20706;25394 0;0
312 KEY_A -20706;25394 0;0
313 KEY_A -20706;25394 0;0
314 KEY_A -20706;25394 0;0
315 KEY_A -20706;25394 0;0
316 KEY_A -20706;25394 0;0
317 KEY_A -20706;25394 0;0
318 KEY_L -13267;29960 0;0
319 KEY_X -13267;29960 0;0
320 KEY_X -13267;29960 0;0
321 KEY_X -13267;29960 0;0
322 KEY_X -13267;29960 0;0
323 KEY_X -13267;29960 0;0
324 KEY_X -13267;29960 0;0
325 KEY_X -13267;29960 0;0
326 KEY_X;KEY_ZR -13267;29960 0;0
327 KEY_X;KEY_Y;KEY_ZR -13267;29960 0;0
328 KEY_X 0;0 0;0
329 KEY_X 0;0 0;0
330 KEY_X 0;0 0;0
331 KEY_X 0;0 0;0
332 KEY_X 0;0 0;0
333 KEY_X 0;0 0;0
334 KEY_X 0;0 0;0
335 KEY_X 0;0 0;0
336 KEY_X 0;0 0;0
337 KEY_X 0;0 0;0
339 KEY_ZR 0;0 0;0
340 KEY_Y;KEY_ZR 0;0 0;0
341 NONE -16484;28318 0;0
342 NONE -16484;28318 0;0
343 NONE -16484;28318 0;0
344 NONE -16484;28318 0;0
345 NONE -16484;28318 0;0
346 NONE -16484;28318 0;0
347 NONE -16484;28318 0;0
348 NONE -16484;28318 0;0
349 NONE -16484;28318 0;0
350 NONE -16484;28318 0;0
351 NONE -16484;28318 0;0
352 NONE -16484;28318 0;0
353 NONE -16484;28318 0;0
354 NONE -16484;28318 0;0
355 NONE -16484;28318 0;0
356 NONE -16484;28318 0;0
357 NONE -16484;28318 0;0
358 KEY_A -16484;28318 0;0
359 KEY_A -16484;28318 0;0
360 KEY_A -15129;29064 0;0
361 KEY_A -15129;29064 0;0
362 KEY_A -15129;29064 0;0
363 KEY_A -15129;29064 0;0
364 KEY_A -15129;29064 0;0
365 KEY_A -15129;29064 0;0
366 KEY_A -15129;29064 0;0
367 KEY_A -15129;29064 0;0
368 KEY_A -15129;29064 0;0
369 KEY_A -15129;29064 0;0
370 KEY_A -15129;29064 0;0
371 KEY_A -15129;29064 0;0
372 KEY_A -15129;29064 0;0
373 KEY_L -19719;26168 0;0
374 NONE -19719;26168 0;0
375 KEY_X -19719;26168 0;0
376 KEY_X -19719;26168 0;0
377 KEY_X -19719;26168 0;0
378 KEY_X -19719;26168 0;0
379 KEY_X -19719;26168 0;0
380 KEY_X -19719;26168 0;0
381 KEY_X;KEY_ZR -19719;26168 0;0
382 KEY_X;KEY_Y;KEY_ZR -19719;26168 0;0
383 KEY_X -19719;26168 0;0
384 KEY_X -19719;26168 0;0
385 KEY_X -19719;26168 0;0
386 KEY_X -19719;26168 0;0
387 KEY_X -19719;26168 0;0
388 KEY_X 0;0 0;0
389 KEY_X 0;0 0;0
390 KEY_X 32642;2855 0;0
391 KEY_X 32642;2855 0;0
392 NONE 32642;2855 0;0
393 NONE 32642;2855 0;0
394 NONE 32642;2855 0;0
395 KEY_ZR 32642;2855 0;0
396 KEY_Y;KEY_ZR 32642;2855 0;0
397 NONE 25620;-20427 0;0
398 NONE 25620;-20427 0;0
399 NONE 25620;-20427 0;0
400 NONE 25620;-20427 0;0
401 NONE 25620;-20427 0;0
402 NONE 22296;-24011 0;0
403 NONE 22296;-24011 0;0
404 NONE -22557;23766 0;0
405 NONE 16383;28376 0;0
406 NONE 16383;28376 0;0
407 NONE 16383;28376 0;0
408 NONE 16383;28376 0;0
409 NONE 16383;28376 0;0
410 NONE 16383;28376 0;0
411 KEY_A 16383;28376 0;0
412 KEY_A 16383;28376 0;0
413 KEY_A 16383;28376 0;0
414 KEY_A 16383;28376 0;0
415 KEY_A 16383;28376 0;0
416 KEY_A 16383;28376 0;0
417 KEY_A 16383;28376 0;0
418 KEY_A 16383;28376 0;0
419 KEY_A 16383;28376 0;0
420 KEY_A 16383;28376 0;0
421 KEY_A 16383;28376 0;0
422 KEY_A 16383;28376 0;0
423 KEY_A 16383;28376 0;0
424 KEY_A 16383;28376 0;0
425 KEY_A 16383;28376 0;0
426 NONE 16383;28376 0;0
427 NONE 16383;28376 0;0
428 NONE 16383;28376 0;0
429 KEY_L 16682;28202 0;0
430 KEY_X 16682;28202 0;0
431 KEY_X 17674;27591 0;0
432 KEY_X 17674;27591 0;0
433 KEY_X 17674;27591 0;0
434 KEY_X 17674;27591 0;0
435 KEY_X 17674;27591 0;0
436 KEY_X 17674;27591 0;0
437 KEY_X;KEY_ZR 17674;27591 0;0
438 KEY_X;KEY_Y;KEY_ZR 17674;27591 0;0
439 KEY_X 17674;27591 0;0
440 KEY_X 17674;27591 0;0
441 KEY_X 0;0 0;0
442 KEY_X 0;0 0;0
443 KEY_X 0;0 0;0
444 KEY_X 0;0 0;0
448 NONE 0;0 0;32767
449 NONE 0;0 0;32767
450 KEY_ZR 0;0 0;32767
451 KEY_Y;KEY_ZR 0;0 0;32767
452 NONE -20976;-25172 0;32767
453 NONE -20976;-25172 0;32767
454 NONE -20976;-25172 0;32767
455 NONE -20976;-25172 0;32767
456 NONE -20976;-25172 0;32767
457 NONE -20976;-25172 0;32767
458 NONE -20976;-25172 0;32767
459 NONE -20976;-25172 0;32767
460 NONE -20976;-25172 0;32767
461 NONE -20976;-25172 0;32767
462 NONE 22385;23928 0;32767
463 NONE 22385;23928 0;32767
464 NONE 22385;23928 0;32767
465 KEY_A 22385;23928 0;0
466 KEY_A 22759;23572 0;0
467 KEY_A 22759;23572 0;0
468 KEY_A 22385;23928 0;0
469 KEY_A 22385;23928 0;0
470 KEY_A 22385;23928 0;0
471 KEY_A 22385;23928 0;0
472 KEY_A 22759;23572 0;0
473 KEY_A 22759;23572 0;0
474 KEY_A 22385;23928 0;0
475 KEY_A 22385;23928 0;0
476 KEY_A 22385;23928 0;0
477 KEY_A 22385;23928 0;0
478 KEY_A 22385;23928 0;0
479 KEY_A 22385;23928 0;0
480 KEY_A 22385;23928 0;0
481 KEY_A 22759;23572 0;0
482 KEY_A 22385;23928 0;0
483 KEY_A 22759;23572 0;0
484 KEY_A 22759;23572 0;0
485 NONE 22385;23928 0;0
486 NONE 22385;23928 0;0
487 KEY_L 21291;24906 0;0
488 KEY_X 21291;24906 0;0
489 KEY_X 21291;24906 0;0
490 KEY_X 21291;24906 0;0
491 KEY_X 21291;24906 0;0
492 KEY_X 21291;24906 0;0
493 KEY_X 21291;24906 0;0
494 KEY_X 21291;24906 0;0
495 KEY_X;KEY_ZR 21291;24906 0;0
496 KEY_X;KEY_Y;KEY_ZR 21291;24906 0;0
497 KEY_X 21291;24906 0;0
498 KEY_X 21291;24906 0;0
499 KEY_X 21291;24906 0;0
500 KEY_X 21291;24906 0;0
501 KEY_X 0;0 0;0
502 KEY_X 0;0 0;0
505 NONE -21636;24607 0;0
506 NONE -21636;24607 0;0
507 NONE -26213;19659 0;0
508 NONE -26213;19659 0;0
509 NONE -27882;17211 0;0
510 NONE -27882;17211 0;0
511 KEY_ZR -18963;26721 0;0
512 KEY_Y;KEY_ZR -32366;-5109 0;0
513 NONE -32366;-5109 0;0
514 NONE 21716;24537 0;0
515 NONE 22062;24226 0;0
516 NONE -16383;-28376 0;0
517 NONE 32766;0 0;0
518 NONE -16383;28376 0;0
519 NONE -16383;-28376 0;0
520 NONE 32766;0 0;0
521 NONE -16383;28376 0;0
522 NONE -16383;-28376 0;0
523 NONE 32766;0 0;0
524 NONE -16383;28376 0;0
525 NONE -16383;-28376 0;0
526 NONE 32766;0 0;0
527 NONE -16383;28376 0;0
528 NONE -16383;-28376 0;0
529 NONE 32766;0 0;0
530 NONE -16383;28376 0;0
531 NONE -16383;-28376 0;0
532 NONE 32766;0 0;0
533 NONE -16383;28376 0;0
534 NONE -16383;-28376 0;0
535 NONE 32766;0 0;0
536 KEY_A 14364;29450 0;0
537 KEY_ZR 14364;29450 0;0
538 KEY_ZR 14364;29450 0;0
539 KEY_ZR 14364;29450 0;0
540 KEY_ZR 14364;29450 0;0
541 KEY_ZR 14364;29450 0;0
542 KEY_ZR 14364;29450 0;0
543 KEY_ZR 14364;29450 0;0
544 KEY_Y;KEY_ZR 14364;29450 0;0
545 KEY_B;KEY_DDOWN 31697;-8301 0;0
546 NONE 31697;-8301 0;0
547 NONE 13326;29932 0;0
548 NONE 13326;29932 0;0
549 NONE 13326;29932 0;0
550 KEY_A 13326;29932 0;0
551 NONE 13326;29932 0;0
552 NONE 13326;29932 0;0
553 NONE 13326;29932 0;0
554 NONE 13326;29932 0;0
555 NONE 13326;29932 0;0
556 NONE 13326;29932 0;0
557 NONE 13326;29932 0;0
558 NONE 13326;29932 0;0
559 NONE 13326;29932 0;0
560 NONE 13326;29932 0;0
561 NONE 13326;29932 0;0
562 NONE 13326;29932 0;0
563 NONE 13326;29932 0;0
564 NONE 13326;29932 0;0
565 NONE 13326;29932 0;0
566 NONE 13326;29932 0;0
567 NONE 13326;29932 0;0
568 NONE 13326;29932 0;0
569 NONE 13326;29932 0;0
570 NONE 13326;29932 0;0
571 NONE 13326;29932 0;0
572 NONE 13326;29932 0;0
573 NONE 13326;29932 0;0
574 NONE 13326;29932 0;0
575 NONE 13326;29932 0;0
576 NONE 13326;29932 0;0
577 NONE 13326;29932 0;0
578 NONE 13326;29932 0;0
579 KEY_A -9579;31333 0;0
580 KEY_A -9579;31333 0;0
581 KEY_A -9579;31333 0;0
582 KEY_A -9579;31333 0;0
583 KEY_A -9579;31333 0;0
584 KEY_A -9579;31333 0;0
585 KEY_A -9579;31333 0;0
586 KEY_A -9579;31333 0;0
587 KEY_A -9579;31333 0;0
588 KEY_A -9579;31333 0;0
589 NONE -9579;31333 0;0
590 NONE -9579;31333 0;0
591 NONE -9579;31333 0;0
592 NONE -9579;31333 0;0
593 NONE -9579;31333 0;0
594 NONE -9579;31333 0;0
595 NONE -9579;31333 0;0
596 NONE -9579;31333 0;0
597 NONE -9579;31333 0;0
598 NONE -9579;31333 0;0
599 NONE -9579;31333 0;0
600 NONE -4817;32410 0;0
601 NONE -4817;32410 0;0
602 NONE -4817;32410 0;0
603 NONE -4817;32410 0;0
604 NONE -4817;32410 0;0
605 NONE -4817;32410 0;0
606 KEY_A -4817;32410 0;0
607 KEY_A -4817;32410 0;0
608 KEY_A -4817;32410 0;0
609 KEY_A -4817;32410 0;0
610 KEY_A -4817;32410 0;0
611 KEY_A -4817;32410 0;0
612 KEY_A -4817;32410 0;0
613 KEY_A -4817;32410 0;0
614 KEY_A -4817;32410 0;0
615 KEY_A -4817;32410 0;0
616 KEY_A -4817;32410 0;0
617 KEY_A -4817;32410 0;0
618 KEY_A -4817;32410 0;0
619 KEY_A -4817;32410 0;0
620 KEY_A -4817;32410 0;0
621 KEY_A -4817;32410 0;0
622 KEY_A -4817;32410 0;0
623 KEY_A -4817;32410 0;0
624 KEY_A -4817;32410 0;0
625 KEY_A -4817;32410 0;0
626 KEY_A -4817;32410 0;0
627 NONE -4817;32410 0;0
628 KEY_ZR -14791;-29238 0;0
629 KEY_Y;KEY_ZR -14791;-29238 0;0
630 NONE 32765;0 0;0
631 NONE -16382;28376 0;0
632 NONE -16382;-28376 0;0
633 NONE 32765;0 0;0
634 NONE -16382;28376 0;0
635 NONE -16382;-28376 0;0
636 NONE 32765;0 0;0
637 NONE -16382;28376 0;0
638 NONE -16382;-28376 0;0
639 NONE 32765;0 0;0
640 NONE -16382;28376 0;0
641 NONE -16382;-28376 0;0
642 NONE 32765;0 0;0
643 NONE -16382;28376 0;0
644 NONE -16382;-28376 0;0
645 NONE 32765;0 0;0
646 NONE -16382;28376 0;0
647 NONE -16382;-28376 0;0
648 NONE 32765;0 0;0
649 NONE -16382;28376 0;0
650 NONE -16382;-28376 0;0
651 NONE 32765;0 0;0
652 NONE -16382;28376 0;0
653 NONE -16382;-28376 0;0
654 NONE -17290;27833 0;0
655 KEY_A -17290;27833 0;0
656 KEY_ZR -17290;27833 0;0
657 KEY_ZR -17290;27833 0;0
658 KEY_ZR -17290;27833 0;0
659 KEY_ZR -17290;27833 0;0
660 KEY_A -17290;27833 0;0
661 KEY_A -17290;27833 0;0
662 KEY_A -17290;27833 0;0
663 KEY_A -17290;27833 0;0
664 KEY_A -17290;27833 0;0
665 KEY_A -17290;27833 0;0
666 KEY_A -17290;27833 0;0
667 KEY_A -17290;27833 0;0
668 KEY_A -17290;27833 0;0
669 KEY_A -17290;27833 0;0
670 KEY_A -17290;27833 0;0
671 KEY_A -17290;27833 0;0
672 KEY_A -17290;27833 0;0
673 NONE -17290;27833 0;0
674 NONE -17290;27833 0;0
675 NONE -17290;27833 0;0
676 KEY_L -17290;27833 0;0
677 KEY_X -17290;27833 0;0
678 KEY_X -17290;27833 0;0
679 KEY_X -17290;27833 0;0
680 KEY_X -17290;27833 0;0
681 KEY_X -17290;27833 0;0
682 KEY_X -17290;27833 0;0
683 KEY_X -17290;27833 0;0
684 KEY_X;KEY_ZR -17290;27833 0;0
685 KEY_X;KEY_Y;KEY_ZR -17290;27833 0;0
686 KEY_X -17290;27833 0;0
687 KEY_X;KEY_R 0;0 0;0
688 KEY_X 0;0 0;0
689 KEY_X 0;0 0;0
690 KEY_X 0;0 0;0
691 KEY_X 0;0 0;0
692 KEY_X 0;0 0;0
693 KEY_X 0;0 0;0
694 KEY_ZR 28781;-15497 0;0
695 KEY_Y;KEY_ZR 28781;-15497 0;0
696 KEY_ZR;KEY_R -5629;-32279 0;0
697 KEY_ZR 9159;31460 0;0
698 KEY_ZR 9159;31460 0;0
699 KEY_ZR 9159;31460 0;0
700 KEY_ZR 9159;31460 0;0
701 KEY_ZR 9159;31460 0;0
702 KEY_ZR 9159;31460 0;0
703 KEY_ZR 9159;31460 0;0
704 KEY_ZR 9159;31460 0;0
705 KEY_ZR 9159;31460 0;0
706 KEY_ZR 9159;31460 0;0
707 KEY_ZR 9159;31460 0;0
708 KEY_ZR 9159;31460 0;0
709 KEY_ZR 9159;31460 0;0
710 KEY_ZR 9159;31460 0;0
711 KEY_ZR 9159;31460 0;0
712 KEY_ZR 9159;31460 0;0
713 KEY_ZR 9159;31460 0;0
714 KEY_Y;KEY_ZR 9159;31460 0;0
715 KEY_ZR 9159;31460 0;0
716 KEY_ZR 9159;31460 0;0
717 KEY_ZR 9159;31460 0;0
718 KEY_ZR 9159;31460 0;0
719 KEY_ZR 9159;31460 0;0
720 KEY_ZR 9159;31460 0;0
721 KEY_ZR 9159;31460 0;0
722 KEY_ZR 9159;31460 0;0
723 KEY_ZR 9159;31460 0;0
724 KEY_ZR 9159;31460 0;0
725 KEY_ZR 9159;31460 0;0
726 NONE 9159;31460 0;0
727 NONE 9159;31460 0;0
728 NONE 9159;31460 0;0
729 NONE 9159;31460 0;0
730 KEY_B;KEY_DUP -31895;7504 0;0
731 NONE -31895;7504 0;0
732 NONE 15508;28864 0;0
733 NONE 15508;28864 0;0
734 NONE 15508;28864 0;0
735 NONE 15508;28864 0;0
736 NONE 15508;28864 0;0
737 NONE 15508;28864 0;0
738 NONE 15508;28864 0;0
739 KEY_A 15508;28864 0;0
740 KEY_A 15508;28864 0;0
741 KEY_A 15508;28864 0;0
742 KEY_A 15508;28864 0;0
743 KEY_A 15508;28864 0;0
744 KEY_A 15508;28864 0;0
745 KEY_A 15508;28864 0;0
746 KEY_A 15508;28864 0;0
747 KEY_A 15508;28864 0;0
748 KEY_A 15508;28864 0;0
749 KEY_A 15508;28864 0;0
750 KEY_A 15508;28864 0;0
751 KEY_A 15508;28864 0;0
752 KEY_A 15508;28864 0;0
753 KEY_A 15508;28864 0;0
754 KEY_A 15508;28864 0;0
755 KEY_A 15508;28864 0;0
756 KEY_A 15508;28864 0;0
757 KEY_A 15508;28864 0;0
758 KEY_A 15508;28864 0;0
759 KEY_A 15508;28864 0;0
760 KEY_A 15508;28864 0;0
761 NONE 15508;28864 0;0
762 NONE 15508;28864 0;0
763 KEY_L 15508;28864 0;0
764 KEY_X 15508;28864 0;0
765 KEY_X 15508;28864 0;0
766 KEY_X 15508;28864 0;0
767 KEY_X 15508;28864 0;0
768 KEY_X 15508;28864 0;0
769 KEY_X 15508;28864 0;0
770 KEY_X 15508;28864 0;0
771 KEY_X;KEY_ZR 15508;28864 0;0
772 KEY_X;KEY_Y;KEY_ZR 15508;28864 0;0
773 KEY_X 15508;28864 0;0
774 KEY_X 0;0 0;0
775 KEY_X 0;0 0;0
776 KEY_X 0;0 0;0
777 KEY_X 0;0 0;0
778 KEY_X 0;0 0;0
779 KEY_X 0;0 0;0
780 KEY_X 0;0 0;0
781 KEY_X 0;0 0;0
782 KEY_X 0;0 0;0
783 KEY_ZR 0;0 0;0
784 KEY_Y;KEY_ZR 0;0 0;0
785 NONE -22156;-24140 0;0
786 NONE -22156;-24140 0;0
787 NONE -22156;-24140 0;0
788 NONE -22156;-24140 0;0
789 NONE -22156;-24140 0;0
790 NONE -22156;-24140 0;0
791 NONE 32766;0 0;0
792 NONE -16383;28376 0;0
793 NONE -16383;-28376 0;0
794 NONE 32766;0 0;0
795 NONE -16383;28376 0;0
796 NONE -16383;-28376 0;0
797 NONE 32766;0 0;0
798 NONE -16383;28376 0;0
799 NONE -16383;-28376 0;0
800 NONE 32766;0 0;0
801 NONE -16383;28376 0;0
802 NONE -16383;-28376 0;0
803 NONE 32766;0 0;0
804 NONE -16383;28376 0;0
805 KEY_A 19523;26315 0;0
806 KEY_ZR 19523;26315 0;0
807 KEY_ZR 19523;26315 0;0
808 KEY_ZR 19523;26315 0;0
809 KEY_A 19523;26315 0;0
810 KEY_A 19523;26315 0;0
811 KEY_A 19523;26315 0;0
812 KEY_A 19523;26315 0;0
813 KEY_A 19523;26315 0;0
814 KEY_A 19523;26315 0;0
815 KEY_A 19523;26315 0;0
816 KEY_A 19523;26315 0;0
817 KEY_A 19523;26315 0;0
818 KEY_A 19523;26315 0;0
819 KEY_A 19523;26315 0;0
820 KEY_A 0;0 0;0
821 KEY_A 0;0 0;0
822 KEY_A 0;0 0;0
823 KEY_A 0;0 0;0
824 KEY_A 0;0 0;0
825 KEY_A 0;0 0;0
826 KEY_A 0;0 0;0
827 KEY_A 0;0 0;0
828 KEY_A 0;0 0;0
829 KEY_A 0;0 0;0
830 KEY_A 0;0 0;0
831 KEY_A 0;0 0;0
832 KEY_A 0;0 0;0
833 KEY_A 0;0 0;0
834 KEY_A 0;0 0;0
835 KEY_A 0;0 0;0
836 KEY_A 0;0 0;0
837 KEY_L 16974;28027 0;0
838 KEY_X 16974;28027 0;0
839 KEY_X 16974;28027 0;0
840 KEY_X 16974;28027 0;0
841 KEY_X 16974;28027 0;0
842 KEY_X 16974;28027 0;0
843 KEY_X 16974;28027 0;0
844 KEY_X 16974;28027 0;0
845 KEY_X;KEY_ZR 16974;28027 0;0
846 KEY_X;KEY_Y;KEY_ZR;KEY_R 16974;28027 0;0
847 KEY_X 16974;28027 0;0
848 KEY_X 0;32766 0;0
849 KEY_X 0;32766 0;0
850 KEY_X 0;32766 0;0
851 KEY_X 0;32766 0;0
852 KEY_X 0;32766 0;0
853 KEY_X 0;32766 0;0
854 KEY_X 0;32766 0;0
855 KEY_X 0;32766 0;0
856 KEY_X 0;32766 0;0
857 KEY_X 0;32766 0;0
858 KEY_X 0;32766 0;0
859 KEY_X 0;32766 0;0
860 KEY_X 0;32766 0;0
861 KEY_X 0;32766 0;0
862 KEY_X 0;32766 0;0
863 KEY_X 0;32766 0;0
864 KEY_X 0;32766 0;0
865 KEY_X 0;32766 0;0
866 KEY_X 0;32766 0;0
867 KEY_X 0;32766 0;0
868 KEY_X 0;32766 0;0
869 KEY_X 0;32766 0;0
870 KEY_X 0;32766 0;0
871 KEY_X 0;32766 0;0
872 KEY_X 0;32766 0;0
873 KEY_X 0;32766 0;0
874 KEY_X 0;32766 0;0
875 KEY_X 0;32766 0;0
876 NONE 0;32766 0;0
877 NONE 0;32766 0;0
878 NONE 0;32766 0;0
879 NONE 0;32766 0;0
880 NONE 0;32766 0;0
881 NONE 0;32766 0;0
882 NONE 0;32766 0;0
883 NONE 0;32766 0;0
884 NONE 0;32766 0;0
885 NONE 0;32766 0;0
886 NONE 0;32766 0;0
887 NONE 0;32766 0;0
888 NONE 0;32766 0;0
889 NONE 0;32766 0;0
890 NONE 0;32766 0;0
891 NONE 0;32766 0;0
892 KEY_ZR 0;32766 0;0
893 KEY_Y;KEY_ZR 0;32766 0;0
894 NONE 0;32766 0;0
895 NONE 0;32766 0;0
896 NONE 0;32766 0;0
897 NONE 0;32766 0;0
898 NONE 0;32766 0;0
899 NONE 0;32766 0;0
900 NONE 0;32766 0;0
901 NONE 0;32766 0;0
902 NONE 0;32766 0;0
903 NONE 0;32766 0;0
904 NONE 0;32766 0;0
905 NONE 0;32766 0;0
906 NONE 0;32766 0;0
907 NONE 0;32766 0;0
908 NONE 0;32766 0;0
909 NONE 0;32766 0;0
910 NONE 0;32766 0;0
911 NONE 0;32766 0;0
912 NONE 0;32766 0;0
913 NONE 0;32766 0;0
914 NONE 0;32766 0;0
915 NONE -4693;32429 0;0
916 NONE -4693;32429 0;0
917 NONE -4693;32429 0;0
918 NONE -4693;32429 0;0
919 NONE -4693;32429 0;0
920 NONE -4693;32429 0;0
921 NONE -4693;32429 0;0
922 NONE -4693;32429 0;0
923 NONE -4693;32429 0;0
924 NONE -4693;32429 0;0
925 NONE -4693;32429 0;0
926 NONE -4693;32429 0;0
927 NONE -4693;32429 0;0
928 NONE -4693;32429 0;0
929 NONE -4693;32429 0;0
930 NONE -4693;32429 0;0
931 NONE -4693;32429 0;0
932 NONE -4693;32429 0;0
933 NONE -4693;32429 0;0
934 NONE -4693;32429 0;0
935 NONE -4693;32429 0;0
936 NONE -4693;32429 0;0
937 NONE -4693;32429 0;0
938 NONE -4693;32429 0;0
939 NONE -4693;32429 0;0
940 NONE -4693;32429 0;0
941 NONE -4693;32429 0;0
942 NONE -4693;32429 0;0
943 NONE -4693;32429 0;0
944 NONE -4693;32429 0;0
945 NONE -4693;32429 0;0
946 NONE -4693;32429 0;0
947 NONE -4693;32429 0;0
948 NONE -4693;32429 0;0
949 NONE -4693;32429 0;0
950 NONE -4693;32429 0;0
951 NONE -4693;32429 0;0
952 NONE -4693;32429 0;0
953 NONE -4693;32429 0;0
954 NONE -4693;32429 0;0
955 NONE -4693;32429 0;0
956 NONE -4693;32429 0;0
957 NONE -4693;32429 0;0
958 NONE -4693;32429 0;0
959 NONE -4693;32429 0;0
960 NONE -4693;32429 0;0
961 NONE -4693;32429 0;0
962 NONE -4693;32429 0;0
963 NONE -4693;32429 0;0
964 NONE -4693;32429 0;0
965 NONE -4693;32429 0;0
966 NONE -4693;32429 0;0
967 NONE -4693;32429 0;0
968 NONE -4693;32429 0;0
969 NONE -4693;32429 0;0
970 NONE -4693;32429 0;0
971 NONE -4693;32429 0;0
972 NONE -4693;32429 0;0
973 NONE -4693;32429 0;0
974 NONE -4693;32429 0;0
975 NONE -4693;32429 0;0
976 NONE -4693;32429 0;0
977 NONE -4693;32429 0;0
978 NONE -4693;32429 0;0
979 NONE -4693;32429 0;0
980 NONE -4693;32429 0;0
981 NONE -4693;32429 0;0
982 NONE -4693;32429 0;0
983 NONE -4693;32429 0;0
984 NONE -4693;32429 0;0
985 NONE -4693;32429 0;0
986 NONE -4693;32429 0;0
987 NONE -4693;32429 0;0
988 NONE -4693;32429 0;0
989 NONE -4693;32429 0;0
990 NONE -4693;32429 0;0
991 NONE -4693;32429 0;0
992 NONE -4693;32429 0;0
993 NONE -4693;32429 0;0
994 NONE -4693;32429 0;0
995 NONE -4693;32429 0;0
996 NONE -4693;32429 0;0
997 NONE -4693;32429 0;0
998 NONE -4693;32429 0;0
999 NONE -4693;32429 0;0
1000 NONE -4693;32429 0;0
1001 NONE -4693;32429 0;0
1002 NONE -4693;32429 0;0
1003 NONE -4693;32429 0;0
1004 NONE -4693;32429 0;0
1005 NONE -4693;32429 0;0
1006 NONE -4693;32429 0;0
1007 NONE -4693;32429 0;0
1008 NONE -4693;32429 0;0
1009 NONE -4693;32429 0;0
1010 NONE -4693;32429 0;0
1011 NONE -4693;32429 0;0
1012 NONE -4693;32429 0;0
1013 NONE -4693;32429 0;0
1014 NONE -4693;32429 0;0
1015 NONE -4693;32429 0;0
1016 NONE -4693;32429 0;0
1017 NONE -4693;32429 0;0
1018 NONE -4693;32429 0;0
1019 NONE -4693;32429 0;0
1020 NONE -4693;32429 0;0
1021 NONE -4693;32429 0;0
1022 NONE -4693;32429 0;0
1023 NONE -4693;32429 0;0
1024 NONE -4693;32429 0;0
1025 NONE -4693;32429 0;0
1026 NONE -4693;32429 0;0
1027 NONE -4693;32429 0;0
1028 NONE -4693;32429 0;0
1029 NONE -4693;32429 0;0
1030 NONE -4693;32429 0;0
1031 NONE -4693;32429 0;0
1032 NONE -4693;32429 0;0
1033 NONE -4693;32429 0;0
1034 NONE -4693;32429 0;0
1035 NONE -4693;32429 0;0
1036 NONE -4693;32429 0;0
1037 NONE -4693;32429 0;0
1038 NONE -4693;32429 0;0
1039 NONE -4693;32429 0;0
1040 NONE -4693;32429 0;0
1041 NONE -4693;32429 0;0
1042 NONE -4693;32429 0;0
1043 NONE -4693;32429 0;0
1044 NONE -4693;32429 0;0
1045 NONE -4693;32429 0;0
1046 NONE -4693;32429 0;0
1047 NONE -4693;32429 0;0
1048 NONE -4693;32429 0;0
1049 NONE -4693;32429 0;0
1050 NONE -4693;32429 0;0
1051 NONE -4693;32429 0;0
1052 NONE -4693;32429 0;0
1053 NONE -4693;32429 0;0
1054 NONE -4693;32429 0;0
1055 NONE -4693;32429 0;0
1056 NONE -4693;32429 0;0
1057 NONE -4693;32429 0;0
1058 NONE -4693;32429 0;0
1059 NONE -4693;32429 0;0
1060 NONE -4693;32429 0;0
1061 NONE -4693;32429 0;0
1062 NONE -4693;32429 0;0
1063 NONE -4693;32429 0;0
1064 NONE -4693;32429 0;0
1065 NONE -4693;32429 0;0
1066 NONE -4693;32429 0;0
1067 NONE -4693;32429 0;0
1068 NONE -4693;32429 0;0
1069 NONE -4693;32429 0;0
1070 NONE -4693;32429 0;0
1071 NONE -4693;32429 0;0
1072 NONE -4693;32429 0;0
1073 NONE -4693;32429 0;0
1074 NONE -4693;32429 0;0
1075 NONE -4693;32429 0;0
1076 NONE -4693;32429 0;0
1077 NONE -4693;32429 0;0
1078 NONE -4693;32429 0;0
1079 NONE -4693;32429 0;0
1080 NONE -4693;32429 0;0
1081 NONE -4693;32429 0;0
1082 NONE -4693;32429 0;0
1083 NONE -4693;32429 0;0
1084 NONE -4693;32429 0;0
1085 NONE -4693;32429 0;0
1086 NONE -4693;32429 0;0
1087 NONE -4693;32429 0;0
1088 NONE -4693;32429 0;0
1089 NONE -4693;32429 0;0
1090 NONE -4693;32429 0;0
1091 NONE -4693;32429 0;0
1092 NONE -4693;32429 0;0
1093 NONE -4693;32429 0;0
1094 NONE -4693;32429 0;0
1095 NONE -4693;32429 0;0
1096 NONE -4693;32429 0;0
1097 NONE -4693;32429 0;0
1098 NONE -4693;32429 0;0
1099 NONE -4693;32429 0;0
1100 NONE -4693;32429 0;0
1101 NONE -4693;32429 0;0
1102 NONE -4693;32429 0;0
1103 NONE -4693;32429 0;0
1104 NONE -4693;32429 0;0
1105 NONE -4693;32429 0;0
1106 NONE -10124;31159 0;0
1107 NONE -10124;31159 0;0
1108 NONE -10124;31159 0;0
1109 NONE -10124;31159 0;0
1110 NONE -10124;31159 0;0
1111 NONE -10124;31159 0;0
1112 KEY_L -10124;31159 0;0
1113 KEY_X -10124;31159 0;0
1114 KEY_X -10124;31159 0;0
1115 KEY_X -10124;31159 0;0
1116 KEY_X -10124;31159 0;0
1117 KEY_X -10124;31159 0;0
1118 KEY_X -10124;31159 0;0
1119 KEY_X -10124;31159 0;0
1120 KEY_X;KEY_ZR -10124;31159 0;0
1121 KEY_X;KEY_Y;KEY_ZR -10124;31159 0;0
1122 KEY_X -10124;31159 0;0
1123 KEY_X -10124;31159 0;0
1124 KEY_X -10124;31159 0;0
1125 KEY_X -10124;31159 0;0
1126 KEY_X -10124;31159 0;0
1127 KEY_X -10124;31159 0;0
1128 KEY_X -10124;31159 0;0
1129 KEY_X -10124;31159 0;0
1130 KEY_X -10124;31159 0;0
1131 KEY_X -10124;31159 0;0
1132 KEY_X -10124;31159 0;0
1133 KEY_X -10124;31159 0;0
1134 KEY_X -10124;31159 0;0
1135 KEY_X -10124;31159 0;0
1136 KEY_X -10124;31159 0;0
1137 KEY_X -10124;31159 0;0
1138 KEY_X -10124;31159 0;0
1139 KEY_X -10124;31159 0;0
1140 KEY_X -10124;31159 0;0
1141 KEY_X -10124;31159 0;0
1142 KEY_X -10124;31159 0;0
1143 KEY_X -10124;31159 0;0
1144 KEY_X -10124;31159 0;0
1145 KEY_X -10124;31159 0;0
1146 KEY_X -10124;31159 0;0
1147 KEY_X -10124;31159 0;0
1148 KEY_X -10124;31159 0;0
1149 KEY_X -10124;31159 0;0
1150 KEY_X -10124;31159 0;0
1151 KEY_X -10124;31159 0;0
1152 KEY_X -10124;31159 0;0
1153 KEY_X -10124;31159 0;0
1154 KEY_X -10124;31159 0;0
1155 KEY_ZR -10124;31159 0;0
1156 KEY_Y;KEY_ZR -10124;31159 0;0
1157 NONE -10124;31159 0;0
1158 NONE -10124;31159 0;0
1159 NONE -10124;31159 0;0
1160 NONE -10124;31159 0;0
1161 NONE -10124;31159 0;0
1162 NONE -10124;31159 0;0
1163 NONE -10124;31159 0;0
1164 NONE -10124;31159 0;0
1165 NONE -10124;31159 0;0
1166 NONE -10124;31159 0;0
1167 NONE -10124;31159 0;0
1168 NONE -10124;31159 0;0
1169 NONE -10124;31159 0;0
1170 NONE -10124;31159 0;0
1171 NONE -10124;31159 0;0
1172 NONE -10124;31159 0;0
1173 NONE -10124;31159 0;0
1174 NONE -10124;31159 0;0
1175 NONE -10124;31159 0;0
1176 NONE -10124;31159 0;0
1177 NONE -10124;31159 0;0
1178 NONE -10124;31159 0;0
1179 NONE 32764;0 0;0
1180 NONE -16382;28374 0;0
1181 NONE -16382;-28374 0;0
1182 NONE 32764;0 0;0
1183 NONE -16382;28374 0;0
1184 NONE -16382;-28374 0;0
1185 NONE 32764;0 0;0
1186 NONE -16382;28374 0;0
1187 NONE -16382;-28374 0;0
1188 NONE 32764;0 0;0
1189 NONE -16382;28374 0;0
1190 NONE -16382;-28374 0;0
1191 NONE 32764;0 0;0
1192 NONE -16382;28374 0;0
1193 NONE -16382;-28374 0;0
1194 NONE 32764;0 0;0
1195 KEY_A -571;32759 0;0
1196 KEY_ZR -571;32759 0;0
1197 KEY_ZR -571;32759 0;0
1198 KEY_ZR -571;32759 0;0
1199 KEY_ZR -571;32759 0;0
1200 KEY_ZR -571;32759 0;0
1201 KEY_ZR -571;32759 0;0
1202 KEY_ZR -571;32759 0;0
1203 KEY_Y;KEY_ZR -571;32759 0;0
1204 KEY_R 0;32765 0;0
1205 NONE 0;32767 0;0
1206 NONE 0;32767 0;0
1207 NONE 0;32767 0;0
1208 NONE 0;32767 0;0
1209 NONE 0;32767 0;0
1210 NONE 0;32767 0;0
1211 NONE 0;32767 0;0
1212 KEY_B;KEY_DUP 0;32767 0;0
1213 NONE 0;32767 0;0
1214 NONE 0;32767 0;0
1215 NONE 0;32767 0;0
1216 NONE 0;32767 0;0
1217 KEY_A 0;32767 0;0
1218 KEY_A 0;32767 0;0
1219 KEY_A 0;32767 0;0
1220 KEY_A 0;32767 0;0
1221 KEY_A 0;32767 0;0
1222 KEY_A 0;32767 0;0
1223 KEY_A 0;32767 0;0
1224 KEY_A 0;32767 0;0
1225 KEY_A 0;32767 0;0
1226 KEY_A 0;32767 0;0
1227 KEY_A 0;32767 0;0
1228 KEY_A 0;32767 0;0
1229 KEY_A 0;32767 0;0
1230 KEY_A 0;32767 0;0
1231 KEY_A 0;32767 0;0
1232 KEY_A 0;32767 0;0
1233 NONE 0;32767 0;0
1234 NONE 0;32767 0;0
1235 NONE 0;32767 0;0
1236 NONE 0;32767 0;0
1237 NONE 0;32767 0;0
1238 NONE 0;32767 0;0
1239 NONE 0;32767 0;0
1240 NONE 0;32767 0;0
1241 NONE 0;32767 0;0
1242 NONE 0;32767 0;0
1243 KEY_L 0;32767 0;0
1244 KEY_X 0;32767 0;0
1245 KEY_X 0;32767 0;0
1246 KEY_X 0;32767 0;0
1247 KEY_X 0;32767 0;0
1248 KEY_X 0;32767 0;0
1249 KEY_X 0;32767 0;0
1250 KEY_X 0;32767 0;0
1251 KEY_X;KEY_ZR 0;32767 0;0
1252 KEY_X;KEY_Y;KEY_ZR 0;32767 0;0
1253 KEY_X 0;32767 0;0
1254 KEY_X 0;32767 0;0
1255 KEY_X 0;32767 0;0
1256 KEY_X 0;32767 0;0
1257 KEY_X 0;32767 0;0
1258 KEY_X 0;32767 0;0
1259 KEY_X 0;0 0;0
1260 KEY_X 0;0 0;0
1261 KEY_X 0;0 0;0
1262 KEY_X 0;0 0;0
1263 KEY_X 0;0 0;0
1266 KEY_ZR 0;0 0;0
1267 KEY_Y;KEY_ZR 0;0 0;0
1268 KEY_ZR 0;-32767 0;0
1269 KEY_ZR 0;-32767 0;0
1270 KEY_ZR 0;-32767 0;0
1271 KEY_ZR 0;-32767 0;0
1272 KEY_ZR 0;-32767 0;0
1273 KEY_ZR 0;32767 0;0
1274 KEY_ZR 0;32767 0;0
1275 KEY_ZR 0;32767 0;0
1276 KEY_ZR 0;32767 0;0
1277 KEY_ZR 0;32767 0;0
1278 KEY_ZR 0;32767 0;0
1279 KEY_ZR 0;32767 0;0
1280 KEY_ZR 0;32767 0;0
1281 KEY_ZR 0;32767 0;0
1282 KEY_ZR 0;32767 0;0
1283 KEY_ZR 0;32767 0;0
1284 KEY_ZR 0;32767 0;0
1285 KEY_ZR 0;32767 0;0
1286 KEY_ZR 0;32767 0;0
1287 KEY_ZR 0;32767 0;0
1288 KEY_Y;KEY_ZR 0;32767 0;0
1289 KEY_ZR 0;32767 0;0
1290 KEY_ZR 0;32767 0;0
1291 NONE 0;32767 0;0
1292 NONE 0;32767 0;0
1293 NONE 0;32767 0;0
1294 NONE 0;32767 0;0
1295 NONE 0;32767 0;0
1296 NONE 0;32767 0;0
1297 NONE 0;32767 0;0
1298 NONE 0;32767 0;0
1299 NONE 0;32767 0;0
1300 NONE 0;32767 0;0
1301 NONE 0;32767 0;0
1302 NONE 0;32767 0;0
1303 NONE 0;32767 0;0
1304 NONE 0;32767 0;0
1305 NONE 0;32767 0;0
1306 NONE 0;32767 0;0
1307 KEY_B;KEY_DUP 0;32767 0;0
1308 NONE 0;32767 0;0
1309 NONE 0;32767 0;0
1310 NONE 0;32767 0;0
1311 NONE 0;32767 0;0
1312 KEY_A 0;32767 0;0
1313 KEY_A 0;32767 0;0
1314 KEY_A 0;32767 0;0
1315 KEY_A 0;32767 0;0
1316 KEY_A 0;32767 0;0
1317 KEY_A 0;32767 0;0
1318 KEY_A 0;32767 0;0
1319 KEY_A 0;32767 0;0
1320 KEY_A 0;32767 0;0
1321 KEY_A 0;32767 0;0
1322 KEY_A 0;32767 0;0
1323 KEY_A 0;32767 0;0
1324 KEY_A 0;32767 0;0
1325 KEY_A 0;32767 0;0
1326 KEY_A 0;32767 0;0
1327 KEY_A 0;32767 0;0
1328 KEY_ZR 0;32767 0;0
1329 KEY_Y;KEY_ZR 0;32767 0;0
1330 NONE 0;32767 0;0
1331 NONE 0;32767 0;0
1332 NONE 0;32767 0;0
1333 NONE 0;32767 0;0
1334 NONE 0;32767 0;0
1335 NONE 0;32767 0;0
1336 NONE 0;32767 0;0
1337 NONE 0;32767 0;0
1338 NONE 0;32767 0;0
1339 NONE 0;32767 0;0
1340 NONE 0;32767 0;0
1341 NONE 0;32767 0;0
1342 NONE 0;32767 0;0
1343 NONE 0;32767 0;0
1344 NONE 0;32767 0;0
1345 NONE 0;32767 0;0
1346 NONE 0;32767 0;0
1347 NONE 0;32767 0;0
1348 NONE 0;32767 0;0
1349 NONE 0;32767 0;0
1350 NONE 0;32767 0;0
1351 NONE 0;32767 0;0
1352 NONE 0;32767 0;0
1353 NONE 0;32767 0;0
1354 NONE 0;32767 0;0
1355 NONE 0;32767 0;0
1356 NONE 0;32767 0;0
1357 NONE 0;32767 0;0
1358 NONE 0;32767 0;0
1359 NONE 0;32767 0;0
1360 NONE 0;32767 0;0
1361 NONE 0;32767 0;0
1362 NONE 0;32767 0;0
1363 NONE 0;32767 0;0
1364 NONE 0;32767 0;0
1365 NONE 0;32767 0;0
1366 NONE 0;32767 0;0
1367 NONE 0;32767 0;0
1368 NONE 0;32767 0;0
1369 NONE 0;32767 0;0
1370 NONE 0;32767 0;0
1371 NONE 0;32767 0;0
1372 NONE 0;32767 0;0
1373 NONE 0;32767 0;0
1374 NONE 0;32767 0;0
1375 NONE 0;32767 0;0
1376 NONE 0;32767 0;0
1377 NONE 0;32767 0;0
1378 NONE 0;32767 0;0
1379 NONE 0;32767 0;0
1380 NONE 0;32767 0;0
1381 NONE 0;32767 0;0
1382 NONE 0;32767 0;0
1383 NONE 0;32767 0;0
1384 NONE 0;32767 0;0
1385 NONE 0;32767 0;0
1386 NONE 0;32767 0;0
1387 NONE 0;32767 0;0
1388 NONE 0;32767 0;0
1389 NONE 0;32767 0;0
1390 NONE 0;32767 0;0
1391 NONE 0;32767 0;0
1392 NONE 0;32767 0;0
1393 NONE 0;32767 0;0
1394 NONE 0;32767 0;0
1395 NONE 0;32767 0;0
1396 NONE 0;32767 0;0
1397 NONE 0;32767 0;0
1398 NONE 0;32767 0;0
1399 NONE 0;32767 0;0
1400 NONE 0;32767 0;0
1401 NONE 0;32767 0;0
1402 NONE 0;32767 0;0
1403 NONE 0;32767 0;0
1404 NONE 0;32767 0;0
1405 NONE 0;32767 0;0
1406 NONE 0;32767 0;0
1407 NONE 0;32767 0;0
1408 NONE 0;32767 0;0
1409 NONE 0;32767 0;0
1410 NONE 0;32767 0;0
1411 NONE 0;32767 0;0
1412 NONE 0;32767 0;0
1413 NONE 0;32767 0;0
1414 NONE 0;32767 0;0
1415 NONE 0;32767 0;0
1416 NONE 0;32767 0;0
1417 NONE 0;32767 0;0
1418 NONE 0;32767 0;0
1419 NONE 0;32767 0;0
1420 NONE 0;32767 0;0
1421 NONE 0;32767 0;0
1422 NONE 0;32767 0;0
1423 NONE 0;32767 0;0
1424 NONE 0;32767 0;0
1425 NONE 0;32767 0;0
1426 NONE 0;32767 0;0
1427 NONE 0;32767 0;0
1428 NONE 0;32767 0;0
1429 NONE 0;32767 0;0
1430 NONE 0;32767 0;0
1431 NONE 0;32767 0;0
1432 NONE 0;32767 0;0
1433 NONE 0;32767 0;0
1434 NONE 0;32767 0;0
1435 NONE 0;32767 0;0
1436 NONE 0;32767 0;0
1437 NONE 0;32767 0;0
1438 NONE 0;32767 0;0
1439 NONE 0;32767 0;0
1440 NONE 0;32767 0;0
1441 NONE 0;32767 0;0
1442 NONE 0;32767 0;0
1443 NONE 0;32767 0;0
1444 NONE 0;32767 0;0
1445 NONE 0;32767 0;0
1446 NONE 0;32767 0;0
1447 NONE 0;32767 0;0
1448 NONE 0;32767 0;0
1449 NONE 0;32767 0;0
1450 NONE 0;32767 0;0
1451 NONE 0;32767 0;0
1452 NONE 0;32767 0;0
1453 NONE 0;32767 0;0
1454 NONE 0;32767 0;0
1455 NONE 0;32767 0;0
1456 NONE 0;32767 0;0
1457 NONE 0;32767 0;0
1458 NONE 0;32767 0;0
1459 NONE 0;32767 0;0
1460 NONE 0;32767 0;0
1461 NONE 0;32767 0;0
1462 NONE 0;32767 0;0
1463 NONE 0;32767 0;0
1464 NONE 0;32767 0;0
1465 NONE 0;32767 0;0
1466 NONE 0;32767 0;0
1467 NONE 0;32767 0;0
1468 NONE 0;32767 0;0
1469 NONE 0;32767 0;0
1470 NONE 0;32767 0;0
1471 NONE 0;32767 0;0
1472 NONE 0;32767 0;0
1473 NONE 0;32767 0;0
1474 NONE 0;32767 0;0
1475 NONE 0;32767 0;0
1476 NONE 0;32767 0;0
1477 NONE 0;32767 0;0
1478 NONE 0;32767 0;0
1479 NONE 0;32767 0;0
1480 NONE 0;32767 0;0
1481 NONE 0;32767 0;0
1482 NONE 0;32767 0;0
1483 NONE 0;32767 0;0
1484 NONE 0;32767 0;0
1485 NONE 0;32767 0;0
1486 NONE 0;32767 0;0
1487 NONE 0;32767 0;0
1488 NONE 0;32767 0;0
1489 NONE 0;32767 0;0
1490 NONE 0;32767 0;0
1491 NONE 0;32767 0;0
1492 NONE 0;32767 0;0
1493 NONE 0;32767 0;0
1494 NONE 0;32767 0;0
1495 NONE 0;32767 0;0
1496 NONE 0;32767 0;0
1497 NONE 0;32767 0;0
1498 NONE 0;32767 0;0
1499 NONE 0;32767 0;0
1500 NONE 0;32767 0;0
1501 NONE 0;32767 0;0
1502 NONE 0;32767 0;0
1503 NONE 0;32767 0;0
1504 NONE 0;32767 0;0
1505 NONE 0;32767 0;0
1506 NONE 0;32767 0;0
1507 NONE 0;32767 0;0
1508 NONE 0;32767 0;0
1509 NONE 0;32767 0;0
1510 NONE 0;32767 0;0
1511 NONE 0;32767 0;0
1512 NONE 0;32767 0;0
1513 NONE 0;32767 0;0
1514 NONE 0;32767 0;0
1515 NONE 0;32767 0;0
1516 NONE 0;32767 0;0
1517 NONE 0;32767 0;0
1518 NONE 0;32767 0;0
1519 NONE 0;32767 0;0
1520 NONE 0;32767 0;0
1521 NONE 0;32767 0;0
1522 NONE 0;32767 0;0
1523 NONE 0;32767 0;0
1524 NONE 0;32767 0;0
1525 NONE 0;32767 0;0
1526 NONE 0;32767 0;0
1527 NONE 0;32767 0;0
1528 NONE 0;32767 0;0
1529 NONE 0;32767 0;0
1530 NONE 0;32767 0;0
1531 NONE 0;32767 0;0
1532 NONE 0;32767 0;0
1533 NONE 0;32767 0;0
1534 NONE 0;32767 0;0
1535 NONE 0;32767 0;0
1536 NONE 0;32767 0;0
1537 NONE 0;32767 0;0
1538 NONE 0;32767 0;0
1539 NONE 0;32767 0;0
1540 NONE 0;32767 0;0
1541 NONE 0;32767 0;0
1542 NONE 0;32767 0;0
1543 NONE 0;32767 0;0
1544 KEY_DRIGHT -1143;32747 0;0
1545 NONE -1143;32747 0;0
1546 NONE -1143;32747 0;0
1547 NONE -1143;32747 0;0
1548 NONE -1143;32747 0;0
1549 NONE -1143;32747 0;0
1550 NONE -1143;32747 0;0
1551 NONE -1143;32747 0;0
1552 KEY_ZR -1143;32747 0;0
1553 KEY_Y;KEY_ZR -1143;32747 0;0
1554 KEY_ZR -1143;32747 0;0
1555 KEY_ZR -1143;32747 0;0
1556 KEY_ZR -1143;32747 0;0
1557 KEY_ZR -1143;32747 0;0
1558 KEY_ZR -1143;32747 0;0
1559 KEY_ZR -1143;32747 0;0
1560 KEY_ZR -1143;32747 0;0
1561 KEY_ZR -1143;32747 0;0
1562 KEY_ZR -1143;32747 0;0
1563 KEY_ZR -1143;32747 0;0
1564 KEY_ZR -1143;32747 0;0
1565 KEY_ZR -1143;32747 0;0
1566 KEY_ZR -1143;32747 0;0
1567 KEY_ZR -1143;32747 0;0
1568 KEY_ZR -1143;32747 0;0
1569 KEY_ZR -1143;32747 0;0
1570 KEY_ZR -1143;32747 0;0
1571 KEY_ZR -1143;32747 0;0
1572 KEY_ZR -1143;32747 0;0
1573 KEY_ZR -1143;32747 0;0
1574 KEY_ZR -1143;32747 0;0
1575 KEY_ZR -1143;32747 0;0
1576 KEY_ZR -1143;32747 0;0
1577 KEY_ZR -1143;32747 0;0
1578 KEY_ZR -1143;32747 0;0
1579 KEY_ZR -1143;32747 0;0
1580 KEY_ZR -1143;32747 0;0
1581 KEY_ZR -1143;32747 0;0
1582 KEY_ZR -1143;32747 0;0
1583 KEY_ZR -1143;32747 0;0
1584 KEY_ZR -1143;32747 0;0
1585 KEY_ZR -1143;32747 0;0
1586 KEY_ZR -1143;32747 0;0
1587 KEY_ZR -1143;32747 0;0
1588 KEY_ZR -1143;32747 0;0
1589 KEY_ZR -1143;32747 0;0
1590 KEY_ZR -1143;32747 0;0
1591 KEY_ZR -1143;32747 0;0
1592 KEY_ZR -1143;32747 0;0
1593 KEY_ZR -1143;32747 0;0
1594 KEY_ZR -1143;32747 0;0
1595 KEY_ZR -1143;32747 0;0
1596 KEY_ZR -1143;32747 0;0
1597 KEY_ZR -1143;32747 0;0
1598 KEY_ZR -1143;32747 0;0
1599 KEY_ZR -1143;32747 0;0
1600 KEY_ZR -1143;32747 0;0
1601 KEY_ZR -1143;32747 0;0
1602 KEY_ZR -1143;32747 0;0
1603 KEY_ZR -1143;32747 0;0
1604 KEY_ZR -1143;32747 0;0
1605 KEY_ZR -1143;32747 0;0
1606 KEY_ZR 0;-32767 0;0
