1 NONE 0;0 0;0
2 NONE 0;0 0;0
3 NONE 0;0 0;0
4 NONE 0;0 0;0
5 NONE 0;0 0;0
6 NONE 0;0 0;0
7 NONE 0;0 0;0
8 NONE 0;0 0;0
9 NONE 0;0 0;0
10 NONE 0;0 0;0
11 NONE 0;0 0;0
12 NONE 0;0 0;0
13 NONE 0;0 0;0
14 NONE 0;0 0;0
15 NONE 0;0 0;0
16 NONE 0;0 0;0
17 NONE 0;0 0;0
18 NONE 0;0 0;0
19 NONE 0;0 0;0
20 NONE 0;0 0;0
21 NONE 0;0 0;0
22 NONE 0;0 0;0
23 NONE 0;0 0;0
24 NONE 0;0 0;0
25 NONE 0;0 0;0
26 NONE 0;0 0;0
27 NONE 0;0 0;0
28 NONE 0;0 0;0
29 NONE 0;0 0;0
30 NONE 0;0 0;0
31 NONE 0;0 0;0
32 NONE 0;0 0;0
33 NONE 0;0 0;0
34 NONE 0;0 0;0
35 NONE 0;0 0;0
36 NONE 0;0 0;0
37 NONE 0;0 0;0
38 NONE 0;0 0;0
39 NONE 0;0 0;0
40 NONE 0;0 0;0
41 NONE 0;0 0;0
42 NONE 0;0 0;0
43 NONE 0;0 0;0
44 NONE 0;0 0;0
45 NONE 0;0 0;0
46 NONE 0;0 0;0
47 NONE 0;0 0;0
48 NONE 0;0 0;0
49 NONE 0;0 0;0
50 NONE 0;0 0;0
51 NONE 0;0 0;0
52 NONE 0;0 0;0
53 NONE 0;0 0;0
54 NONE 0;0 0;0
55 NONE 0;0 0;0
56 NONE 0;0 0;0
57 NONE 0;0 0;0
58 NONE 0;0 0;0
59 NONE 0;0 0;0
60 NONE 0;0 0;0
61 KEY_PLUS 0;0 0;0
62 NONE 0;0 0;0
63 NONE 0;0 0;0
64 NONE 0;0 0;0
65 NONE 0;0 0;0
66 NONE 0;32767 0;0
67 NONE 0;0 0;0
68 NONE 0;0 0;0
69 NONE 0;0 0;0
70 NONE 0;0 0;0
71 KEY_A 0;0 0;0
72 NONE 0;0 0;0
73 NONE 0;0 0;0
74 NONE 0;0 0;0
75 NONE 0;0 0;0
76 NONE 0;0 0;0
77 NONE 0;0 0;0
78 NONE 0;0 0;0
79 NONE 0;0 0;0
80 NONE 0;0 0;0
81 NONE 0;0 0;0
82 NONE 0;0 0;0
83 NONE 0;0 0;0
84 NONE 0;0 0;0
85 NONE 0;0 0;0
86 NONE 0;0 0;0
87 NONE 0;0 0;0
88 NONE 0;0 0;0
89 NONE 0;0 0;0
90 NONE 0;0 0;0
91 NONE 0;0 0;0
92 NONE 0;0 0;0
93 NONE 0;0 0;0
94 NONE 0;0 0;0
95 NONE 0;0 0;0
96 NONE 0;0 0;0
97 NONE 0;0 0;0
98 NONE 0;0 0;0
99 NONE 0;0 0;0
100 NONE 0;0 0;0
101 NONE 0;0 0;0
102 NONE 0;0 0;0
103 NONE 0;0 0;0
104 NONE 0;0 0;0
105 NONE 0;0 0;0
106 NONE 0;0 0;0
107 NONE 0;0 0;0
108 NONE 0;0 0;0
109 NONE 0;0 0;0
110 NONE 0;0 0;0
111 NONE 0;0 0;0
112 NONE 0;0 0;0
113 NONE 0;0 0;0
114 NONE 0;0 0;0
115 NONE 0;0 0;0
116 NONE 0;0 0;0
117 NONE 0;0 0;0
118 NONE 0;0 0;0
119 NONE 0;0 0;0
120 NONE 0;0 0;0
121 NONE 0;0 0;0
122 NONE 0;0 0;0
123 NONE 0;0 0;0
124 NONE 0;0 0;0
125 NONE 0;0 0;0
126 NONE 0;0 0;0
127 NONE 0;0 0;0
128 NONE 0;0 0;0
129 NONE 0;0 0;0
130 NONE 0;0 0;0
131 NONE 0;0 0;0
132 NONE 0;0 0;0
133 NONE 0;0 0;0
134 NONE 0;0 0;0
135 NONE 0;0 0;0
136 NONE 0;0 0;0
137 NONE 0;0 0;0
138 NONE 0;0 0;0
139 NONE 0;0 0;0
140 NONE 0;0 0;0
141 NONE 0;0 0;0
142 NONE 0;0 0;0
143 NONE 0;0 0;0
144 NONE 0;0 0;0
145 NONE 0;0 0;0
146 NONE 0;0 0;0
147 NONE 0;0 0;0
148 NONE 0;0 0;0
149 NONE 0;0 0;0
150 NONE 0;0 0;0
151 NONE 0;0 0;0
152 NONE 0;0 0;0
153 NONE 0;0 0;0
154 NONE 0;0 0;0
155 NONE 0;0 0;0
156 NONE 0;0 0;0
157 NONE 0;0 0;0
158 NONE 0;0 0;0
159 NONE 0;0 0;0
160 NONE 0;0 0;0
161 NONE 0;0 0;0
162 NONE 0;0 0;0
163 NONE 0;0 0;0
164 NONE 0;0 0;0
165 NONE 0;0 0;0
166 NONE 0;0 0;0
167 NONE 0;0 0;0
168 NONE 0;0 0;0
169 NONE 0;0 0;0
170 NONE 0;0 0;0
171 NONE 0;0 0;0
172 NONE 0;0 0;0
173 NONE 0;0 0;0
174 NONE 0;0 0;0
175 NONE 0;0 0;0
176 NONE 0;0 0;0
177 NONE 0;0 0;0
178 NONE 0;0 0;0
179 NONE 0;0 0;0
180 NONE 0;0 0;0
181 NONE 0;0 0;0
182 NONE 0;0 0;0
183 NONE 0;0 0;0
184 NONE 0;0 0;0
185 NONE 0;0 0;0
186 NONE 0;0 0;0
187 NONE 0;0 0;0
188 NONE 0;0 0;0
189 NONE 0;0 0;0
190 NONE 0;0 0;0
191 NONE 0;0 0;0
192 NONE 0;0 0;0
193 NONE 0;0 0;0
194 NONE 0;0 0;0
195 NONE 0;0 0;0
196 NONE 0;0 0;0
197 NONE 0;0 0;0
198 NONE 0;0 0;0
199 NONE 0;0 0;0
200 NONE 0;0 0;0
201 NONE 0;0 0;0
202 NONE 0;0 0;0
203 NONE 0;0 0;0
204 NONE 0;0 0;0
205 NONE 0;0 0;0
206 NONE 0;0 0;0
207 NONE 0;0 0;0
208 NONE 0;0 0;0
209 NONE 0;0 0;0
210 NONE 0;0 0;0
211 NONE 0;0 0;0
212 NONE 0;0 0;0
213 NONE 0;0 0;0
214 NONE 0;0 0;0
215 NONE 0;0 0;0
216 NONE 0;0 0;0
217 NONE 0;0 0;0
218 NONE 0;0 0;0
219 NONE 0;0 0;0
220 NONE 0;0 0;0
221 NONE 0;0 0;0
222 NONE 0;0 0;0
223 NONE 0;0 0;0
224 NONE 0;0 0;0
225 NONE 0;0 0;0
226 NONE 0;0 0;0
227 NONE 0;0 0;0
228 NONE 0;0 0;0
229 NONE 0;0 0;0
230 NONE 0;0 0;0
231 NONE 0;0 0;0
232 NONE 0;0 0;0
233 NONE 0;0 0;0
234 NONE 0;0 0;0
235 NONE 0;0 0;0
236 NONE 0;0 0;0
237 NONE 0;0 0;0
238 NONE 0;0 0;0
239 NONE 0;0 0;0
240 NONE 0;0 0;0
241 NONE 0;0 0;0
242 NONE 0;0 0;0
243 NONE 0;0 0;0
244 NONE 0;0 0;0
245 NONE 0;0 0;0
246 NONE 0;0 0;0
247 NONE 0;0 0;0
248 NONE 0;0 0;0
249 NONE 0;0 0;0
250 NONE 0;0 0;0
251 NONE 0;0 0;0
252 NONE 0;0 0;0
253 NONE 0;0 0;0
254 NONE 0;0 0;0
255 NONE 0;0 0;0
256 NONE 0;0 0;0
257 NONE 0;0 0;0
258 NONE 0;0 0;0
259 NONE 0;0 0;0
260 NONE 0;0 0;0
261 NONE 0;0 0;0
262 NONE 0;0 0;0
263 NONE 0;0 0;0
264 NONE 0;0 0;0
265 NONE 0;0 0;0
266 NONE 0;0 0;0
267 NONE 0;0 0;0
268 NONE 0;0 0;0
269 NONE 0;0 0;0
270 NONE 0;0 0;0
271 NONE 0;0 0;0
272 NONE 0;0 0;0
273 NONE 0;0 0;0
274 NONE 0;0 0;0
275 NONE 0;0 0;0
276 NONE 0;0 0;0
277 NONE 0;0 0;0
278 NONE 0;0 0;0
279 NONE 0;0 0;0
280 NONE 0;0 0;0
281 NONE 0;0 0;0
282 NONE 0;0 0;0
283 NONE 0;0 0;0
284 NONE 0;0 0;0
285 NONE 0;0 0;0
286 NONE 0;0 0;0
287 NONE 0;0 0;0
288 NONE 0;0 0;0
289 NONE 0;0 0;0
290 NONE 0;0 0;0
291 NONE 0;0 0;0
292 NONE 0;0 0;0
293 NONE 0;0 0;0
294 NONE 0;0 0;0
295 NONE 0;0 0;0
296 NONE 0;0 0;0
297 NONE 0;0 0;0
298 NONE 0;0 0;0
299 NONE 0;0 0;0
300 NONE 0;0 0;0
301 NONE 0;0 0;0
302 NONE 0;0 0;0
303 NONE 0;0 0;0
304 NONE 0;0 0;0
305 NONE 0;0 0;0
306 NONE 0;0 0;0
307 NONE 0;0 0;0
308 NONE 0;0 0;0
309 NONE 0;0 0;0
310 NONE 0;0 0;0
311 NONE 0;0 0;0
312 NONE 0;0 0;0
313 NONE 0;0 0;0
314 NONE 0;0 0;0
315 NONE 0;0 0;0
316 NONE 0;0 0;0
317 NONE 0;0 0;0
318 NONE 0;0 0;0
319 NONE 0;0 0;0
320 NONE 0;0 0;0
321 NONE 0;0 0;0
322 NONE 0;0 0;0
323 NONE 0;0 0;0
324 NONE 0;0 0;0
325 NONE 0;32767 0;0
326 NONE -28377;-16383 0;0
327 NONE 28377;-16383 0;0
328 NONE 0;32767 0;0
329 NONE -28377;-16383 0;0
330 NONE 28377;-16383 0;0
331 NONE 0;32767 0;0
332 NONE -28377;-16383 0;0
333 NONE 28377;-16383 0;0
334 NONE 0;32767 0;0
335 NONE -28377;-16383 0;0
336 NONE 28377;-16383 0;0
337 NONE 0;32767 0;0
338 NONE -28377;-16383 0;0
339 NONE 28377;-16383 0;0
340 NONE 0;32767 0;0
341 NONE -28377;-16383 0;0
342 NONE 28377;-16383 0;0
343 NONE 0;32767 0;0
344 NONE -28377;-16383 0;0
345 NONE 28377;-16383 0;0
346 NONE 0;32767 0;0
347 NONE -28377;-16383 0;0
348 NONE 28377;-16383 0;0
349 NONE 0;32767 0;0
350 NONE -28377;-16383 0;0
351 NONE 28377;-16383 0;0
352 NONE 0;32767 0;0
353 NONE -28377;-16383 0;0
354 NONE 28377;-16383 0;0
355 NONE 0;32767 0;0
356 NONE -28377;-16383 0;0
357 NONE 28377;-16383 0;0
358 KEY_B 2285;32687 0;-32767
359 KEY_ZL 2285;32687 0;-32767
360 KEY_ZL 2285;32687 0;-32767
361 KEY_ZL 2285;32687 0;-32767
362 KEY_ZL 2285;32687 0;-32767
363 KEY_ZL;KEY_X 2285;32687 0;-32767
364 KEY_ZL;KEY_Y 2285;32687 0;-32767
365 KEY_ZL;KEY_X 2285;32687 0;-32767
366 KEY_ZL;KEY_Y 2285;32687 0;-32767
367 KEY_ZL;KEY_X 2285;32687 0;-32767
368 KEY_ZL;KEY_Y 2285;32687 0;-32767
369 KEY_ZL 2285;32687 0;-32767
370 KEY_ZL 2285;32687 0;-32767
371 KEY_ZL 2285;32687 0;-32767
372 KEY_ZL 2285;32687 0;-32767
373 KEY_ZL 2285;32687 0;-32767
374 KEY_ZL 2285;32687 0;-32767
375 KEY_ZL 2285;32687 0;-32767
376 KEY_ZL 2285;32687 0;-32767
377 KEY_ZL 2285;32687 0;-32767
378 KEY_ZL 2285;32687 0;-32767
379 KEY_ZL 2285;32687 0;-32767
380 KEY_ZL 2285;32687 0;-32767
381 KEY_ZL 2285;32687 0;-32767
382 KEY_ZL 2285;32687 0;-32767
383 KEY_ZL 2285;32687 0;-32767
384 KEY_ZL 2285;32687 0;-32767
385 KEY_ZL 2285;32687 0;-32767
386 KEY_ZL 2285;32687 0;-32767
387 KEY_ZL 2285;32687 0;-32767
388 KEY_ZL 2285;32687 0;-32767
389 KEY_ZL 2285;32687 0;-32767
390 KEY_ZL 2285;32687 0;-32767
391 KEY_ZL 2285;32687 0;-32767
392 KEY_ZL 2285;32687 0;-32767
393 KEY_ZL 2285;32687 0;-32767
394 KEY_ZL 2285;32687 0;-32767
395 KEY_ZL 2285;32687 0;-32767
396 KEY_ZL 2285;32687 0;-32767
397 KEY_ZL 2285;32687 0;-32767
398 KEY_ZL;KEY_DUP 2285;32687 0;-32767
399 NONE 2285;32687 0;-32767
400 NONE 2285;32687 0;-32767
401 NONE 2285;32687 0;-32767
402 NONE 2285;32687 0;-32767
403 NONE 2285;32687 0;-32767
404 NONE 2285;32687 0;-32767
405 NONE 2285;32687 0;-32767
406 NONE 2285;32687 0;-32767
407 NONE 2285;32687 0;-32767
408 NONE 2285;32687 0;-32767
409 NONE 2285;32687 0;-32767
410 NONE 2285;32687 0;-32767
411 NONE 2285;32687 0;-32767
412 NONE -16383;28377 0;-32767
413 NONE -16383;-28377 0;-32767
414 NONE 32767;0 0;-32767
415 NONE -16383;28377 0;-32767
416 NONE -16383;-28377 0;-32767
417 NONE 32767;0 0;-32767
418 NONE -16383;28377 0;-32767
419 NONE -16383;-28377 0;-32767
420 NONE 32767;0 0;-32767
421 NONE -16383;28377 0;-32767
422 NONE -16383;-28377 0;-32767
423 NONE 32767;0 0;-32767
424 NONE -16383;28377 0;-32767
425 KEY_B;KEY_L -16383;-28377 0;-32767
426 NONE 32762;-571 0;-32767
427 NONE 8480;31650 0;-32767
428 NONE -28377;16383 0;-32767
429 NONE -23169;-23169 0;-32767
430 NONE 16383;-28377 0;-32767
431 NONE 31650;8480 0;-32767
432 KEY_A 0;32767 0;-32767
433 NONE -28377;-16383 0;-32767
434 NONE 32269;-5689 0;-32767
435 NONE 0;32767 0;-32767
436 NONE -28377;-16383 0;-32767
437 NONE 32269;-5689 0;-32767
438 NONE 0;32767 0;-32767
439 NONE -28377;-16383 0;-32767
440 NONE 32269;-5689 0;-32767
441 NONE 0;32767 0;-32767
442 NONE -28377;-16383 0;-32767
443 NONE 32269;-5689 0;-32767
444 NONE 0;32767 0;-32767
445 NONE -28377;-16383 0;-32767
446 NONE 32269;-5689 0;-32767
447 NONE 0;32767 0;-32767
448 NONE -28377;-16383 0;-32767
449 NONE 32269;-5689 0;-32767
450 KEY_A 0;0 0;-32767
451 KEY_ZL 16870;28090 0;-32767
452 KEY_ZL 16870;28090 0;-32767
453 KEY_ZL 16870;28090 0;-32767
454 KEY_ZL 16870;28090 0;-32767
455 KEY_ZL;KEY_X 16870;28090 0;-32767
456 KEY_ZL;KEY_Y 16870;28090 0;-32767
457 KEY_ZL;KEY_X 16870;28090 0;-32767
458 KEY_ZL;KEY_Y 16870;28090 0;-32767
459 KEY_ZL;KEY_X 16870;28090 0;-32767
460 KEY_ZL;KEY_Y 16870;28090 0;-32767
461 NONE 0;0 0;-32767
462 NONE 0;0 0;-32767
463 NONE 0;0 0;-32767
464 NONE 0;0 0;-32767
465 NONE 0;0 0;-32767
466 NONE 0;0 0;-32767
467 NONE 0;0 0;-32767
468 NONE 0;0 0;-32767
469 NONE 0;0 0;-32767
470 NONE 0;0 0;-32767
471 NONE 0;0 0;-32767
472 NONE 0;0 0;-32767
473 NONE 0;0 0;-32767
474 NONE 0;0 0;-32767
475 NONE 0;0 0;-32767
476 NONE 0;0 0;-32767
477 NONE 0;0 0;-32767
478 NONE 0;0 0;-32767
479 NONE 0;0 0;-32767
480 NONE 0;0 0;-32767
481 NONE 0;0 0;-32767
482 NONE 0;0 0;-32767
483 NONE 0;0 0;-32767
484 NONE 0;0 0;-32767
485 NONE 0;0 0;-32767
486 NONE 0;0 0;-32767
487 NONE 0;0 0;-32767
488 NONE 0;0 0;-32767
489 NONE 0;0 0;-32767
490 NONE 0;0 0;-32767
491 NONE 0;0 0;-32767
492 NONE 0;0 0;-32767
493 NONE 0;0 0;-32767
494 NONE 0;0 0;-32767
495 NONE 0;0 0;-32767
496 NONE 0;0 0;-32767
497 NONE 0;0 0;-32767
498 NONE 0;0 0;-32767
499 NONE 0;0 0;-32767
500 NONE 0;0 0;-32767
501 NONE -25100;21062 0;-32767
502 NONE -25100;21062 0;-32767
503 NONE -25100;21062 0;-32767
504 NONE -25100;21062 0;-32767
505 NONE -25100;21062 0;-32767
506 NONE -25100;21062 0;-32767
507 NONE -25100;21062 0;-32767
508 NONE -25100;21062 0;-32767
509 NONE -25100;21062 0;-32767
510 NONE -25100;21062 0;-32767
511 NONE -25100;21062 0;-32767
512 NONE -25100;21062 0;-32767
513 NONE -25100;21062 0;-32767
514 NONE -25100;21062 0;-32767
515 NONE -25100;21062 0;-32767
516 NONE -25100;21062 0;-32767
517 NONE -25100;21062 0;-32767
518 NONE -25100;21062 0;-32767
519 NONE -25100;21062 0;-32767
520 NONE -25100;21062 0;-32767
521 NONE -25100;21062 0;-32767
522 NONE -25100;21062 0;-32767
523 NONE -25100;21062 0;-32767
524 NONE -25100;21062 0;-32767
525 NONE -25100;21062 0;-32767
526 NONE -25100;21062 0;-32767
527 NONE -25100;21062 0;-32767
528 NONE -25100;21062 0;-32767
529 NONE -25100;21062 0;-32767
530 NONE -25100;21062 0;-32767
531 NONE -25100;21062 0;-32767
532 NONE -25100;21062 0;-32767
533 NONE -25100;21062 0;-32767
534 NONE -25100;21062 0;-32767
535 NONE -25100;21062 0;-32767
536 NONE -25100;21062 0;-32767
537 NONE -25100;21062 0;-32767
538 NONE -25100;21062 0;-32767
539 NONE -25100;21062 0;-32767
540 NONE -25100;21062 0;-32767
541 NONE -25100;21062 0;-32767
542 NONE -25100;21062 0;-32767
543 NONE -25100;21062 0;-32767
544 NONE -25100;21062 0;-32767
545 NONE -25100;21062 0;-32767
546 NONE -25100;21062 0;-32767
547 NONE -25100;21062 0;-32767
548 NONE -25100;21062 0;-32767
549 NONE -25100;21062 0;-32767
550 NONE -25100;21062 0;-32767
551 NONE -25100;21062 0;-32767
552 NONE -25100;21062 0;-32767
553 NONE -25100;21062 0;-32767
554 NONE -25100;21062 0;-32767
555 NONE -25100;21062 0;-32767
556 NONE -25100;21062 0;-32767
557 NONE -25100;21062 0;-32767
558 NONE -25100;21062 0;-32767
559 NONE -25100;21062 0;-32767
560 NONE -25100;21062 0;-32767
561 NONE -25100;21062 0;-32767
562 NONE -25100;21062 0;-32767
563 NONE -25100;21062 0;-32767
564 NONE -25100;21062 0;-32767
565 NONE -25100;21062 0;-32767
566 NONE -25100;21062 0;-32767
567 NONE -25100;21062 0;-32767
568 NONE -25100;21062 0;-32767
569 NONE -25100;21062 0;-32767
570 NONE -25100;21062 0;-32767
571 NONE -25100;21062 0;-32767
572 NONE -25100;21062 0;-32767
573 NONE -25100;21062 0;-32767
574 NONE -25100;21062 0;-32767
575 NONE -25100;21062 0;-32767
576 NONE -25100;21062 0;-32767
577 NONE -25100;21062 0;-32767
578 NONE -25100;21062 0;-32767
579 NONE -25100;21062 0;-32767
580 NONE -25100;21062 0;-32767
581 NONE -25100;21062 0;-32767
582 NONE -25100;21062 0;-32767
583 NONE -25100;21062 0;-32767
584 NONE -25100;21062 0;-32767
585 NONE -25100;21062 0;-32767
586 NONE -25100;21062 0;-32767
587 NONE -25100;21062 0;-32767
588 NONE -25100;21062 0;-32767
589 NONE -25100;21062 0;-32767
590 NONE -25100;21062 0;-32767
591 NONE -25100;21062 0;-32767
592 NONE -25100;21062 0;-32767
593 NONE -25100;21062 0;-32767
594 NONE -25100;21062 0;-32767
595 NONE -25100;21062 0;-32767
596 NONE -25100;21062 0;-32767
597 NONE -25100;21062 0;-32767
598 NONE -25100;21062 0;-32767
599 NONE -25100;21062 0;-32767
600 NONE -25100;21062 0;-32767
601 NONE -25100;21062 0;-32767
602 NONE -25100;21062 0;-32767
603 NONE -25100;21062 0;-32767
604 NONE -25100;21062 0;-32767
605 NONE -25100;21062 0;-32767
606 NONE -25100;21062 0;-32767
607 NONE -25100;21062 0;-32767
608 NONE -25100;21062 0;-32767
609 NONE -25100;21062 0;-32767
610 NONE -25100;21062 0;-32767
611 NONE -25100;21062 0;-32767
612 NONE -25100;21062 0;-32767
613 NONE -25100;21062 0;-32767
614 NONE -25100;21062 0;-32767
615 NONE -25100;21062 0;-32767
616 NONE -25100;21062 0;-32767
617 NONE -25100;21062 0;-32767
618 NONE -25100;21062 0;-32767
619 NONE -25100;21062 0;-32767
620 NONE -25100;21062 0;-32767
621 NONE -25100;21062 0;-32767
622 NONE -25100;21062 0;-32767
623 NONE -25100;21062 0;-32767
624 NONE -25100;21062 0;-32767
625 NONE -25100;21062 0;-32767
626 NONE -25100;21062 0;-32767
627 NONE -25100;21062 0;-32767
628 NONE -25100;21062 0;-32767
629 NONE -25100;21062 0;-32767
630 NONE -25100;21062 0;-32767
631 NONE -25100;21062 0;-32767
632 NONE -25100;21062 0;-32767
633 NONE -25100;21062 0;-32767
634 NONE -25100;21062 0;-32767
635 NONE -25100;21062 0;-32767
636 NONE -25100;21062 0;-32767
637 NONE -25100;21062 0;-32767
638 NONE -25100;21062 0;-32767
639 NONE -25100;21062 0;-32767
640 NONE -25100;21062 0;-32767
641 NONE -25100;21062 0;-32767
642 NONE -25100;21062 0;-32767
643 NONE -25100;21062 0;-32767
644 NONE -25100;21062 0;-32767
645 NONE -25100;21062 0;-32767
646 NONE -25100;21062 0;-32767
647 NONE -25100;21062 0;-32767
648 NONE -25100;21062 0;-32767
649 NONE -25100;21062 0;-32767
650 NONE -25100;21062 0;-32767
651 NONE -25100;21062 0;-32767
652 NONE -25100;21062 0;-32767
653 NONE -25100;21062 0;-32767
654 NONE -25100;21062 0;-32767
655 NONE -25100;21062 0;-32767
656 NONE -25100;21062 0;-32767
657 NONE -25100;21062 0;-32767
658 NONE -25100;21062 0;-32767
659 NONE -25100;21062 0;-32767
660 NONE -25100;21062 0;-32767
661 NONE -25100;21062 0;-32767
662 NONE -25100;21062 0;-32767
663 NONE -25100;21062 0;-32767
664 NONE -25100;21062 0;-32767
665 NONE -25100;21062 0;-32767
666 NONE -25100;21062 0;-32767
667 NONE -25100;21062 0;-32767
668 NONE -25100;21062 0;-32767
669 NONE -25100;21062 0;-32767
670 NONE -25100;21062 0;-32767
671 NONE -25100;21062 0;-32767
672 NONE -25100;21062 0;-32767
673 NONE -25100;21062 0;-32767
674 NONE -25100;21062 0;-32767
675 NONE -25100;21062 0;-32767
676 NONE -25100;21062 0;-32767
677 NONE -25100;21062 0;-32767
678 NONE -25100;21062 0;-32767
679 NONE -25100;21062 0;-32767
680 NONE -25100;21062 0;-32767
681 NONE -25100;21062 0;-32767
682 NONE -25100;21062 0;-32767
683 NONE -25100;21062 0;-32767
684 NONE -25100;21062 0;-32767
685 NONE -25100;21062 0;-32767
686 NONE -25100;21062 0;-32767
687 NONE -25100;21062 0;-32767
688 NONE -25100;21062 0;-32767
689 NONE -25100;21062 0;-32767
690 NONE -25100;21062 0;-32767
691 NONE -25100;21062 0;-32767
692 NONE -25100;21062 0;-32767
693 NONE -25100;21062 0;-32767
694 NONE -25100;21062 0;-32767
695 NONE -25100;21062 0;-32767
696 NONE -25100;21062 0;-32767
697 NONE -25100;21062 0;-32767
698 NONE -25100;21062 0;-32767
699 KEY_Y -16383;28377 0;-32767
700 NONE 30162;12803 0;-32767
701 NONE -16383;28377 0;-32767
702 NONE -16383;28377 0;-32767
703 NONE -16383;28377 0;-32767
704 NONE -16383;28377 0;-32767
705 NONE -16383;28377 0;-32767
706 NONE -16383;28377 0;-32767
707 NONE -16383;28377 0;-32767
708 NONE -16383;28377 0;-32767
709 NONE -16383;28377 0;-32767
710 NONE -16383;28377 0;-32767
711 NONE -16383;28377 0;-32767
712 NONE -16383;28377 0;-32767
713 NONE -16383;28377 0;-32767
714 NONE -16383;28377 0;-32767
715 NONE -16383;28377 0;-32767
716 NONE -16383;28377 0;-32767
717 NONE -16383;28377 0;-32767
718 NONE -16383;28377 0;-32767
719 NONE -16383;28377 0;-32767
720 NONE -16383;28377 0;-32767
721 NONE -16383;28377 0;-32767
722 NONE -16383;28377 0;-32767
723 NONE -16383;28377 0;-32767
724 NONE -16383;28377 0;-32767
725 NONE -16383;28377 0;-32767
726 NONE -16383;28377 0;-32767
727 NONE 0;32767 0;-32767
728 NONE 0;32767 0;-32767
729 NONE 0;32767 0;-32767
730 NONE 0;32767 0;-32767
731 NONE 0;32767 0;-32767
732 NONE 0;32767 0;-32767
733 NONE 0;32767 0;-32767
734 NONE 0;32767 0;-32767
735 NONE 0;32767 0;-32767
736 NONE 0;32767 0;-32767
737 NONE 0;32767 0;-32767
738 NONE 0;32767 0;-32767
739 NONE 0;32767 0;-32767
740 NONE 0;32767 0;-32767
741 NONE 0;32767 0;-32767
742 NONE 0;32767 0;-32767
743 NONE 0;32767 0;-32767
744 NONE 0;32767 0;-32767
745 NONE 0;32767 0;-32767
746 NONE 0;32767 0;-32767
747 NONE -23169;23169 0;-32767
748 NONE -23169;23169 0;-32767
749 NONE -23169;23169 0;-32767
750 NONE -23169;23169 0;-32767
751 NONE -23169;23169 0;-32767
752 NONE -23169;23169 0;-32767
753 NONE -23169;23169 0;-32767
754 NONE -23169;23169 0;-32767
755 NONE -23169;23169 0;-32767
756 KEY_ZL 0;0 0;-32767
757 KEY_ZL;KEY_Y 0;0 0;-32767
758 KEY_ZL;KEY_DUP -23169;23169 0;-32767
759 KEY_ZL;KEY_L -23169;23169 0;-32767
760 KEY_ZL;KEY_DUP -23169;23169 0;-32767
761 KEY_ZL;KEY_L -23169;23169 0;-32767
762 KEY_ZL;KEY_DUP -23169;23169 0;-32767
763 KEY_ZL;KEY_L -23169;23169 0;-32767
764 KEY_ZL;KEY_DUP -23169;23169 0;-32767
765 KEY_ZL;KEY_L -23169;23169 0;-32767
766 KEY_ZL;KEY_DUP -23169;23169 0;-32767
767 KEY_ZL;KEY_L -23169;23169 0;-32767
768 KEY_ZL;KEY_DUP -23169;23169 0;-32767
769 KEY_ZL;KEY_L -23169;23169 0;-32767
770 KEY_ZL;KEY_DUP -23169;23169 0;-32767
771 KEY_ZL;KEY_L -23169;23169 0;-32767
772 KEY_ZL;KEY_DUP -23169;23169 0;-32767
773 KEY_ZL;KEY_L -23169;23169 0;-32767
774 KEY_ZL;KEY_DUP -23169;23169 0;-32767
775 KEY_ZL;KEY_L -23169;23169 0;-32767
776 KEY_ZL;KEY_DUP -23169;23169 0;-32767
777 KEY_ZL;KEY_L -23169;23169 0;-32767
778 KEY_ZL;KEY_DUP -23169;23169 0;-32767
779 KEY_ZL;KEY_L -23169;23169 0;-32767
780 KEY_ZL;KEY_DUP -23169;23169 0;-32767
781 KEY_ZL;KEY_L -23169;23169 0;-32767
782 KEY_ZL;KEY_DUP -23169;23169 0;-32767
783 KEY_ZL;KEY_L -23169;23169 0;-32767
784 KEY_ZL;KEY_DUP -23169;23169 0;-32767
785 KEY_ZL;KEY_L -23169;23169 0;-32767
786 KEY_ZL;KEY_DUP -23169;23169 0;-32767
787 KEY_ZL;KEY_L -23169;23169 0;-32767
788 KEY_ZL;KEY_DUP -23169;23169 0;-32767
789 KEY_ZL;KEY_L -23169;23169 0;-32767
790 KEY_ZL;KEY_DUP -23169;23169 0;-32767
791 KEY_ZL;KEY_L -23169;23169 0;-32767
792 KEY_ZL;KEY_DUP -23169;23169 0;-32767
793 KEY_ZL;KEY_L -23169;23169 0;-32767
794 KEY_ZL;KEY_DUP -23169;23169 0;-32767
795 KEY_ZL;KEY_L -23169;23169 0;-32767
796 KEY_ZL;KEY_DUP -23169;23169 0;-32767
797 KEY_ZL;KEY_L -23169;23169 0;-32767
798 KEY_ZL 0;0 0;-32767
799 KEY_ZL 0;0 0;-32767
800 KEY_ZL -32269;-5689 0;-32767
801 KEY_ZL -32269;-5689 0;-32767
802 KEY_ZL -32269;-5689 0;-32767
803 KEY_ZL -32269;-5689 0;-32767
804 KEY_ZL -32269;-5689 0;-32767
805 KEY_ZL -32269;-5689 0;-32767
806 KEY_ZL -32269;-5689 0;-32767
807 KEY_ZL -32269;-5689 0;-32767
808 KEY_ZL -32269;-5689 0;-32767
809 KEY_ZL -32269;-5689 0;-32767
810 KEY_ZL -32269;-5689 0;-32767
811 KEY_ZL -32269;-5689 0;-32767
812 KEY_ZL -32269;-5689 0;-32767
813 KEY_ZL -32269;-5689 0;-32767
814 KEY_ZL -32269;-5689 0;-32767
815 KEY_ZL -32269;-5689 0;-32767
816 KEY_ZL;KEY_DUP -23169;23169 0;-32767
817 KEY_ZL;KEY_L -23169;23169 0;-32767
818 KEY_ZL;KEY_DUP -23169;23169 0;-32767
819 KEY_ZL;KEY_L -23169;23169 0;-32767
820 KEY_ZL;KEY_DUP -23169;23169 0;-32767
821 KEY_ZL;KEY_L -23169;23169 0;-32767
822 KEY_ZL;KEY_DUP -23169;23169 0;-32767
823 KEY_ZL;KEY_L -23169;23169 0;-32767
824 KEY_ZL;KEY_DUP -23169;23169 0;-32767
825 KEY_ZL;KEY_L -23169;23169 0;-32767
826 KEY_ZL;KEY_DUP -23169;23169 0;-32767
827 KEY_ZL;KEY_L -23169;23169 0;-32767
828 KEY_ZL;KEY_DUP -23169;23169 0;-32767
829 KEY_ZL;KEY_L -23169;23169 0;-32767
830 KEY_ZL;KEY_DUP -23169;23169 0;-32767
831 KEY_ZL;KEY_L -23169;23169 0;-32767
832 KEY_ZL;KEY_DUP -23169;23169 0;-32767
833 KEY_ZL;KEY_L -23169;23169 0;-32767
834 KEY_ZL;KEY_DUP -23169;23169 0;-32767
835 KEY_ZL;KEY_L -23169;23169 0;-32767
836 KEY_ZL;KEY_DUP -23169;23169 0;-32767
837 KEY_ZL;KEY_L -23169;23169 0;-32767
838 KEY_ZL;KEY_DUP -23169;23169 0;-32767
839 KEY_ZL;KEY_L -23169;23169 0;-32767
840 KEY_ZL;KEY_DUP -23169;23169 0;-32767
841 KEY_ZL;KEY_L -23169;23169 0;-32767
842 KEY_ZL;KEY_DUP -23169;23169 0;-32767
843 KEY_ZL;KEY_L -23169;23169 0;-32767
844 KEY_ZL;KEY_DUP -23169;23169 0;-32767
845 KEY_ZL;KEY_L -23169;23169 0;-32767
846 KEY_ZL;KEY_DUP -23169;23169 0;-32767
847 KEY_ZL;KEY_L -23169;23169 0;-32767
848 KEY_ZL;KEY_DUP -23169;23169 0;-32767
849 KEY_ZL;KEY_L -23169;23169 0;-32767
850 KEY_ZL;KEY_DUP -23169;23169 0;-32767
851 KEY_ZL;KEY_L -23169;23169 0;-32767
852 KEY_ZL;KEY_DUP -23169;23169 0;-32767
853 KEY_ZL;KEY_L -23169;23169 0;-32767
854 KEY_ZL;KEY_DUP -23169;23169 0;-32767
855 KEY_ZL;KEY_L -23169;23169 0;-32767
856 KEY_ZL;KEY_DUP -23169;23169 0;-32767
857 KEY_ZL;KEY_L -23169;23169 0;-32767
858 KEY_ZL;KEY_DUP -23169;23169 0;-32767
859 KEY_ZL;KEY_L -23169;23169 0;-32767
860 KEY_ZL;KEY_DUP -23169;23169 0;-32767
861 KEY_ZL;KEY_L -23169;23169 0;-32767
862 KEY_ZL;KEY_DUP -23169;23169 0;-32767
863 KEY_ZL;KEY_L -23169;23169 0;-32767
864 NONE -30981;10667 0;-32767
865 NONE -30981;10667 0;-32767
866 NONE -30981;10667 0;-32767
867 NONE -30981;10667 0;-32767
868 NONE -30981;10667 0;-32767
869 NONE -30981;10667 0;-32767
870 NONE -30981;10667 0;-32767
871 NONE -30981;10667 0;-32767
872 NONE -30981;10667 0;-32767
873 NONE -30981;10667 0;-32767
874 NONE -30981;10667 0;-32767
875 NONE -30981;10667 0;-32767
876 NONE -30981;10667 0;-32767
877 NONE -30981;10667 0;-32767
878 NONE -30981;10667 0;-32767
879 NONE -30981;10667 0;-32767
880 NONE -30981;10667 0;-32767
881 NONE -30981;10667 0;-32767
882 NONE -30981;10667 0;-32767
883 NONE -30981;10667 0;-32767
884 NONE -30981;10667 0;-32767
885 NONE -30981;10667 0;-32767
886 NONE -30981;10667 0;-32767
887 NONE -30981;10667 0;-32767
888 NONE -30981;10667 0;-32767
889 NONE -30981;10667 0;-32767
890 NONE -30981;10667 0;-32767
891 NONE -30981;10667 0;-32767
892 NONE -30981;10667 0;-32767
893 NONE -30981;10667 0;-32767
894 NONE -30981;10667 0;-32767
895 NONE -30981;10667 0;-32767
896 NONE -30981;10667 0;-32767
897 NONE -30981;10667 0;-32767
898 NONE -30981;10667 0;-32767
899 NONE -30981;10667 0;-32767
900 NONE -30981;10667 0;-32767
901 NONE -30981;10667 0;-32767
902 NONE -30981;10667 0;-32767
903 NONE -30981;10667 0;-32767
904 NONE -30981;10667 0;-32767
905 NONE -30981;10667 0;-32767
906 NONE -30981;10667 0;-32767
907 NONE -30981;10667 0;-32767
908 NONE -30981;10667 0;-32767
909 NONE -30981;10667 0;-32767
910 NONE -30981;10667 0;-32767
911 NONE -30981;10667 0;-32767
912 NONE -30981;10667 0;-32767
913 NONE -30981;10667 0;-32767
914 NONE -30981;10667 0;-32767
915 NONE -30981;10667 0;-32767
916 NONE -30981;10667 0;-32767
917 NONE -30981;10667 0;-32767
918 NONE -30981;10667 0;-32767
919 NONE -30981;10667 0;-32767
920 NONE -30981;10667 0;-32767
921 NONE -30981;10667 0;-32767
922 NONE -30981;10667 0;-32767
923 NONE -30981;10667 0;-32767
924 NONE -30981;10667 0;-32767
925 NONE -30981;10667 0;-32767
926 NONE -30981;10667 0;-32767
927 NONE -30981;10667 0;-32767
928 NONE -30981;10667 0;-32767
929 NONE -30981;10667 0;-32767
930 NONE -30981;10667 0;-32767
931 NONE -30981;10667 0;-32767
932 NONE -30981;10667 0;-32767
933 NONE -30981;10667 0;-32767
934 NONE -30981;10667 0;-32767
935 NONE -30981;10667 0;-32767
936 NONE -30981;10667 0;-32767
937 NONE -30981;10667 0;-32767
938 NONE -30981;10667 0;-32767
939 NONE -30981;10667 0;-32767
940 NONE -30981;10667 0;-32767
941 NONE -30981;10667 0;-32767
942 NONE -30981;10667 0;-32767
943 NONE -30981;10667 0;-32767
944 NONE -32363;5125 0;-32767
945 NONE -32363;5125 0;-32767
946 NONE -32363;5125 0;-32767
947 KEY_ZL -32363;5125 0;-32767
948 KEY_ZL;KEY_Y -32363;5125 0;-32767
949 KEY_ZL;KEY_DUP -32363;5125 0;-32767
950 KEY_ZL;KEY_L -32363;5125 0;-32767
951 KEY_ZL;KEY_DUP -32363;5125 0;-32767
952 KEY_ZL;KEY_L -32363;5125 0;-32767
953 KEY_ZL;KEY_DUP -32363;5125 0;-32767
954 KEY_ZL;KEY_L -32363;5125 0;-32767
955 KEY_ZL;KEY_DUP -32363;5125 0;-32767
956 KEY_ZL;KEY_L -32363;5125 0;-32767
957 KEY_ZL;KEY_DUP -32363;5125 0;-32767
958 KEY_ZL;KEY_L -32363;5125 0;-32767
959 KEY_ZL;KEY_DUP -32363;5125 0;-32767
960 KEY_ZL;KEY_L -32363;5125 0;-32767
961 KEY_ZL;KEY_DUP -32363;5125 0;-32767
962 KEY_ZL;KEY_L -32363;5125 0;-32767
963 KEY_ZL;KEY_DUP -32363;5125 0;-32767
964 KEY_ZL;KEY_L -32363;5125 0;-32767
965 KEY_ZL;KEY_DUP -32363;5125 0;-32767
966 KEY_ZL;KEY_L -32363;5125 0;-32767
967 KEY_ZL;KEY_DUP -32363;5125 0;-32767
968 KEY_ZL;KEY_L -32363;5125 0;-32767
969 KEY_ZL;KEY_DUP -32363;5125 0;-32767
970 KEY_ZL;KEY_L -32363;5125 0;-32767
971 KEY_ZL;KEY_DUP -32363;5125 0;-32767
972 KEY_ZL;KEY_L -32363;5125 0;-32767
973 KEY_ZL;KEY_DUP -32363;5125 0;-32767
974 KEY_ZL;KEY_L -32363;5125 0;-32767
975 KEY_ZL;KEY_DUP -32363;5125 0;-32767
976 KEY_ZL;KEY_L -32363;5125 0;-32767
977 KEY_ZL;KEY_DUP -32363;5125 0;-32767
978 KEY_ZL;KEY_L -32363;5125 0;-32767
979 KEY_ZL;KEY_DUP -32363;5125 0;-32767
980 KEY_ZL;KEY_L -32363;5125 0;-32767
981 KEY_ZL;KEY_DUP -32363;5125 0;-32767
982 KEY_ZL;KEY_L -32363;5125 0;-32767
983 KEY_ZL;KEY_DUP -32363;5125 0;-32767
984 KEY_ZL;KEY_L -32363;5125 0;-32767
985 KEY_ZL;KEY_DUP -32363;5125 0;-32767
986 KEY_ZL;KEY_L -32363;5125 0;-32767
987 KEY_ZL;KEY_DUP -32363;5125 0;-32767
988 KEY_ZL;KEY_L -32363;5125 0;-32767
989 KEY_ZL;KEY_DUP -32363;5125 0;-32767
990 KEY_ZL;KEY_L -32363;5125 0;-32767
991 KEY_ZL;KEY_DUP -32363;5125 0;-32767
992 KEY_ZL;KEY_L -32363;5125 0;-32767
993 KEY_ZL;KEY_DUP -32363;5125 0;-32767
994 KEY_ZL;KEY_L -32363;5125 0;-32767
995 KEY_ZL;KEY_DUP -32363;5125 0;-32767
996 KEY_ZL;KEY_L -32363;5125 0;-32767
997 KEY_ZL;KEY_DUP -32363;5125 0;-32767
998 KEY_ZL;KEY_L -32363;5125 0;-32767
999 KEY_ZL;KEY_DUP -32363;5125 0;-32767
1000 KEY_ZL;KEY_L -32363;5125 0;-32767
1001 KEY_ZL;KEY_DUP -32363;5125 0;-32767
1002 KEY_ZL;KEY_L -32363;5125 0;-32767
1003 KEY_ZL;KEY_DUP -32363;5125 0;-32767
1004 KEY_ZL;KEY_L -32363;5125 0;-32767
1005 KEY_ZL;KEY_DUP -32363;5125 0;-32767
1006 KEY_ZL;KEY_L -32363;5125 0;-32767
1007 KEY_ZL;KEY_DUP -32363;5125 0;-32767
1008 KEY_ZL;KEY_L -32363;5125 0;-32767
1009 KEY_ZL;KEY_DUP -32363;5125 0;-32767
1010 KEY_ZL;KEY_L -32363;5125 0;-32767
1011 KEY_ZL;KEY_DUP -32363;5125 0;-32767
1012 KEY_ZL;KEY_L -32363;5125 0;-32767
1013 KEY_ZL;KEY_DUP -32363;5125 0;-32767
1014 KEY_ZL;KEY_L -32363;5125 0;-32767
1015 KEY_ZL;KEY_DUP -32363;5125 0;-32767
1016 KEY_ZL;KEY_L -32363;5125 0;-32767
1017 KEY_ZL;KEY_DUP -32363;5125 0;-32767
1018 KEY_ZL;KEY_L -32363;5125 0;-32767
1019 KEY_ZL;KEY_DUP -32363;5125 0;-32767
1020 KEY_ZL;KEY_L -32363;5125 0;-32767
1021 KEY_ZL;KEY_DUP -32363;5125 0;-32767
1022 KEY_ZL;KEY_L -32363;5125 0;-32767
1023 KEY_ZL;KEY_DUP -32363;5125 0;-32767
1024 KEY_ZL;KEY_L -32363;5125 0;-32767
1025 KEY_ZL;KEY_DUP -32363;5125 0;-32767
1026 KEY_ZL;KEY_L -32363;5125 0;-32767
1027 KEY_ZL;KEY_DUP -32363;5125 0;-32767
1028 KEY_ZL;KEY_L -32363;5125 0;-32767
1029 KEY_ZL;KEY_DUP -32363;5125 0;-32767
1030 KEY_ZL;KEY_L -32363;5125 0;-32767
1031 KEY_ZL;KEY_DUP -32363;5125 0;-32767
1032 KEY_ZL;KEY_L -32363;5125 0;-32767
1033 KEY_ZL;KEY_DUP -32363;5125 0;-32767
1034 KEY_ZL;KEY_L -32363;5125 0;-32767
1035 KEY_ZL;KEY_DUP -32363;5125 0;-32767
1036 KEY_ZL;KEY_L -32363;5125 0;-32767
1037 KEY_ZL;KEY_DUP -32363;5125 0;-32767
1038 KEY_ZL;KEY_L -32363;5125 0;-32767
1039 KEY_ZL;KEY_DUP -32363;5125 0;-32767
1040 KEY_ZL;KEY_L -32363;5125 0;-32767
1041 KEY_ZL;KEY_DUP -32363;5125 0;-32767
1042 KEY_ZL;KEY_L -32363;5125 0;-32767
1043 KEY_ZL;KEY_DUP -32363;5125 0;-32767
1044 KEY_ZL;KEY_L -32363;5125 0;-32767
1045 KEY_ZL;KEY_DUP -32767;0 0;-32767
1046 KEY_ZL;KEY_L -32767;0 0;-32767
1047 KEY_ZL;KEY_DUP -32767;0 0;-32767
1048 KEY_ZL;KEY_L -32767;0 0;-32767
1049 KEY_ZL;KEY_DUP -32767;0 0;-32767
1050 KEY_ZL;KEY_L -32767;0 0;-32767
1051 KEY_ZL;KEY_DUP -32767;0 0;-32767
1052 KEY_ZL;KEY_L -32767;0 0;-32767
1053 KEY_ZL;KEY_DUP -32767;0 0;-32767
1054 KEY_ZL;KEY_L -32767;0 0;-32767
1055 KEY_ZL;KEY_DUP -32767;0 0;-32767
1056 KEY_ZL;KEY_L -32767;0 0;-32767
1057 KEY_ZL;KEY_DUP -32767;0 0;-32767
1058 KEY_ZL;KEY_L -32767;0 0;-32767
1059 KEY_ZL;KEY_DUP -32767;0 0;-32767
1060 KEY_ZL;KEY_L -32767;0 0;-32767
1061 KEY_ZL;KEY_DUP -32767;0 0;-32767
1062 KEY_ZL;KEY_L -32767;0 0;-32767
1063 KEY_ZL;KEY_DUP -32767;0 0;-32767
1064 KEY_ZL;KEY_L -32767;0 0;-32767
1065 KEY_ZL;KEY_DUP -32767;0 0;-32767
1066 KEY_ZL;KEY_L -32767;0 0;-32767
1067 KEY_ZL;KEY_DUP -32767;0 0;-32767
1068 KEY_ZL;KEY_L -32767;0 0;-32767
1069 KEY_ZL;KEY_DUP -32767;0 0;-32767
1070 KEY_ZL;KEY_L -32767;0 0;-32767
1071 KEY_ZL;KEY_DUP -32767;0 0;-32767
1072 KEY_ZL;KEY_L -32767;0 0;-32767
1073 KEY_ZL;KEY_DUP -32767;0 0;-32767
1074 KEY_ZL;KEY_L -32767;0 0;-32767
1075 KEY_ZL;KEY_DUP -32767;0 0;-32767
1076 KEY_ZL;KEY_L -32767;0 0;-32767
1077 KEY_ZL;KEY_DUP -32767;0 0;-32767
1078 KEY_ZL;KEY_L -32767;0 0;-32767
1079 KEY_ZL;KEY_DUP -32767;0 0;-32767
1080 KEY_ZL;KEY_L -32767;0 0;-32767
1081 KEY_ZL;KEY_DUP -32767;0 0;-32767
1082 KEY_ZL;KEY_L -32767;0 0;-32767
1083 KEY_ZL;KEY_DUP -32767;0 0;-32767
1084 KEY_ZL;KEY_L -32767;0 0;-32767
1085 KEY_ZL;KEY_DUP -32767;0 0;-32767
1086 KEY_ZL;KEY_L -32767;0 0;-32767
1087 KEY_ZL;KEY_DUP -32767;0 0;-32767
1088 KEY_ZL;KEY_L -32767;0 0;-32767
1089 KEY_ZL -31650;8480 0;-32767
1090 KEY_ZL -31650;8480 0;-32767
1091 KEY_ZL -31650;8480 0;-32767
1092 KEY_ZL -31650;8480 0;-32767
1093 KEY_ZL -31650;8480 0;-32767
1094 KEY_ZL -31650;8480 0;-32767
1095 KEY_ZL -31650;8480 0;-32767
1096 KEY_ZL -31650;8480 0;-32767
1097 KEY_ZL -31650;8480 0;-32767
1098 KEY_ZL -31650;8480 0;-32767
1099 KEY_ZL -31650;8480 0;-32767
1100 KEY_ZL -31650;8480 0;-32767
1101 KEY_ZL -31650;8480 0;-32767
1102 KEY_ZL -31650;8480 0;-32767
1103 KEY_ZL -31650;8480 0;-32767
1104 KEY_ZL -31650;8480 0;-32767
1105 KEY_ZL -31650;8480 0;-32767
1106 KEY_ZL -31650;8480 0;-32767
1107 KEY_ZL -31650;8480 0;-32767
1108 KEY_ZL -31650;8480 0;-32767
1109 KEY_ZL -31650;8480 0;-32767
1110 KEY_ZL -31650;8480 0;-32767
1111 KEY_ZL -31650;8480 0;-32767
1112 KEY_ZL -31650;8480 0;-32767
1113 KEY_ZL -31650;8480 0;-32767
1114 KEY_ZL -31650;8480 0;-32767
1115 KEY_ZL -31650;8480 0;-32767
1116 KEY_ZL -31650;8480 0;-32767
1117 KEY_ZL -31650;8480 0;-32767
1118 KEY_ZL -31650;8480 0;-32767
1119 KEY_ZL -31650;8480 0;-32767
1120 KEY_ZL -31650;8480 0;-32767
1121 KEY_ZL -5689;32269 0;-32767
1122 KEY_ZL -5689;32269 0;-32767
1123 KEY_ZL -5689;32269 0;-32767
1124 KEY_ZL -5689;32269 0;-32767
1125 KEY_ZL -5689;32269 0;-32767
1126 KEY_ZL -5689;32269 0;-32767
1127 KEY_ZL -5689;32269 0;-32767
1128 KEY_ZL -5689;32269 0;-32767
1129 KEY_ZL -5689;32269 0;-32767
1130 KEY_ZL -5689;32269 0;-32767
1131 KEY_ZL -5689;32269 0;-32767
1132 KEY_ZL -5689;32269 0;-32767
1133 KEY_ZL -5689;32269 0;-32767
1134 KEY_ZL -5689;32269 0;-32767
1135 KEY_ZL -5689;32269 0;-32767
1136 KEY_ZL -5689;32269 0;-32767
1137 NONE -5689;32269 0;-32767
1138 NONE -5689;32269 0;-32767
1139 NONE -5689;32269 0;-32767
1140 NONE -5689;32269 0;-32767
1141 NONE -25100;-21062 0;-32767
1142 NONE 30790;-11206 0;-32767
1143 KEY_A -5689;32269 0;-32767
1144 KEY_A -25100;-21062 0;-32767
1145 KEY_A 30790;-11206 0;-32767
1146 KEY_A -5689;32269 0;-32767
1147 KEY_A -25100;-21062 0;-32767
1148 KEY_A 30790;-11206 0;-32767
1149 KEY_A -5689;32269 0;-32767
1150 KEY_A -25100;-21062 0;-32767
1151 KEY_A 30790;-11206 0;-32767
1152 KEY_A -5689;32269 0;-32767
1153 KEY_A -25100;-21062 0;-32767
1154 KEY_A 30790;-11206 0;-32767
1155 KEY_A -5689;32269 0;-32767
1156 KEY_A -25100;-21062 0;-32767
1157 KEY_A 30790;-11206 0;-32767
1158 KEY_A -5689;32269 0;-32767
1159 KEY_A -25100;-21062 0;-32767
1160 KEY_A 30790;-11206 0;-32767
1161 KEY_A -5689;32269 0;-32767
1162 KEY_A -25100;-21062 0;-32767
1163 NONE 30790;-11206 0;-32767
1164 NONE -5689;32269 0;-32767
1165 NONE -25100;-21062 0;-32767
1166 NONE 30790;-11206 0;-32767
1167 NONE -5689;32269 0;-32767
1168 NONE -25100;-21062 0;-32767
1169 NONE 30790;-11206 0;-32767
1170 NONE -5689;32269 0;-32767
1171 NONE -25100;-21062 0;-32767
1172 NONE 30790;-11206 0;-32767
1173 KEY_B -16383;28377 0;-32767
1174 KEY_ZL -16383;28377 0;-32767
1175 KEY_ZL -16383;28377 0;-32767
1176 KEY_ZL -16383;28377 0;-32767
1177 KEY_ZL -16383;28377 0;-32767
1178 KEY_ZL -16383;28377 0;-32767
1179 KEY_ZL -16383;28377 0;-32767
1180 KEY_ZL;KEY_Y -16383;28377 0;-32767
1181 KEY_ZL -16383;28377 0;-32767
1182 KEY_L;KEY_B -16383;28377 0;-32767
1183 NONE -20620;25464 0;-32767
1184 NONE -20620;25464 0;-32767
1185 NONE -20620;25464 0;-32767
1186 NONE -20620;25464 0;-32767
1187 NONE -20620;25464 0;-32767
1188 NONE -20620;25464 0;-32767
1189 NONE -20620;25464 0;-32767
1190 NONE -20620;25464 0;-32767
1191 NONE -20620;25464 0;-32767
1192 NONE -20620;25464 0;-32767
1193 NONE -20620;25464 0;-32767
1194 NONE -20620;25464 0;-32767
1195 NONE -20620;25464 0;-32767
1196 NONE -20620;25464 0;-32767
1197 NONE -20620;25464 0;-32767
1198 NONE -20620;25464 0;-32767
1199 NONE -20620;25464 0;-32767
1200 NONE -20620;25464 0;-32767
1201 NONE -20620;25464 0;-32767
1202 NONE 17120;27938 0;-32767
1203 NONE 17120;27938 0;-32767
1204 NONE 17120;27938 0;-32767
1205 NONE 17120;27938 0;-32767
1206 NONE 17120;27938 0;-32767
1207 NONE 17120;27938 0;-32767
1208 NONE 17120;27938 0;-32767
1209 NONE 17120;27938 0;-32767
1210 NONE 17120;27938 0;-32767
1211 NONE 17120;27938 0;-32767
1212 NONE 17120;27938 0;-32767
1213 NONE 17120;27938 0;-32767
1214 NONE 17120;27938 0;-32767
1215 NONE 17120;27938 0;-32767
1216 NONE 17120;27938 0;-32767
1217 NONE 17120;27938 0;-32767
1218 NONE 17120;27938 0;-32767
1219 NONE 17120;27938 0;-32767
1220 NONE 17120;27938 0;-32767
1221 NONE 17120;27938 0;-32767
1222 NONE 17120;27938 0;-32767
1223 NONE 17120;27938 0;-32767
1224 NONE 17120;27938 0;-32767
1225 NONE 17120;27938 0;-32767
1226 NONE 17120;27938 0;-32767
1227 NONE 17120;27938 0;-32767
1228 NONE 17120;27938 0;-32767
1229 NONE 17120;27938 0;-32767
1230 NONE 17120;27938 0;-32767
1231 NONE 17120;27938 0;-32767
1232 NONE 17120;27938 0;-32767
1233 NONE 17120;27938 0;-32767
1234 NONE 17120;27938 0;-32767
1235 NONE 17120;27938 0;-32767
1236 NONE 17120;27938 0;-32767
1237 NONE 17120;27938 0;-32767
1238 NONE 17120;27938 0;-32767
1239 NONE -31913;-7428 0;-32767
1240 NONE -31913;-7428 0;-32767
1241 NONE -32735;-1429 0;-32767
1242 KEY_ZL -15885;28658 0;-32767
1243 KEY_ZL;KEY_Y -15885;28658 0;-32767
1244 KEY_ZL;KEY_DUP -15885;28658 0;-32767
1245 KEY_ZL;KEY_L -15885;28658 0;-32767
1246 KEY_ZL;KEY_DUP -15885;28658 0;-32767
1247 KEY_ZL;KEY_L -15885;28658 0;-32767
1248 KEY_ZL;KEY_DUP -15885;28658 0;-32767
1249 KEY_ZL;KEY_L -15885;28658 0;-32767
1250 KEY_ZL;KEY_DUP -15885;28658 0;-32767
1251 KEY_ZL;KEY_L -15885;28658 0;-32767
1252 KEY_ZL;KEY_DUP -15885;28658 0;-32767
1253 KEY_ZL;KEY_L -15885;28658 0;-32767
1254 KEY_ZL;KEY_DUP -15885;28658 0;-32767
1255 KEY_ZL;KEY_L -15885;28658 0;-32767
1256 KEY_ZL;KEY_DUP -15885;28658 0;-32767
1257 KEY_ZL;KEY_L -15885;28658 0;-32767
1258 KEY_ZL;KEY_DUP -15885;28658 0;-32767
1259 KEY_ZL;KEY_L -15885;28658 0;-32767
1260 KEY_ZL;KEY_DUP -15885;28658 0;-32767
1261 KEY_ZL;KEY_L -15885;28658 0;-32767
1262 KEY_ZL;KEY_DUP -15885;28658 0;-32767
1263 KEY_ZL;KEY_L -15885;28658 0;-32767
1264 KEY_ZL;KEY_DUP -15885;28658 0;-32767
1265 KEY_ZL;KEY_L -15885;28658 0;-32767
1266 KEY_ZL;KEY_DUP -15885;28658 0;-32767
1267 KEY_ZL;KEY_L -15885;28658 0;-32767
1268 KEY_ZL;KEY_DUP -15885;28658 0;-32767
1269 KEY_ZL;KEY_L -15885;28658 0;-32767
1270 KEY_ZL;KEY_DUP -15885;28658 0;-32767
1271 KEY_ZL;KEY_L -15885;28658 0;-32767
1272 KEY_ZL;KEY_DUP -15885;28658 0;-32767
1273 KEY_ZL;KEY_L -15885;28658 0;-32767
1274 KEY_ZL;KEY_DUP -15885;28658 0;-32767
1275 KEY_ZL;KEY_L -15885;28658 0;-32767
1276 KEY_ZL;KEY_DUP -15885;28658 0;-32767
1277 KEY_ZL;KEY_L -15885;28658 0;-32767
1278 KEY_ZL;KEY_DUP -15885;28658 0;-32767
1279 KEY_ZL;KEY_L -15885;28658 0;-32767
1280 KEY_ZL;KEY_DUP -15885;28658 0;-32767
1281 KEY_ZL;KEY_L -15885;28658 0;-32767
1282 KEY_ZL;KEY_DUP -15885;28658 0;-32767
1283 KEY_ZL;KEY_L -15885;28658 0;-32767
1284 KEY_ZL;KEY_DUP -15885;28658 0;-32767
1285 KEY_ZL;KEY_L -15885;28658 0;-32767
1286 KEY_ZL;KEY_DUP -15885;28658 0;-32767
1287 KEY_ZL;KEY_L -15885;28658 0;-32767
1288 KEY_ZL;KEY_DUP -15885;28658 0;-32767
1289 KEY_ZL;KEY_L -15885;28658 0;-32767
1290 KEY_ZL;KEY_DUP -15885;28658 0;-32767
1291 KEY_ZL;KEY_L -15885;28658 0;-32767
1292 KEY_ZL;KEY_DUP -15885;28658 0;-32767
1293 KEY_ZL;KEY_L -15885;28658 0;-32767
1294 KEY_ZL -21062;25100 0;-32767
1295 KEY_ZL -21062;25100 0;-32767
1296 KEY_ZL -21062;25100 0;-32767
1297 KEY_ZL -21062;25100 0;-32767
1298 KEY_ZL -21062;25100 0;-32767
1299 KEY_ZL -21062;25100 0;-32767
1300 KEY_ZL -21062;25100 0;-32767
1301 KEY_ZL -21062;25100 0;-32767
1302 KEY_ZL -21062;25100 0;-32767
1303 KEY_ZL -21062;25100 0;-32767
1304 KEY_ZL -21062;25100 0;-32767
1305 KEY_ZL -21062;25100 0;-32767
1306 KEY_ZL -21062;25100 0;-32767
1307 KEY_ZL -21062;25100 0;-32767
1308 KEY_ZL -21062;25100 0;-32767
1309 KEY_ZL -21062;25100 0;-32767
1310 KEY_ZL -21062;25100 0;-32767
1311 KEY_ZL -21062;25100 0;-32767
1312 KEY_ZL -21062;25100 0;-32767
1313 KEY_ZL -21062;25100 0;-32767
1314 KEY_ZL -21062;25100 0;-32767
1315 KEY_ZL;KEY_DUP -23169;23169 0;-32767
1316 KEY_ZL;KEY_L -23169;23169 0;-32767
1317 KEY_ZL;KEY_DUP -23169;23169 0;-32767
1318 KEY_ZL;KEY_L -23169;23169 0;-32767
1319 KEY_ZL;KEY_DUP -23169;23169 0;-32767
1320 KEY_ZL;KEY_L -23169;23169 0;-32767
1321 KEY_ZL;KEY_DUP -23169;23169 0;-32767
1322 KEY_ZL;KEY_L -23169;23169 0;-32767
1323 KEY_ZL;KEY_DUP -23169;23169 0;-32767
1324 KEY_ZL;KEY_L -23169;23169 0;-32767
1325 KEY_ZL;KEY_DUP -23169;23169 0;-32767
1326 KEY_ZL;KEY_L -23169;23169 0;-32767
1327 KEY_ZL;KEY_DUP -23169;23169 0;-32767
1328 KEY_ZL;KEY_L -23169;23169 0;-32767
1329 KEY_ZL;KEY_DUP -23169;23169 0;-32767
1330 KEY_ZL;KEY_L -23169;23169 0;-32767
1331 KEY_ZL;KEY_DUP -23169;23169 0;-32767
1332 KEY_ZL;KEY_L -23169;23169 0;-32767
1333 KEY_ZL;KEY_DUP -23169;23169 0;-32767
1334 KEY_ZL;KEY_L -23169;23169 0;-32767
1335 KEY_ZL;KEY_DUP -23169;23169 0;-32767
1336 KEY_ZL;KEY_L -23169;23169 0;-32767
1337 KEY_ZL;KEY_DUP -23169;23169 0;-32767
1338 KEY_ZL;KEY_L -23169;23169 0;-32767
1339 KEY_ZL;KEY_DUP -23169;23169 0;-32767
1340 KEY_ZL;KEY_L -23169;23169 0;-32767
1341 KEY_ZL;KEY_DUP -23169;23169 0;-32767
1342 KEY_ZL;KEY_L -23169;23169 0;-32767
1343 KEY_ZL;KEY_DUP -23169;23169 0;-32767
1344 KEY_ZL;KEY_L -23169;23169 0;-32767
1345 KEY_ZL;KEY_DUP -23169;23169 0;-32767
1346 KEY_ZL;KEY_L -23169;23169 0;-32767
1347 KEY_ZL;KEY_DUP -23169;23169 0;-32767
1348 KEY_ZL;KEY_L -23169;23169 0;-32767
1349 KEY_ZL;KEY_DUP -23169;23169 0;-32767
1350 KEY_ZL;KEY_L -23169;23169 0;-32767
1351 KEY_ZL;KEY_DUP -23169;23169 0;-32767
1352 KEY_ZL;KEY_L -23169;23169 0;-32767
1353 KEY_ZL;KEY_DUP -23169;23169 0;-32767
1354 KEY_ZL;KEY_L -23169;23169 0;-32767
1355 KEY_ZL;KEY_DUP -23169;23169 0;-32767
1356 KEY_ZL;KEY_L -23169;23169 0;-32767
1357 KEY_ZL;KEY_DUP -23169;23169 0;-32767
1358 KEY_ZL;KEY_L -23169;23169 0;-32767
1359 KEY_ZL;KEY_DUP -23169;23169 0;-32767
1360 KEY_ZL;KEY_L -23169;23169 0;-32767
1361 KEY_ZL;KEY_DUP -23169;23169 0;-32767
1362 KEY_ZL;KEY_L -23169;23169 0;-32767
1363 KEY_ZL;KEY_DUP -23169;23169 0;-32767
1364 KEY_ZL;KEY_L -23169;23169 0;-32767
1365 KEY_ZL -23169;23169 0;-32767
1366 KEY_ZL -23169;23169 0;-32767
1367 KEY_ZL -23169;23169 0;-32767
1368 KEY_ZL -23169;23169 0;-32767
1369 KEY_ZL -23169;23169 0;-32767
1370 KEY_ZL -23169;23169 0;-32767
1371 KEY_ZL -23169;23169 0;-32767
1372 KEY_ZL -23169;23169 0;-32767
1373 KEY_ZL -23169;23169 0;-32767
1374 KEY_ZL -23169;23169 0;-32767
1375 KEY_ZL -23169;23169 0;-32767
1376 KEY_ZL -23169;23169 0;-32767
1377 KEY_ZL -23169;23169 0;-32767
1378 KEY_ZL -23169;23169 0;-32767
1379 KEY_ZL -23169;23169 0;-32767
1380 KEY_ZL -23169;23169 0;-32767
1381 KEY_ZL -23169;23169 0;-32767
1382 KEY_ZL -23169;23169 0;-32767
1383 KEY_ZL -23169;23169 0;-32767
1384 KEY_ZL -23169;23169 0;-32767
1385 KEY_ZL -23169;23169 0;-32767
1386 KEY_ZL -23169;23169 0;-32767
1387 KEY_ZL -23169;23169 0;-32767
1388 KEY_ZL -23169;23169 0;-32767
1389 KEY_ZL -23169;23169 0;-32767
1390 KEY_ZL -23169;23169 0;-32767
1391 KEY_ZL -23169;23169 0;-32767
1392 KEY_ZL -23169;23169 0;-32767
1393 KEY_ZL -23169;23169 0;-32767
1394 KEY_ZL -23169;23169 0;-32767
1395 KEY_ZL -23169;23169 0;-32767
1396 KEY_ZL -23169;23169 0;-32767
1397 KEY_ZL -23169;23169 0;-32767
1398 KEY_ZL -23169;23169 0;-32767
1399 KEY_ZL -23169;23169 0;-32767
1400 KEY_ZL -13301;29945 0;-32767
1401 KEY_ZL -13301;29945 0;-32767
1402 KEY_ZL -13301;29945 0;-32767
1403 KEY_ZL -13301;29945 0;-32767
1404 KEY_ZL -13301;29945 0;-32767
1405 KEY_ZL -13301;29945 0;-32767
1406 NONE -13144;30014 0;-32767
1407 NONE -13144;30014 0;-32767
1408 NONE -13144;30014 0;-32767
1409 NONE -13144;30014 0;-32767
1410 NONE -13144;30014 0;-32767
1411 NONE -13144;30014 0;-32767
1412 NONE -13144;30014 0;-32767
1413 NONE -13144;30014 0;-32767
1414 NONE -13144;30014 0;-32767
1415 NONE -13144;30014 0;-32767
1416 NONE -13144;30014 0;-32767
1417 NONE -13144;30014 0;-32767
1418 NONE -13144;30014 0;-32767
1419 NONE -13144;30014 0;-32767
1420 NONE -13144;30014 0;-32767
1421 NONE -13144;30014 0;-32767
1422 NONE -13144;30014 0;-32767
1423 NONE -13144;30014 0;-32767
1424 NONE -13144;30014 0;-32767
1425 NONE -13144;30014 0;-32767
1426 NONE -13144;30014 0;-32767
1427 NONE -13144;30014 0;-32767
1428 NONE -13144;30014 0;-32767
1429 NONE -13144;30014 0;-32767
1430 NONE -13144;30014 0;-32767
1431 NONE -13144;30014 0;-32767
1432 NONE -13144;30014 0;-32767
1433 NONE -13144;30014 0;-32767
1434 NONE -13144;30014 0;-32767
1435 NONE -13144;30014 0;-32767
1436 NONE -13144;30014 0;-32767
1437 NONE -13144;30014 0;-32767
1438 NONE -13144;30014 0;-32767
1439 NONE -13144;30014 0;-32767
1440 NONE -13144;30014 0;-32767
1441 NONE -13144;30014 0;-32767
1442 NONE -13144;30014 0;-32767
1443 NONE -13144;30014 0;-32767
1444 NONE -13144;30014 0;-32767
1445 NONE -13144;30014 0;-32767
1446 NONE -13144;30014 0;-32767
1447 NONE -13144;30014 0;-32767
1448 NONE -13144;30014 0;-32767
1449 NONE -13144;30014 0;-32767
1450 NONE -13144;30014 0;-32767
1451 NONE -13144;30014 0;-32767
1452 NONE -13144;30014 0;-32767
1453 NONE -13144;30014 0;-32767
1454 NONE -13144;30014 0;-32767
1455 NONE -13144;30014 0;-32767
1456 NONE -13144;30014 0;-32767
1457 NONE -13144;30014 0;-32767
1458 NONE -13144;30014 0;-32767
1459 NONE -13144;30014 0;-32767
1460 NONE -13144;30014 0;-32767
1461 NONE -13144;30014 0;-32767
1462 NONE -13144;30014 0;-32767
1463 NONE -13144;30014 0;-32767
1464 NONE -13144;30014 0;-32767
1465 NONE -13144;30014 0;-32767
1466 NONE -13144;30014 0;-32767
1467 NONE -13144;30014 0;-32767
1468 NONE -13144;30014 0;-32767
1469 NONE -13144;30014 0;-32767
1470 NONE -13144;30014 0;-32767
1471 NONE -13144;30014 0;-32767
1472 NONE -13144;30014 0;-32767
1473 NONE -13144;30014 0;-32767
1474 NONE -13144;30014 0;-32767
1475 NONE -13144;30014 0;-32767
1476 NONE -13144;30014 0;-32767
1477 NONE -13144;30014 0;-32767
1478 NONE -13144;30014 0;-32767
1479 NONE -13144;30014 0;-32767
1480 NONE 26841;18794 0;-32767
1481 NONE 26841;18794 0;-32767
1482 NONE 26841;18794 0;-32767
1483 NONE 26841;18794 0;-32767
1484 NONE 26841;18794 0;-32767
1485 NONE 26841;18794 0;-32767
1486 NONE 26841;18794 0;-32767
1487 NONE 26841;18794 0;-32767
1488 NONE 26841;18794 0;-32767
1489 NONE 26841;18794 0;-32767
1490 NONE 26841;18794 0;-32767
