1 NONE 0;0 0;-32767
2 NONE 0;0 0;-32767
3 NONE 0;0 0;-32767
4 NONE 0;0 0;-32767
5 NONE 0;0 0;-32767
6 NONE 0;0 0;-32767
7 NONE 0;0 0;-32767
8 NONE 0;0 0;-32767
9 NONE 0;0 0;-32767
10 NONE 0;0 0;-32767
11 NONE 0;0 0;-32767
12 NONE 0;0 0;-32767
13 NONE 0;0 0;-32767
14 NONE 0;0 0;-32767
15 NONE 0;0 0;-32767
16 NONE 0;0 0;-32767
17 NONE 0;0 0;-32767
18 NONE 0;0 0;-32767
19 NONE 0;0 0;-32767
20 NONE 0;0 0;-32767
21 NONE 0;0 0;-32767
22 NONE 0;0 0;-32767
23 NONE 0;0 0;-32767
24 NONE 0;0 0;-32767
25 NONE 0;0 0;-32767
26 NONE 0;0 0;-32767
27 NONE 0;0 0;-32767
28 NONE 0;0 0;-32767
29 NONE 0;0 0;-32767
30 NONE 0;0 0;-32767
31 NONE 0;0 0;-32767
32 NONE 0;0 0;-32767
33 NONE 0;0 0;-32767
34 NONE 0;0 0;-32767
35 NONE 0;0 0;-32767
36 NONE 0;0 0;-32767
37 NONE 0;0 0;-32767
38 NONE 0;0 0;-32767
39 NONE 0;0 0;-32767
40 NONE 0;0 0;-32767
41 NONE 0;0 0;-32767
42 NONE 0;0 0;-32767
43 NONE 0;0 0;-32767
44 NONE 0;0 0;-32767
45 NONE 0;0 0;-32767
46 NONE 0;0 0;-32767
47 NONE 0;0 0;-32767
48 NONE 0;0 0;-32767
49 NONE 0;0 0;-32767
50 NONE 0;0 0;-32767
51 NONE 0;0 0;-32767
52 NONE 0;0 0;-32767
53 NONE 0;0 0;-32767
54 NONE 0;0 0;-32767
55 NONE 0;0 0;-32767
56 NONE 0;0 0;-32767
57 NONE 0;0 0;-32767
58 NONE 0;0 0;-32767
59 NONE 0;0 0;-32767
60 NONE 0;0 0;-32767
61 NONE 0;0 0;-32767
62 NONE 0;0 0;-32767
63 NONE 0;0 0;-32767
64 NONE 0;0 0;-32767
65 NONE 0;0 0;-32767
66 NONE 0;0 0;-32767
67 NONE 0;0 0;-32767
68 NONE 0;0 0;-32767
69 NONE 0;0 0;-32767
70 NONE 0;0 0;-32767
71 NONE 0;0 0;-32767
72 NONE 0;0 0;-32767
73 NONE 0;0 0;-32767
74 NONE 0;0 0;-32767
75 NONE 0;0 0;-32767
76 NONE 0;0 0;-32767
77 NONE 0;0 0;-32767
78 NONE 0;0 0;-32767
79 NONE 0;0 0;-32767
80 NONE 0;0 0;-32767
81 NONE 0;0 0;-32767
82 NONE 0;0 0;-32767
83 NONE 0;0 0;-32767
84 NONE 0;0 0;-32767
85 NONE 0;0 0;-32767
86 NONE 0;0 0;-32767
87 NONE 0;0 0;-32767
88 NONE 0;0 0;-32767
89 NONE 0;0 0;-32767
90 NONE 0;0 0;-32767
91 NONE 0;0 0;-32767
92 NONE 0;0 0;-32767
93 NONE 0;0 0;-32767
94 NONE 0;0 0;-32767
95 NONE 0;0 0;-32767
96 NONE 0;0 0;-32767
97 NONE 0;0 0;-32767
98 NONE 0;0 0;-32767
99 NONE 0;0 0;-32767
100 NONE 0;0 0;-32767
101 NONE 0;0 0;-32767
102 NONE 0;0 0;-32767
103 NONE 0;0 0;-32767
104 NONE 0;0 0;-32767
105 NONE 0;0 0;-32767
106 NONE 0;0 0;-32767
107 NONE 0;0 0;-32767
108 NONE 0;0 0;-32767
109 NONE 0;0 0;-32767
110 NONE 0;0 0;-32767
111 NONE 0;0 0;-32767
112 NONE 0;0 0;-32767
113 NONE 0;0 0;-32767
114 NONE 0;0 0;-32767
115 NONE 0;0 0;-32767
116 NONE 0;0 0;-32767
117 NONE 0;0 0;-32767
118 NONE 0;0 0;-32767
119 NONE 0;0 0;-32767
120 NONE 0;0 0;-32767
121 NONE 0;0 0;-32767
122 NONE 0;0 0;-32767
123 NONE 0;0 0;-32767
124 NONE 0;0 0;-32767
125 NONE 0;0 0;-32767
126 NONE 0;0 0;-32767
127 NONE 0;0 0;-32767
128 NONE 0;0 0;-32767
129 NONE 0;0 0;-32767
130 NONE 0;0 0;-32767
131 NONE 0;0 0;-32767
132 NONE 0;0 0;-32767
133 NONE 0;0 0;-32767
134 NONE 0;0 0;-32767
135 KEY_R 0;32767 0;-32767
136 NONE -28377;-16383 0;-32767
137 KEY_R 28377;-16383 0;-32767
138 NONE 0;32767 0;-32767
139 KEY_R -28377;-16383 0;-32767
140 NONE 28377;-16383 0;-32767
141 KEY_R 0;32767 0;-32767
142 NONE -28377;-16383 0;-32767
143 KEY_R 28377;-16383 0;-32767
144 NONE 0;32767 0;-32767
145 KEY_R -28377;-16383 0;-32767
146 NONE 28377;-16383 0;-32767
147 KEY_R 0;32767 0;-32767
148 NONE -28377;-16383 0;-32767
149 KEY_R 28377;-16383 0;-32767
150 NONE 0;32767 0;-32767
151 KEY_R -28377;-16383 0;-32767
152 NONE 28377;-16383 0;-32767
153 KEY_R 0;32767 0;-32767
154 NONE -28377;-16383 0;-32767
155 KEY_R 28377;-16383 0;-32767
156 NONE 0;32767 0;-32767
157 KEY_R -28377;-16383 0;-32767
158 NONE 28377;-16383 0;-32767
159 KEY_R 0;32767 0;-32767
160 NONE -28377;-16383 0;-32767
161 KEY_R 28377;-16383 0;-32767
162 NONE 0;32767 0;-32767
163 KEY_R -28377;-16383 0;-32767
164 NONE 28377;-16383 0;-32767
165 KEY_R 0;32767 0;-32767
166 NONE -28377;-16383 0;-32767
167 KEY_R 28377;-16383 0;-32767
168 NONE 0;32767 0;-32767
169 KEY_B;KEY_R 0;32767 0;-32767
170 KEY_ZL;KEY_R 0;32767 0;-32767
171 KEY_ZL 0;32767 0;-32767
172 KEY_ZL;KEY_R 0;32767 0;-32767
173 KEY_ZL 0;32767 0;-32767
174 KEY_ZL;KEY_X;KEY_R 0;32767 0;-32767
175 KEY_ZL;KEY_Y 0;32767 0;-32767
176 KEY_ZL;KEY_X;KEY_R 0;32767 0;-32767
177 KEY_ZL;KEY_Y 0;32767 0;-32767
178 KEY_ZL;KEY_X;KEY_R 0;32767 0;-32767
179 KEY_ZL;KEY_Y 0;32767 0;-32767
180 KEY_ZL;KEY_L 0;32767 0;-32767
181 KEY_ZL;KEY_DUP 0;32767 0;-32767
182 KEY_ZL;KEY_L 0;32767 0;-32767
183 KEY_ZL;KEY_DUP 0;32767 0;-32767
184 KEY_ZL;KEY_L 0;32767 0;-32767
185 KEY_ZL;KEY_DUP 0;32767 0;-32767
186 KEY_ZL;KEY_L 0;32767 0;-32767
187 KEY_ZL;KEY_DUP 0;32767 0;-32767
188 KEY_ZL;KEY_L 0;32767 0;-32767
189 KEY_ZL;KEY_DUP 0;32767 0;-32767
190 KEY_ZL;KEY_L 0;32767 0;-32767
191 KEY_ZL;KEY_DUP 0;32767 0;-32767
192 KEY_ZL;KEY_L 0;32767 0;-32767
193 KEY_ZL;KEY_DUP 0;32767 0;-32767
194 KEY_ZL;KEY_L 0;32767 0;-32767
195 KEY_ZL;KEY_DUP 0;32767 0;-32767
196 KEY_ZL;KEY_L 0;32767 0;-32767
197 KEY_ZL;KEY_DUP 0;32767 0;-32767
198 KEY_ZL;KEY_L 0;32767 0;-32767
199 KEY_ZL;KEY_DUP 0;32767 0;-32767
200 KEY_ZL;KEY_L 0;32767 0;-32767
201 KEY_ZL;KEY_DUP 0;32767 0;-32767
202 KEY_ZL;KEY_L 0;32767 0;-32767
203 KEY_ZL;KEY_DUP 0;32767 0;-32767
204 KEY_ZL;KEY_L 0;32767 0;-32767
205 KEY_ZL;KEY_DUP 0;32767 0;-32767
206 KEY_ZL;KEY_L 0;32767 0;-32767
207 KEY_ZL;KEY_DUP 0;32767 0;-32767
208 KEY_ZL;KEY_L 0;32767 0;-32767
209 KEY_ZL;KEY_DUP 0;32767 0;-32767
210 KEY_ZL;KEY_L 0;32767 0;-32767
211 KEY_ZL;KEY_DUP 0;32767 0;-32767
212 KEY_ZL;KEY_L 0;32767 0;-32767
213 KEY_ZL;KEY_DUP 0;32767 0;-32767
214 KEY_ZL;KEY_L 0;32767 0;-32767
215 KEY_ZL;KEY_DUP 0;32767 0;-32767
216 KEY_ZL;KEY_L 0;32767 0;-32767
217 KEY_ZL;KEY_DUP 0;32767 0;-32767
218 KEY_ZL;KEY_L 0;32767 0;-32767
219 KEY_ZL;KEY_DUP 0;32767 0;-32767
220 KEY_ZL;KEY_L 0;32767 0;-32767
221 KEY_ZL;KEY_DUP 0;32767 0;-32767
222 KEY_ZL;KEY_L 0;32767 0;-32767
223 KEY_ZL;KEY_DUP 0;32767 0;-32767
224 KEY_ZL;KEY_L 0;32767 0;-32767
225 KEY_ZL;KEY_DUP 0;32767 0;-32767
226 KEY_ZL;KEY_L 0;32767 0;-32767
227 KEY_ZL;KEY_DUP 0;32767 0;-32767
228 KEY_ZL;KEY_L 0;32767 0;-32767
229 KEY_PLUS 0;0 0;0
230 NONE 0;32767 0;0
231 NONE -28377;-16383 0;0
232 NONE 28377;-16383 0;0
233 NONE 0;32767 0;0
234 NONE -28377;-16383 0;0
235 NONE 28377;-16383 0;0
236 NONE 0;32767 0;0
237 NONE -28377;-16383 0;0
238 KEY_PLUS 0;0 0;0
239 NONE 0;32767 0;0
240 NONE -28377;-16383 0;0
241 NONE 28377;-16383 0;0
242 NONE 0;32767 0;0
243 NONE -28377;-16383 0;0
244 NONE 28377;-16383 0;0
245 NONE 0;32767 0;0
246 NONE -28377;-16383 0;0
247 NONE 28377;-16383 0;0
248 NONE 0;32767 0;0
249 NONE -28377;-16383 0;0
250 NONE 28377;-16383 0;0
251 NONE 0;32767 0;0
252 NONE -28377;-16383 0;0
253 NONE 28377;-16383 0;0
254 NONE 0;32767 0;0
255 NONE -28377;-16383 0;0
256 NONE 28377;-16383 0;0
257 NONE 0;32767 0;0
258 NONE -28377;-16383 0;0
259 NONE 28377;-16383 0;0
260 NONE 0;32767 0;0
261 KEY_A 0;0 0;0
262 NONE 0;32767 0;-32767
263 NONE -28377;-16383 0;-32767
264 NONE 28377;-16383 0;-32767
265 NONE 0;32767 0;-32767
266 NONE -28377;-16383 0;-32767
267 NONE 28377;-16383 0;-32767
268 NONE 0;32767 0;-32767
269 NONE -28377;-16383 0;-32767
270 NONE 28377;-16383 0;-32767
271 NONE 0;32767 0;-32767
272 NONE -28377;-16383 0;-32767
273 NONE 28377;-16383 0;-32767
274 NONE 0;32767 0;-32767
275 NONE -28377;-16383 0;-32767
276 NONE 28377;-16383 0;-32767
277 NONE 0;32767 0;-32767
278 NONE -28377;-16383 0;-32767
279 NONE 28377;-16383 0;-32767
280 NONE 0;32767 0;-32767
281 NONE -28377;-16383 0;-32767
282 NONE 28377;-16383 0;-32767
283 NONE 0;32767 0;-32767
284 NONE -28377;-16383 0;-32767
285 NONE 28377;-16383 0;-32767
286 NONE 0;32767 0;-32767
287 NONE -28377;-16383 0;-32767
288 NONE 28377;-16383 0;-32767
289 NONE 0;32767 0;-32767
290 NONE -28377;-16383 0;-32767
291 NONE 28377;-16383 0;-32767
292 NONE 0;32767 0;-32767
293 NONE -28377;-16383 0;-32767
294 NONE 28377;-16383 0;-32767
295 NONE 0;32767 0;-32767
296 NONE -28377;-16383 0;-32767
297 NONE 28377;-16383 0;-32767
298 NONE 0;32767 0;-32767
299 NONE -28377;-16383 0;-32767
300 NONE 28377;-16383 0;-32767
301 NONE 0;32767 0;-32767
302 NONE -28377;-16383 0;-32767
303 NONE 28377;-16383 0;-32767
304 NONE 0;32767 0;-32767
305 NONE -28377;-16383 0;-32767
306 NONE 28377;-16383 0;-32767
307 NONE 0;32767 0;-32767
308 NONE -28377;-16383 0;-32767
309 NONE 28377;-16383 0;-32767
310 NONE 0;32767 0;-32767
311 NONE -28377;-16383 0;-32767
312 NONE 28377;-16383 0;-32767
313 NONE 0;32767 0;-32767
314 NONE -28377;-16383 0;-32767
315 NONE 28377;-16383 0;-32767
316 KEY_B 0;32767 0;-32767
317 KEY_ZL 0;32767 0;-32767
318 KEY_ZL 0;32767 0;-32767
319 KEY_ZL 0;32767 0;-32767
320 KEY_ZL 0;32767 0;-32767
321 KEY_ZL;KEY_X 0;32767 0;-32767
322 KEY_ZL;KEY_Y 0;32767 0;-32767
323 KEY_ZL;KEY_X 0;32767 0;-32767
324 KEY_ZL;KEY_Y 0;32767 0;-32767
325 KEY_ZL;KEY_X 0;32767 0;-32767
326 KEY_ZL;KEY_Y 0;32767 0;-32767
327 KEY_ZL 0;32767 0;-32767
328 KEY_ZL 0;32767 0;-32767
329 KEY_ZL 0;32767 0;-32767
330 KEY_ZL 0;32767 0;-32767
331 KEY_ZL 0;32767 0;-32767
332 KEY_ZL 0;32767 0;-32767
333 KEY_ZL 0;32767 0;-32767
334 KEY_ZL 0;32767 0;-32767
335 KEY_ZL 0;32767 0;-32767
336 KEY_ZL 0;32767 0;-32767
337 KEY_ZL 0;32767 0;-32767
338 KEY_ZL 0;32767 0;-32767
339 KEY_ZL 0;32767 0;-32767
340 KEY_ZL 0;32767 0;-32767
341 KEY_ZL 0;32767 0;-32767
342 KEY_ZL 0;32767 0;-32767
343 KEY_ZL 0;32767 0;-32767
344 KEY_ZL 0;32767 0;-32767
345 KEY_ZL 0;32767 0;-32767
346 KEY_ZL 0;32767 0;-32767
347 KEY_ZL 0;32767 0;-32767
348 KEY_ZL 0;32767 0;-32767
349 KEY_ZL 0;32767 0;-32767
350 KEY_ZL 0;32767 0;-32767
351 KEY_ZL 0;32767 0;-32767
352 KEY_ZL 0;32767 0;-32767
353 NONE 0;0 0;-32767
354 KEY_B;KEY_DUP 0;0 0;-32767
355 NONE -32269;5689 0;-32767
356 NONE 0;32767 0;-32767
357 NONE 0;32767 0;-32767
358 NONE 0;32767 0;-32767
359 KEY_B 0;32767 0;-32767
360 KEY_B 0;32767 0;-32767
361 KEY_B 0;32767 0;-32767
362 KEY_B 0;32767 0;-32767
363 KEY_B 0;32767 0;-32767
364 KEY_B 0;32767 0;-32767
365 KEY_B 0;32767 0;-32767
366 KEY_B 0;32767 0;-32767
367 KEY_B 0;32767 0;-32767
368 KEY_B 0;32767 0;-32767
369 KEY_B 0;32767 0;-32767
370 KEY_B 0;32767 0;-32767
371 KEY_B 0;32767 0;-32767
372 KEY_B 0;32767 0;-32767
373 KEY_B 0;32767 0;-32767
374 KEY_B 0;32767 0;-32767
375 KEY_B 0;32767 0;-32767
376 KEY_B 0;32767 0;-32767
377 KEY_B 0;32767 0;-32767
378 KEY_B 0;32767 0;-32767
379 KEY_B 0;32767 0;-32767
380 KEY_B 0;32767 0;-32767
381 KEY_B 0;32767 0;-32767
382 KEY_B 0;32767 0;-32767
383 KEY_ZL;KEY_R 0;0 0;0
384 KEY_ZR;KEY_Y 0;0 0;0
385 NONE 0;0 0;0
386 NONE 0;0 0;0
387 NONE 0;0 0;0
388 NONE 0;0 0;0
389 NONE 0;0 0;0
390 NONE 0;0 0;0
391 NONE 0;0 0;0
392 NONE 0;0 0;0
393 NONE 0;0 0;0
394 NONE 0;0 0;0
395 NONE 0;0 0;0
396 NONE 0;0 0;0
397 NONE 0;0 0;0
398 NONE 0;0 0;0
399 NONE 0;0 0;0
400 NONE 0;0 0;0
401 NONE 0;0 0;0
402 NONE 0;0 0;0
403 NONE 0;0 0;0
404 NONE 0;0 0;0
405 NONE 0;0 0;0
406 NONE 0;0 0;0
407 NONE 0;0 0;0
408 NONE 0;0 0;0
409 NONE 0;0 0;0
410 NONE 0;-32767 0;0
411 NONE 0;-32767 0;0
412 NONE 0;-32767 0;0
413 NONE 0;-32767 0;0
414 NONE 0;-32767 0;0
415 NONE 0;-32767 0;0
416 NONE 0;-32767 0;0
417 NONE 0;-32767 0;0
418 NONE 0;-32767 0;0
419 NONE 0;-32767 0;0
420 NONE 0;-32767 0;0
421 NONE 0;-32767 0;0
422 NONE 0;-32767 0;0
423 NONE 0;-32767 0;0
424 NONE 0;-32767 0;0
425 NONE 0;-32767 0;0
426 NONE 0;-32767 0;0
427 NONE 0;-32767 0;0
428 NONE 0;-32767 0;0
429 NONE 0;-32767 0;0
430 NONE 0;-32767 0;0
431 NONE 0;-32767 0;0
432 NONE 0;-32767 0;0
433 NONE 0;-32767 0;0
434 NONE 0;-32767 0;0
435 NONE 0;-32767 0;0
436 NONE 0;-32767 0;0
437 NONE 0;-32767 0;0
438 NONE 0;-32767 0;0
439 NONE 0;-32767 0;0
440 NONE 0;-32767 0;0
441 NONE 0;32767 0;0
442 NONE -28377;-16383 0;0
443 NONE 28377;-16383 0;0
444 NONE 0;32767 0;0
445 NONE -28377;-16383 0;0
446 NONE 28377;-16383 0;0
447 NONE 0;32767 0;0
448 NONE -28377;-16383 0;0
449 NONE 28377;-16383 0;0
450 NONE 0;32767 0;0
451 NONE -28377;-16383 0;0
452 NONE 28377;-16383 0;0
453 NONE 0;32767 0;0
454 NONE -28377;-16383 0;0
455 NONE 28377;-16383 0;0
456 NONE 0;32767 0;0
457 NONE -28377;-16383 0;0
458 NONE 28377;-16383 0;0
459 NONE 0;32767 0;0
460 NONE -28377;-16383 0;0
461 NONE 28377;-16383 0;0
462 NONE 0;32767 0;0
463 NONE -28377;-16383 0;0
464 NONE 28377;-16383 0;0
465 NONE 0;32767 0;0
466 NONE -28377;-16383 0;0
467 NONE 28377;-16383 0;0
468 NONE 0;32767 0;0
469 KEY_ZL 0;32767 0;0
470 NONE -28377;-16383 0;0
471 KEY_ZL 28377;-16383 0;0
472 NONE 0;32767 0;0
473 KEY_ZL -28377;-16383 0;0
474 NONE 28377;-16383 0;0
475 KEY_ZL 0;32767 0;0
476 NONE -28377;-16383 0;0
477 KEY_ZL 28377;-16383 0;0
478 NONE 0;32767 0;0
479 KEY_ZL -28377;-16383 0;0
480 NONE 28377;-16383 0;0
481 KEY_ZL 0;32767 0;0
482 NONE -28377;-16383 0;0
483 KEY_ZL 28377;-16383 0;0
484 NONE 0;32767 0;0
485 KEY_ZL -28377;-16383 0;0
486 NONE 28377;-16383 0;0
487 KEY_ZL 0;32767 0;0
488 NONE -28377;-16383 0;0
489 KEY_ZL 28377;-16383 0;0
490 NONE 0;32767 0;0
491 KEY_ZL -28377;-16383 0;0
492 NONE 28377;-16383 0;0
493 KEY_ZL 0;32767 0;0
494 NONE -28377;-16383 0;0
495 KEY_ZL 28377;-16383 0;0
496 NONE 0;32767 0;0
497 KEY_ZL -28377;-16383 0;0
498 NONE 28377;-16383 0;0
499 KEY_ZL 0;32767 0;0
500 NONE -28377;-16383 0;0
501 KEY_ZL 28377;-16383 0;0
502 NONE 0;32767 0;0
503 KEY_ZL -28377;-16383 0;0
504 NONE 28377;-16383 0;0
505 KEY_ZL 0;32767 0;0
506 NONE -28377;-16383 0;0
507 KEY_ZL 28377;-16383 0;0
508 NONE 0;32767 0;0
509 KEY_ZL -28377;-16383 0;0
510 NONE 28377;-16383 0;0
511 KEY_ZL 0;32767 0;0
512 NONE -28377;-16383 0;0
513 KEY_ZL 28377;-16383 0;0
514 NONE 0;32767 0;0
515 KEY_ZL -28377;-16383 0;0
516 NONE 28377;-16383 0;0
517 KEY_ZL 0;32767 0;0
518 NONE -28377;-16383 0;0
519 KEY_ZL 28377;-16383 0;0
520 NONE 0;32767 0;0
521 KEY_ZL -28377;-16383 0;0
522 NONE 28377;-16383 0;0
523 NONE 0;32767 0;0
524 NONE -28377;-16383 0;0
525 NONE 28377;-16383 0;0
526 NONE 0;32767 0;0
527 NONE -28377;-16383 0;0
528 NONE 28377;-16383 0;0
529 NONE 0;32767 0;0
530 NONE -28377;-16383 0;0
531 NONE 28377;-16383 0;0
532 KEY_B -12803;30162 0;0
533 KEY_B -12803;30162 0;0
534 KEY_B -12803;30162 0;0
535 KEY_B -12803;30162 0;0
536 KEY_B -12803;30162 0;0
537 KEY_B -12803;30162 0;0
538 KEY_B -12803;30162 0;0
539 KEY_B -12803;30162 0;0
540 KEY_B -12803;30162 0;0
541 KEY_B -12803;30162 0;0
542 KEY_B -12803;30162 0;0
543 KEY_B -12803;30162 0;0
544 KEY_B -12803;30162 0;0
545 KEY_B -12803;30162 0;0
546 KEY_B -12803;30162 0;0
547 KEY_B -12803;30162 0;0
548 KEY_B -12803;30162 0;0
549 KEY_B -12803;30162 0;0
550 NONE 0;0 0;0
551 NONE 0;0 0;0
552 NONE 0;0 0;0
553 NONE 0;0 0;0
554 NONE 0;0 0;0
555 NONE 0;0 0;0
556 NONE 0;0 0;0
557 NONE 0;0 0;0
558 NONE 0;0 0;0
559 NONE 0;0 0;0
560 NONE 0;0 0;0
561 NONE 0;0 0;0
562 NONE 0;0 0;0
563 NONE 0;0 0;0
564 NONE 0;0 0;0
565 NONE 0;0 0;0
566 NONE 0;0 0;0
567 NONE 0;0 0;0
568 NONE 0;0 0;0
569 NONE 0;0 0;0
570 NONE 0;0 0;0
571 NONE 0;0 0;0
572 NONE 0;0 0;0
573 NONE 0;0 0;0
574 NONE 0;0 0;0
575 NONE 0;0 0;0
576 NONE 0;0 0;0
577 NONE 0;0 0;0
578 NONE 0;0 0;0
579 NONE 0;0 0;0
580 NONE 0;0 0;0
581 NONE 0;0 0;0
582 NONE 0;0 0;0
583 NONE 0;0 0;0
584 NONE 0;0 0;0
585 NONE 0;0 0;0
586 NONE 0;0 0;0
587 NONE 0;0 0;0
588 NONE 0;0 0;0
589 NONE 0;0 0;0
590 NONE 0;0 0;0
591 NONE 0;0 0;0
592 NONE 0;0 0;0
593 NONE 0;0 0;0
594 NONE 0;0 0;0
595 NONE 0;0 0;0
596 NONE 0;0 0;0
597 NONE 0;0 0;0
598 NONE 0;0 0;0
599 NONE 0;0 0;0
600 NONE 0;0 0;0
601 NONE 0;0 0;0
602 NONE 0;0 0;0
603 NONE 0;0 0;0
604 NONE 0;0 0;0
605 NONE 0;0 0;0
606 NONE 0;0 0;0
607 NONE 0;0 0;0
608 NONE 0;0 0;0
609 NONE 0;0 0;0
610 NONE 0;0 0;0
611 NONE 0;0 0;0
612 NONE 0;0 0;0
613 NONE 0;0 0;0
614 NONE 0;0 0;0
615 NONE 0;0 0;0
616 NONE 0;0 0;0
617 NONE 0;0 0;0
618 NONE 0;0 0;0
619 NONE 0;32767 0;0
620 NONE -28377;-16383 0;0
621 NONE 28377;-16383 0;0
622 NONE 0;32767 0;0
623 NONE -28377;-16383 0;0
624 NONE 28377;-16383 0;0
625 NONE 0;32767 0;0
626 NONE -28377;-16383 0;0
627 NONE 28377;-16383 0;0
628 NONE 0;32767 0;0
629 NONE -28377;-16383 0;0
630 NONE 28377;-16383 0;0
631 NONE 0;32767 0;0
632 NONE -28377;-16383 0;0
633 NONE 28377;-16383 0;0
634 NONE 0;32767 0;0
635 NONE -28377;-16383 0;0
636 NONE 28377;-16383 0;0
637 NONE 0;32767 0;0
638 NONE -28377;-16383 0;0
639 NONE 28377;-16383 0;0
640 NONE 0;32767 0;0
641 NONE -28377;-16383 0;0
642 NONE 28377;-16383 0;0
643 NONE 0;32767 0;0
644 NONE -28377;-16383 0;0
645 NONE 28377;-16383 0;0
646 NONE 0;32767 0;0
647 NONE -28377;-16383 0;0
648 NONE 28377;-16383 0;0
649 NONE 0;32767 0;0
650 NONE -28377;-16383 0;0
651 NONE 28377;-16383 0;0
652 NONE 0;32767 0;0
653 NONE -28377;-16383 0;0
654 NONE 28377;-16383 0;0
655 NONE 0;32767 0;0
656 NONE -28377;-16383 0;0
657 NONE 28377;-16383 0;0
658 NONE 0;32767 0;0
659 NONE -28377;-16383 0;0
660 NONE 28377;-16383 0;0
661 NONE 0;32767 0;0
662 NONE -28377;-16383 0;0
663 NONE 28377;-16383 0;0
664 NONE 0;32767 0;0
665 NONE -28377;-16383 0;0
666 NONE 28377;-16383 0;0
667 NONE 0;32767 0;0
668 NONE -28377;-16383 0;0
669 NONE 28377;-16383 0;0
670 NONE 0;32767 0;0
671 NONE -28377;-16383 0;0
672 NONE 28377;-16383 0;0
673 NONE 0;32767 0;0
674 NONE -28377;-16383 0;0
675 NONE 28377;-16383 0;0
676 NONE 0;32767 0;0
677 NONE -28377;-16383 0;0
678 NONE 28377;-16383 0;0
679 NONE 0;32767 0;0
680 NONE -28377;-16383 0;0
681 KEY_B 18794;-26841 0;0
682 KEY_B 18794;-26841 0;0
683 KEY_B 18794;-26841 0;0
684 KEY_B 18794;-26841 0;0
685 KEY_B 18794;-26841 0;0
686 NONE 0;0 0;0
687 NONE 0;0 0;0
688 NONE 0;0 0;0
689 NONE 0;0 0;0
690 NONE 0;0 0;0
691 NONE 0;0 0;0
692 NONE 0;0 0;0
693 NONE 0;0 0;0
694 NONE 0;0 0;0
695 NONE 0;0 0;0
696 NONE 0;0 0;0
697 NONE 0;0 0;0
698 NONE 0;0 0;0
699 NONE 0;0 0;0
700 NONE 0;0 0;0
701 NONE 0;0 0;0
702 NONE 0;0 0;0
703 NONE 0;0 0;0
704 NONE 0;0 0;0
705 NONE 0;0 0;0
706 NONE 0;0 0;0
707 NONE 0;0 0;0
708 NONE 0;0 0;0
709 NONE 0;0 0;0
710 NONE 0;0 0;0
711 NONE 0;0 0;0
712 NONE 0;0 0;0
713 NONE 0;0 0;0
714 NONE 0;0 0;0
715 KEY_Y 0;0 0;0
716 NONE 0;0 0;0
717 NONE 0;0 0;0
718 NONE 0;0 0;0
719 NONE 0;0 0;0
720 NONE 0;0 0;0
721 NONE 0;0 0;0
722 NONE 0;0 0;0
723 NONE 0;0 0;0
724 NONE 0;0 0;0
725 NONE 0;0 0;0
726 NONE 0;0 0;0
727 NONE 0;0 0;0
728 NONE 0;0 0;0
729 NONE 0;0 0;0
730 NONE 0;0 0;0
731 NONE 0;0 0;0
732 NONE 0;0 0;0
733 NONE 0;0 0;0
734 NONE 0;0 0;0
735 NONE 0;0 0;0
736 NONE 0;0 0;0
737 NONE 0;0 0;0
738 NONE 0;0 0;0
739 NONE 0;0 0;0
740 NONE 0;0 0;0
741 NONE 0;0 0;0
742 NONE 0;0 0;0
743 NONE 0;0 0;0
744 NONE 0;0 0;0
745 NONE 0;0 0;0
746 NONE 0;0 0;0
747 NONE 0;0 0;0
748 NONE 0;0 0;0
749 NONE 0;0 0;0
750 NONE 0;0 0;0
751 KEY_ZL 0;-32767 0;0
752 KEY_ZR;KEY_Y 0;-32767 0;0
753 NONE 0;32767 0;0
754 NONE 0;32767 0;0
755 NONE 0;32767 0;0
756 NONE 0;32767 0;0
757 NONE 0;32767 0;0
758 NONE 0;32767 0;0
759 NONE 0;32767 0;0
760 NONE 0;32767 0;0
761 NONE 0;32767 0;0
762 NONE 0;32767 0;0
763 NONE 0;32767 0;0
764 NONE 0;32767 0;0
765 NONE 0;32767 0;0
766 NONE 0;32767 0;0
767 NONE 0;32767 0;0
768 NONE 0;32767 0;0
769 NONE 0;32767 0;0
770 NONE 0;32767 0;0
771 NONE -28377;-16383 0;0
772 NONE 28377;-16383 0;0
773 NONE 0;32767 0;0
774 NONE -28377;-16383 0;0
775 NONE 28377;-16383 0;0
776 NONE 0;32767 0;0
777 NONE -28377;-16383 0;0
778 NONE 28377;-16383 0;0
779 NONE 0;32767 0;0
780 NONE -28377;-16383 0;0
781 NONE 28377;-16383 0;0
782 NONE 0;32767 0;0
783 NONE -28377;-16383 0;0
784 NONE 28377;-16383 0;0
785 NONE 0;32767 0;0
786 NONE -28377;-16383 0;0
787 NONE 28377;-16383 0;0
788 NONE 0;32767 0;0
789 NONE -28377;-16383 0;0
790 NONE 28377;-16383 0;0
791 NONE 0;32767 0;0
792 NONE -28377;-16383 0;0
793 NONE 28377;-16383 0;0
794 NONE 0;32767 0;0
795 NONE -28377;-16383 0;0
796 NONE 28377;-16383 0;0
797 NONE 0;32767 0;0
798 NONE -28377;-16383 0;0
799 NONE 28377;-16383 0;0
800 NONE 0;32767 0;0
801 NONE -28377;-16383 0;0
802 NONE 28377;-16383 0;0
803 KEY_A 0;32767 0;0
804 NONE -28377;-16383 0;0
805 NONE 28377;-16383 0;0
806 NONE 0;32767 0;0
807 NONE -28377;-16383 0;0
808 NONE 28377;-16383 0;0
809 NONE 0;32767 0;0
810 NONE -28377;-16383 0;0
811 NONE 28377;-16383 0;0
812 NONE 0;32767 0;0
813 NONE -28377;-16383 0;0
814 NONE 28377;-16383 0;0
815 KEY_ZL 0;32767 0;0
816 NONE -28377;-16383 0;0
817 NONE 28377;-16383 0;0
818 NONE 0;32767 0;0
819 NONE -28377;-16383 0;0
820 NONE 28377;-16383 0;0
821 NONE 0;32767 0;0
822 NONE -28377;-16383 0;0
823 NONE 28377;-16383 0;0
824 KEY_A 0;32767 0;0
825 NONE -28377;-16383 0;0
826 NONE 28377;-16383 0;0
827 NONE 0;32767 0;0
828 NONE -28377;-16383 0;0
829 NONE 28377;-16383 0;0
830 NONE 0;32767 0;0
831 NONE -28377;-16383 0;0
832 NONE 28377;-16383 0;0
833 NONE 0;32767 0;0
834 NONE -28377;-16383 0;0
835 NONE 28377;-16383 0;0
836 KEY_ZL 0;32767 0;0
837 NONE -28377;-16383 0;0
838 NONE 28377;-16383 0;0
839 NONE 0;32767 0;0
840 NONE -28377;-16383 0;0
841 NONE 28377;-16383 0;0
842 NONE 0;32767 0;0
843 NONE -28377;-16383 0;0
844 NONE 28377;-16383 0;0
845 KEY_A 0;32767 0;0
846 NONE -28377;-16383 0;0
847 NONE 28377;-16383 0;0
848 NONE 0;32767 0;0
849 NONE -28377;-16383 0;0
850 NONE 28377;-16383 0;0
851 NONE 0;32767 0;0
852 NONE -28377;-16383 0;0
853 NONE 28377;-16383 0;0
854 NONE 0;32767 0;0
855 NONE -28377;-16383 0;0
856 NONE 28377;-16383 0;0
857 KEY_ZL 0;32767 0;0
858 NONE -28377;-16383 0;0
859 NONE 28377;-16383 0;0
860 NONE 0;32767 0;0
861 NONE -28377;-16383 0;0
862 NONE 28377;-16383 0;0
863 NONE 0;32767 0;0
864 NONE -28377;-16383 0;0
865 NONE 28377;-16383 0;0
866 NONE 0;32767 0;0
867 KEY_B 5689;32269 0;0
868 KEY_B 5689;32269 0;0
869 KEY_B 5689;32269 0;0
870 KEY_B 5689;32269 0;0
871 KEY_B 5689;32269 0;0
872 KEY_B 5689;32269 0;0
873 KEY_B 5689;32269 0;0
874 KEY_B 5689;32269 0;0
875 KEY_B 5689;32269 0;0
876 KEY_B 5689;32269 0;0
877 KEY_B 5689;32269 0;0
878 KEY_B 5689;32269 0;0
879 KEY_B 5689;32269 0;0
880 KEY_B 5689;32269 0;0
881 NONE 0;0 0;0
882 NONE 0;0 0;0
883 NONE 0;0 0;0
884 NONE 0;0 0;0
885 NONE 0;0 0;0
886 NONE 0;0 0;0
887 NONE 0;0 0;0
888 NONE 0;0 0;0
889 NONE 0;0 0;0
890 NONE 0;0 0;0
891 NONE 0;0 0;0
892 NONE 0;0 0;0
893 NONE 0;0 0;0
894 NONE 0;0 0;0
895 NONE 0;0 0;0
896 NONE 0;0 0;0
897 NONE 0;0 0;0
898 NONE 0;0 0;0
899 NONE 0;0 0;0
900 NONE 0;0 0;0
901 NONE 0;0 0;0
902 NONE 0;0 0;0
903 NONE 0;0 0;0
904 NONE 0;0 0;0
905 NONE 0;0 0;0
906 NONE 0;0 0;0
907 NONE 0;0 0;0
908 NONE 0;0 0;0
909 NONE 0;0 0;0
910 NONE 0;0 0;0
911 NONE 0;0 0;0
912 NONE 0;0 0;0
913 NONE 0;0 0;0
914 NONE 0;0 0;0
915 NONE 0;0 0;0
916 NONE 0;0 0;0
917 NONE 0;0 0;0
918 NONE 0;0 0;0
919 NONE 0;0 0;0
920 NONE 0;0 0;0
921 NONE 0;0 0;0
922 NONE 0;0 0;0
923 NONE 0;0 0;0
924 NONE 0;0 0;0
925 NONE 0;0 0;0
926 NONE 0;0 0;0
927 NONE 0;0 0;0
928 NONE 0;0 0;0
929 NONE 0;0 0;0
930 NONE 0;0 0;0
931 NONE 0;0 0;0
932 NONE 0;0 0;0
933 NONE 0;0 0;0
934 NONE 0;0 0;0
935 NONE 0;0 0;0
936 NONE 0;0 0;0
937 NONE 0;0 0;0
938 NONE 0;0 0;0
939 NONE 0;0 0;0
940 NONE 0;0 0;0
941 NONE 0;0 0;0
942 NONE 0;0 0;0
943 NONE 0;0 0;0
944 NONE 0;0 0;0
945 NONE 0;0 0;0
946 NONE 0;0 0;0
947 NONE 0;0 0;0
948 NONE 0;0 0;0
949 NONE 0;0 0;0
950 NONE 0;0 0;0
951 KEY_ZL 0;0 0;0
952 NONE 0;32767 0;0
953 NONE -28377;-16383 0;0
954 NONE 28377;-16383 0;0
955 NONE 0;32767 0;0
956 NONE -28377;-16383 0;0
957 NONE 28377;-16383 0;0
958 NONE 0;32767 0;0
959 NONE -28377;-16383 0;0
960 NONE 28377;-16383 0;0
961 NONE 0;32767 0;0
962 NONE -28377;-16383 0;0
963 NONE 28377;-16383 0;0
964 NONE 0;32767 0;0
965 NONE -28377;-16383 0;0
966 NONE 28377;-16383 0;0
967 NONE 0;32767 0;0
968 NONE -28377;-16383 0;0
969 NONE 28377;-16383 0;0
970 NONE 0;32767 0;0
971 NONE -28377;-16383 0;0
972 NONE 28377;-16383 0;0
973 NONE 0;32767 0;0
974 NONE -28377;-16383 0;0
975 NONE 28377;-16383 0;0
976 NONE 0;32767 0;0
977 NONE -28377;-16383 0;0
978 NONE 28377;-16383 0;0
979 NONE 0;32767 0;0
980 NONE -28377;-16383 0;0
981 NONE 28377;-16383 0;0
982 NONE 0;32767 0;0
983 NONE -28377;-16383 0;0
984 NONE 28377;-16383 0;0
985 NONE 0;32767 0;0
986 NONE -28377;-16383 0;0
987 NONE 28377;-16383 0;0
988 NONE 0;32767 0;0
989 NONE -28377;-16383 0;0
990 NONE 28377;-16383 0;0
991 NONE 0;32767 0;0
992 NONE -28377;-16383 0;0
993 NONE 28377;-16383 0;0
994 NONE 0;32767 0;0
995 NONE -28377;-16383 0;0
996 NONE 28377;-16383 0;0
997 NONE 0;32767 0;0
998 NONE -28377;-16383 0;0
999 NONE 28377;-16383 0;0
1000 NONE 0;32767 0;0
1001 NONE -28377;-16383 0;0
1002 NONE 28377;-16383 0;0
1003 NONE 0;32767 0;0
1004 NONE -28377;-16383 0;0
1005 NONE 28377;-16383 0;0
1006 NONE 0;32767 0;0
1007 NONE -28377;-16383 0;0
1008 NONE 28377;-16383 0;0
1009 NONE 0;32767 0;0
1010 NONE -28377;-16383 0;0
1011 NONE 28377;-16383 0;0
1012 NONE 0;32767 0;0
1013 KEY_B 0;0 0;0
1014 KEY_ZL 0;0 0;0
1015 KEY_ZL 0;0 0;0
1016 KEY_ZL 0;0 0;0
1017 KEY_B 0;0 0;0
1018 NONE 30790;-11206 0;0
1019 NONE 30790;-11206 0;0
1020 NONE 30790;-11206 0;0
1021 NONE 30790;-11206 0;0
1022 NONE 30790;-11206 0;0
1023 NONE 0;0 0;0
1024 NONE 0;0 0;0
1025 NONE 0;0 0;0
1026 NONE 0;0 0;0
1027 NONE 0;0 0;0
1028 NONE 0;0 0;0
1029 NONE 0;0 0;0
1030 NONE 0;0 0;0
1031 NONE 0;0 0;0
1032 NONE 0;0 0;0
1033 NONE 0;0 0;0
1034 NONE 0;0 0;0
1035 NONE 0;0 0;0
1036 NONE 0;0 0;0
1037 NONE 0;0 0;0
1038 NONE 0;0 0;0
1039 NONE 0;0 0;0
1040 NONE 0;0 0;0
1041 NONE 0;0 0;0
1042 NONE 0;0 0;0
1043 NONE 0;0 0;0
1044 NONE 0;0 0;0
1045 NONE 0;0 0;0
1046 NONE 0;0 0;0
1047 NONE 0;0 0;0
1048 NONE 0;0 0;0
1049 NONE 0;0 0;0
1050 NONE 0;0 0;0
1051 NONE 0;0 0;0
1052 NONE 0;0 0;0
1053 KEY_DRIGHT 0;0 0;0
1054 NONE 0;0 0;0
1055 NONE 0;0 0;0
1056 NONE 0;0 0;0
1057 NONE 0;0 0;0
1058 NONE 0;0 0;0
1059 NONE 0;0 0;0
1060 NONE 0;0 0;0
1061 NONE 0;0 0;0
1062 NONE 0;0 0;0
1063 NONE 0;0 0;0
1064 NONE 0;0 0;0
1065 NONE 0;0 0;0
1066 NONE 0;0 0;0
1067 NONE 0;0 0;0
1068 NONE 0;0 0;0
1069 NONE 0;0 0;0
1070 NONE 0;0 0;0
1071 NONE 0;0 0;0
1072 NONE 0;0 0;0
1073 NONE 0;0 0;0
1074 NONE 0;0 0;0
1075 NONE 0;0 0;0
1076 NONE 0;0 0;0
1077 NONE 0;0 0;0
1078 NONE 0;0 0;0
1079 NONE 0;0 0;0
1080 NONE 0;0 0;0
1081 NONE 0;0 0;0
1082 NONE 0;0 0;0
1083 NONE 0;0 0;0
1084 NONE 0;0 0;0
1085 NONE 0;0 0;0
1086 NONE 0;0 0;0
1087 NONE 0;0 0;0
1088 NONE 0;0 0;0
1089 NONE 0;0 0;0
1090 NONE 0;0 0;0
1091 NONE 0;0 0;0
1092 NONE 0;0 0;0
1093 NONE 0;0 0;0
1094 NONE 0;32767 0;0
1095 NONE -28377;-16383 0;0
1096 NONE 28377;-16383 0;0
1097 NONE 0;32767 0;0
1098 NONE -28377;-16383 0;0
1099 NONE 28377;-16383 0;0
1100 NONE 0;32767 0;0
1101 NONE -28377;-16383 0;0
1102 NONE 28377;-16383 0;0
1103 NONE 0;32767 0;0
1104 NONE -28377;-16383 0;0
1105 NONE 28377;-16383 0;0
1106 NONE 0;32767 0;0
1107 NONE -28377;-16383 0;0
1108 NONE 28377;-16383 0;0
1109 NONE 0;32767 0;0
1110 NONE -28377;-16383 0;0
1111 NONE 28377;-16383 0;0
1112 NONE 0;32767 0;0
1113 NONE -28377;-16383 0;0
1114 NONE 28377;-16383 0;0
1115 NONE 0;32767 0;0
1116 NONE -28377;-16383 0;0
1117 NONE 28377;-16383 0;0
1118 NONE 0;32767 0;0
1119 NONE -28377;-16383 0;0
1120 NONE 28377;-16383 0;0
1121 NONE 0;32767 0;0
1122 NONE -28377;-16383 0;0
1123 NONE 28377;-16383 0;0
1124 NONE 0;32767 0;0
1125 NONE -28377;-16383 0;0
1126 NONE 28377;-16383 0;0
1127 NONE 0;32767 0;0
1128 NONE -28377;-16383 0;0
1129 NONE 28377;-16383 0;0
1130 NONE 0;32767 0;0
1131 NONE -28377;-16383 0;0
1132 NONE 28377;-16383 0;0
1133 NONE 0;32767 0;0
1134 NONE -28377;-16383 0;0
1135 NONE 28377;-16383 0;0
1136 NONE 0;32767 0;0
1137 NONE -28377;-16383 0;0
1138 NONE 28377;-16383 0;0
1139 NONE 0;32767 0;0
1140 NONE -28377;-16383 0;0
1141 NONE 28377;-16383 0;0
1142 NONE 0;32767 0;0
1143 NONE -28377;-16383 0;0
1144 NONE 28377;-16383 0;0
1145 NONE 0;32767 0;0
1146 NONE -28377;-16383 0;0
1147 NONE 28377;-16383 0;0
1148 NONE 0;32767 0;0
1149 NONE -28377;-16383 0;0
1150 NONE 28377;-16383 0;0
1151 NONE 0;32767 0;0
1152 NONE -28377;-16383 0;0
1153 NONE 28377;-16383 0;0
1154 KEY_A 0;32767 0;0
1155 NONE -28377;-16383 0;0
1156 NONE 28377;-16383 0;0
1157 NONE 0;32767 0;0
1158 NONE -28377;-16383 0;0
1159 NONE 28377;-16383 0;0
1160 NONE 0;32767 0;0
1161 NONE -28377;-16383 0;0
1162 NONE 28377;-16383 0;0
1163 NONE 0;32767 0;0
1164 NONE -28377;-16383 0;0
1165 NONE 28377;-16383 0;0
1166 KEY_ZL 0;32767 0;0
1167 NONE -28377;-16383 0;0
1168 NONE 28377;-16383 0;0
1169 NONE 0;32767 0;0
1170 NONE -28377;-16383 0;0
1171 NONE 28377;-16383 0;0
1172 NONE 0;32767 0;0
1173 NONE -28377;-16383 0;0
1174 NONE 28377;-16383 0;0
1175 KEY_A 0;32767 0;0
1176 NONE -28377;-16383 0;0
1177 NONE 28377;-16383 0;0
1178 NONE 0;32767 0;0
1179 NONE -28377;-16383 0;0
1180 NONE 28377;-16383 0;0
1181 NONE 0;32767 0;0
1182 NONE -28377;-16383 0;0
1183 NONE 28377;-16383 0;0
1184 NONE 0;32767 0;0
1185 NONE -28377;-16383 0;0
1186 NONE 28377;-16383 0;0
1187 KEY_ZL 0;32767 0;0
1188 NONE -28377;-16383 0;0
1189 NONE 28377;-16383 0;0
1190 NONE 0;32767 0;0
1191 NONE -28377;-16383 0;0
1192 NONE 28377;-16383 0;0
1193 NONE 0;32767 0;0
1194 NONE -28377;-16383 0;0
1195 NONE 28377;-16383 0;0
1196 KEY_A 0;32767 0;0
1197 NONE -28377;-16383 0;0
1198 NONE 28377;-16383 0;0
1199 NONE 0;32767 0;0
1200 NONE -28377;-16383 0;0
1201 NONE 28377;-16383 0;0
1202 NONE 0;32767 0;0
1203 NONE -28377;-16383 0;0
1204 NONE 28377;-16383 0;0
1205 NONE 0;32767 0;0
1206 NONE -28377;-16383 0;0
1207 NONE 28377;-16383 0;0
1208 KEY_ZL 0;32767 0;0
1209 NONE -28377;-16383 0;0
1210 NONE 28377;-16383 0;0
1211 NONE 0;32767 0;0
1212 NONE -28377;-16383 0;0
1213 NONE 28377;-16383 0;0
1214 NONE 0;0 0;0
1215 NONE 0;0 0;0
1216 NONE 0;0 0;0
1217 NONE 0;0 0;0
1218 NONE 0;0 0;0
1219 NONE 0;0 0;0
1220 NONE 0;0 0;0
1221 NONE 0;0 0;0
1222 NONE 0;0 0;0
1223 NONE 0;0 0;0
1224 NONE 0;0 0;0
1225 NONE 0;0 0;0
1226 NONE 0;0 0;0
1227 NONE 0;0 0;0
1228 NONE 0;0 0;0
1229 NONE 0;0 0;0
1230 NONE 0;0 0;0
1231 NONE 0;0 0;0
1232 NONE 0;0 0;0
1233 NONE 0;0 0;0
1234 NONE 0;0 0;0
1235 NONE 0;0 0;0
1236 NONE 0;0 0;0
1237 NONE 0;0 0;0
1238 NONE 0;0 0;0
1239 NONE 0;0 0;0
1240 NONE 0;0 0;0
1241 NONE 0;0 0;0
1242 NONE 0;0 0;0
1243 NONE 0;0 0;0
1244 NONE 0;0 0;0
1245 NONE 0;0 0;0
1246 NONE 0;0 0;0
1247 NONE 0;0 0;0
1248 NONE 0;0 0;0
1249 NONE 0;0 0;0
1250 NONE 0;0 0;0
1251 NONE 0;0 0;0
1252 NONE 0;0 0;0
1253 NONE 0;0 0;0
1254 NONE 0;0 0;0
1255 NONE 0;0 0;0
1256 NONE 0;0 0;0
1257 NONE 0;0 0;0
1258 NONE 0;0 0;0
1259 NONE 0;0 0;0
1260 NONE 0;0 0;0
1261 NONE 0;0 0;0
1262 NONE 0;0 0;0
1263 NONE 0;0 0;0
1264 NONE 0;0 0;0
1265 NONE 0;0 0;0
1266 NONE 0;0 0;0
1267 NONE 0;0 0;0
1268 NONE 0;0 0;0
1269 NONE 0;0 0;0
1270 NONE 0;0 0;0
1271 NONE 0;0 0;0
1272 NONE 0;0 0;0
1273 NONE 0;0 0;0
1274 NONE 0;0 0;0
1275 NONE 0;0 0;0
1276 NONE 0;0 0;0
1277 NONE 0;0 0;0
1278 NONE 0;0 0;0
1279 NONE 0;0 0;0
1280 NONE 0;0 0;0
1281 NONE 0;0 0;0
1282 NONE 0;0 0;0
1283 NONE 0;0 0;0
1284 NONE 0;0 0;0
1285 NONE 0;0 0;0
1286 NONE 0;0 0;0
1287 NONE 0;0 0;0
1288 NONE 0;0 0;0
1289 NONE 0;0 0;0
1290 NONE 0;0 0;0
1291 NONE 0;0 0;0
1292 NONE 0;0 0;0
1293 NONE 0;0 0;0
1294 NONE 0;0 0;0
1295 NONE 0;0 0;0
1296 NONE 0;0 0;0
1297 NONE 0;0 0;0
1298 NONE 0;0 0;0
1299 NONE 0;0 0;0
1300 NONE 0;0 0;0
1301 NONE 0;0 0;0
1302 NONE 0;0 0;0
1303 NONE 0;0 0;0
1304 NONE 0;0 0;0
1305 NONE 0;0 0;0
1306 NONE 0;0 0;0
1307 NONE 0;0 0;0
1308 NONE 0;0 0;0
1309 NONE 0;0 0;0
1310 NONE 0;0 0;0
1311 NONE 0;0 0;0
1312 NONE 0;0 0;0
1313 NONE 0;0 0;0
1314 NONE 0;0 0;0
1315 NONE 0;0 0;0
1316 NONE 0;0 0;0
1317 NONE 0;0 0;0
1318 NONE 0;0 0;0
1319 NONE 0;0 0;0
1320 NONE 0;0 0;0
1321 NONE 0;0 0;0
1322 NONE 0;0 0;0
1323 NONE 0;0 0;0
1324 NONE 0;0 0;0
1325 NONE 0;0 0;0
1326 NONE 0;0 0;0
1327 NONE 0;0 0;0
1328 NONE 0;0 0;0
1329 NONE 0;0 0;0
1330 NONE 0;0 0;0
1331 NONE 0;0 0;0
1332 NONE 0;0 0;0
1333 NONE 0;0 0;0
1334 NONE 0;0 0;0
1335 NONE 0;0 0;0
1336 NONE 0;0 0;0
1337 NONE 0;0 0;0
1338 NONE 0;0 0;0
1339 NONE 0;0 0;0
1340 NONE 0;0 0;0
1341 NONE 0;0 0;0
1342 NONE 0;0 0;0
1343 NONE 0;0 0;0
1344 NONE 0;0 0;0
1345 NONE 0;0 0;0
1346 NONE 0;0 0;0
1347 NONE 0;0 0;0
1348 NONE 0;0 0;0
1349 NONE 0;0 0;0
1350 NONE 0;0 0;0
1351 NONE 0;0 0;0
1352 NONE 0;0 0;0
1353 NONE 0;0 0;0
1354 NONE 0;0 0;0
1355 NONE 0;0 0;0
1356 NONE 0;0 0;0
1357 NONE 0;0 0;0
1358 NONE 0;0 0;0
1359 NONE 0;0 0;0
1360 NONE 0;0 0;0
1361 NONE 0;0 0;0
1362 NONE 0;0 0;0
1363 NONE 0;0 0;0
1364 NONE 0;0 0;0
1365 NONE 0;0 0;0
1366 NONE 0;0 0;0
1367 NONE 0;0 0;0
1368 NONE 0;0 0;0
1369 NONE 0;0 0;0
1370 NONE 0;0 0;0
1371 NONE 0;0 0;0
1372 NONE 0;0 0;0
1373 NONE 0;0 0;0
1374 NONE 0;0 0;0
1375 NONE 0;0 0;0
1376 NONE 0;0 0;0
1377 NONE 0;0 0;0
1378 NONE 0;0 0;0
1379 NONE 0;0 0;0
1380 NONE 0;0 0;0
1381 NONE 0;0 0;0
1382 NONE 0;0 0;0
1383 NONE 0;0 0;0
1384 NONE 0;0 0;0
1385 NONE 0;0 0;0
1386 NONE 0;0 0;0
1387 NONE 0;0 0;0
1388 NONE 0;0 0;0
1389 NONE 0;0 0;0
1390 NONE 0;0 0;0
1391 NONE 0;0 0;0
1392 NONE 0;0 0;0
1393 NONE 0;0 0;0
1394 NONE 0;0 0;0
1395 NONE 0;0 0;0
1396 NONE 0;0 0;0
1397 NONE 0;0 0;0
1398 NONE 0;0 0;0
1399 NONE 0;0 0;0
1400 NONE 0;0 0;0
1401 NONE 0;0 0;0
1402 NONE 0;0 0;0
1403 NONE 0;0 0;0
1404 NONE 0;0 0;0
1405 NONE 0;0 0;0
1406 NONE 0;0 0;0
1407 NONE 0;0 0;0
1408 NONE 0;0 0;0
1409 NONE 0;0 0;0
1410 NONE 0;0 0;0
1411 NONE 0;0 0;0
1412 NONE 0;0 0;0
1413 NONE 0;0 0;0
1414 NONE 0;0 0;0
1415 NONE 0;0 0;0
1416 NONE 0;0 0;0
1417 NONE 0;0 0;0
1418 NONE 0;0 0;0
1419 NONE 0;0 0;0
1420 NONE 0;0 0;0
1421 NONE 0;0 0;0
1422 NONE 0;0 0;0
1423 NONE 0;0 0;0
1424 NONE 0;0 0;0
1425 NONE 0;0 0;0
1426 NONE 0;0 0;0
1427 NONE 0;0 0;0
1428 NONE 0;0 0;0
1429 NONE 0;0 0;0
1430 NONE 0;0 0;0
1431 NONE 0;0 0;0
1432 NONE 0;0 0;0
1433 NONE 0;0 0;0
1434 NONE 0;0 0;0
1435 NONE 0;0 0;0
1436 NONE 0;0 0;0
1437 NONE 0;0 0;0
1438 NONE 0;0 0;0
1439 NONE 0;0 0;0
1440 NONE 0;0 0;0
1441 NONE 0;0 0;0
1442 NONE 0;0 0;0
1443 NONE 0;0 0;0
1444 NONE 0;0 0;0
1445 NONE 0;0 0;0
1446 NONE 0;0 0;0
1447 NONE 0;0 0;0
1448 NONE 0;0 0;0
1449 NONE 0;0 0;0
1450 NONE 0;0 0;0
1451 NONE 0;0 0;0
1452 NONE 0;0 0;0
1453 NONE 0;0 0;0
1454 NONE 0;0 0;0
1455 NONE 0;0 0;0
1456 NONE 0;0 0;0
1457 NONE 0;0 0;0
1458 NONE 0;0 0;0
1459 NONE 0;0 0;0
1460 NONE 0;0 0;0
1461 NONE 0;0 0;0
1462 NONE 0;0 0;0
1463 NONE 0;0 0;0
1464 NONE 0;0 0;0
1465 NONE 0;0 0;0
1466 NONE 0;0 0;0
1467 NONE 0;0 0;0
1468 NONE 0;0 0;0
1469 NONE 0;0 0;0
1470 NONE 0;0 0;0
1471 NONE 0;0 0;0
1472 NONE 0;0 0;0
1473 NONE 0;0 0;0
1474 NONE 0;0 0;0
1475 NONE 0;0 0;0
1476 NONE 0;0 0;0
1477 NONE 0;0 0;0
1478 NONE 0;0 0;0
1479 NONE 0;0 0;0
1480 NONE 0;0 0;0
1481 NONE 0;0 0;0
1482 NONE 0;0 0;0
1483 NONE 0;0 0;0
1484 NONE 0;0 0;0
1485 NONE 0;0 0;0
1486 NONE 0;0 0;0
1487 NONE 0;0 0;0
1488 NONE 0;0 0;0
1489 NONE 0;0 0;0
1490 NONE 0;0 0;0
1491 NONE 0;0 0;0
1492 NONE 0;0 0;0
1493 NONE 0;0 0;0
1494 NONE 0;0 0;0
1495 NONE 0;0 0;0
1496 NONE 0;0 0;0
1497 NONE 0;0 0;0
1498 NONE 0;0 0;0
1499 NONE 0;0 0;0
1500 NONE 0;0 0;0
1501 NONE 0;0 0;0
1502 NONE 0;0 0;0
1503 NONE 0;0 0;0
1504 NONE 0;0 0;0
1505 NONE 0;0 0;0
1506 NONE 0;0 0;0
1507 NONE 0;0 0;0
1508 NONE 0;0 0;0
1509 NONE 0;0 0;0
1510 NONE 0;0 0;0
1511 NONE 0;0 0;0
1512 NONE 0;0 0;0
1513 NONE 0;0 0;0
1514 NONE 0;0 0;0
1515 NONE 0;0 0;0
1516 NONE 0;0 0;0
1517 NONE 0;0 0;0
1518 NONE 0;0 0;0
1519 NONE 0;0 0;0
1520 NONE 0;0 0;0
1521 NONE 0;0 0;0
1522 NONE 0;0 0;0
1523 NONE 0;0 0;0
1524 NONE 0;0 0;0
1525 NONE 0;0 0;0
1526 NONE 0;0 0;0
1527 NONE 0;0 0;0
1528 NONE 0;0 0;0
1529 NONE 0;0 0;0
1530 NONE 0;0 0;0
1531 NONE 0;0 0;0
1532 NONE 0;0 0;0
1533 NONE 0;0 0;0
1534 NONE 0;0 0;0
1535 NONE 0;0 0;0
1536 NONE 0;0 0;0
1537 NONE 0;0 0;0
1538 NONE 0;0 0;0
1539 NONE 0;0 0;0
1540 NONE 0;0 0;0
1541 NONE 0;0 0;0
1542 NONE 0;0 0;0
1543 NONE 0;0 0;0
1544 NONE 0;0 0;0
1545 NONE 0;0 0;0
1546 NONE 0;0 0;0
1547 NONE 0;0 0;0
1548 NONE 0;0 0;0
1549 NONE 0;0 0;0
1550 NONE 0;0 0;0
1551 NONE 0;0 0;0
1552 NONE 0;0 0;0
1553 NONE 0;0 0;0
1554 NONE 0;0 0;0
1555 NONE 0;0 0;0
1556 NONE 0;0 0;0
1557 NONE 0;0 0;0
1558 NONE 0;0 0;0
1559 NONE 0;0 0;0
1560 NONE 0;0 0;0
1561 NONE 0;0 0;0
1562 NONE 0;0 0;0
1563 NONE 0;0 0;0
1564 NONE 0;0 0;0
1565 NONE 0;0 0;0
1566 NONE 0;0 0;0
1567 NONE 0;0 0;0
1568 NONE 0;0 0;0
1569 NONE 0;0 0;0
1570 NONE 0;0 0;0
1571 NONE 0;0 0;0
1572 NONE 0;0 0;0
1573 NONE 0;0 0;0
1574 NONE 0;0 0;0
1575 NONE 0;0 0;0
1576 NONE 0;0 0;0
1577 NONE 0;0 0;0
1578 NONE 0;0 0;0
1579 NONE 0;0 0;0
1580 NONE 0;0 0;0
1581 NONE 0;0 0;0
1582 NONE 0;0 0;0
1583 NONE 0;0 0;0
1584 NONE 0;0 0;0
1585 NONE 0;0 0;0
1586 NONE 0;0 0;0
1587 NONE 0;0 0;0
1588 NONE 0;0 0;0
1589 NONE 0;0 0;0
1590 NONE 0;0 0;0
1591 NONE 0;0 0;0
1592 NONE 0;0 0;0
1593 NONE 0;0 0;0
1594 NONE 0;0 0;0
1595 NONE 0;0 0;0
1596 NONE 0;0 0;0
1597 NONE 0;0 0;0
1598 NONE 0;0 0;0
1599 NONE 0;0 0;0
1600 NONE 0;0 0;0
1601 NONE 0;0 0;0
1602 NONE 0;0 0;0
1603 NONE 0;0 0;0
1604 NONE 0;0 0;0
1605 NONE 0;0 0;0
1606 NONE 0;0 0;0
1607 NONE 0;0 0;0
1608 NONE 0;0 0;0
1609 NONE 0;0 0;0
1610 NONE 0;0 0;0
1611 NONE 0;0 0;0
1612 NONE 0;0 0;0
1613 NONE 0;0 0;0
1614 NONE 0;0 0;0
1615 NONE 0;0 0;0
1616 NONE 0;0 0;0
1617 NONE 0;0 0;0
1618 NONE 0;0 0;0
1619 NONE 0;0 0;0
1620 NONE 0;0 0;0
1621 NONE 0;0 0;0
1622 NONE 0;0 0;0
1623 NONE 0;0 0;0
1624 NONE 0;0 0;0
1625 NONE 0;0 0;0
1626 NONE 0;0 0;0
1627 NONE 0;0 0;0
1628 NONE 0;0 0;0
1629 NONE 0;0 0;0
1630 NONE 0;0 0;0
1631 NONE 0;0 0;0
1632 NONE 0;0 0;0
1633 NONE 0;0 0;0
1634 NONE 0;0 0;0
1635 NONE 0;0 0;0
1636 NONE 0;0 0;0
1637 NONE 0;0 0;0
1638 NONE 0;0 0;0
1639 NONE 0;0 0;0
1640 NONE 0;0 0;0
1641 NONE 0;0 0;0
1642 NONE 0;0 0;0
1643 NONE 0;0 0;0
1644 NONE 0;0 0;0
1645 NONE 0;0 0;0
1646 NONE 0;0 0;0
1647 NONE 0;0 0;0
1648 NONE 0;0 0;0
1649 NONE 0;0 0;0
1650 NONE 0;0 0;0
1651 NONE 0;0 0;0
1652 NONE 0;0 0;0
1653 NONE 0;0 0;0
1654 NONE 0;0 0;0
1655 NONE 0;0 0;0
1656 NONE 0;0 0;0
1657 NONE 0;0 0;0
1658 NONE 0;0 0;0
1659 NONE 0;0 0;0
1660 NONE 0;0 0;0
1661 NONE 0;0 0;0
1662 NONE 0;0 0;0
1663 NONE 0;0 0;0
1664 NONE 0;32767 0;0
1665 NONE -28377;-16383 0;0
1666 NONE 28377;-16383 0;0
1667 NONE 0;32767 0;0
1668 NONE -28377;-16383 0;0
1669 NONE 28377;-16383 0;0
1670 NONE 0;32767 0;0
1671 NONE -28377;-16383 0;0
1672 NONE 28377;-16383 0;0
1673 NONE 0;32767 0;0
1674 NONE -28377;-16383 0;0
1675 NONE 28377;-16383 0;0
1676 NONE 0;32767 0;0
1677 NONE -28377;-16383 0;0
1678 NONE 28377;-16383 0;0
1679 NONE 0;32767 0;0
1680 NONE -28377;-16383 0;0
1681 NONE 28377;-16383 0;0
1682 NONE 0;32767 0;0
1683 NONE -28377;-16383 0;0
1684 NONE 28377;-16383 0;0
1685 NONE 0;32767 0;0
1686 NONE -28377;-16383 0;0
1687 NONE 28377;-16383 0;0
1688 NONE 0;32767 0;0
1689 NONE -28377;-16383 0;0
1690 NONE 28377;-16383 0;0
1691 NONE 0;32767 0;0
1692 NONE -28377;-16383 0;0
1693 NONE 28377;-16383 0;0
1694 NONE 0;32767 0;0
1695 NONE -28377;-16383 0;0
1696 NONE 28377;-16383 0;0
1697 NONE 0;32767 0;0
1698 NONE -28377;-16383 0;0
1699 NONE 28377;-16383 0;0
1700 NONE 0;32767 0;0
1701 NONE -28377;-16383 0;0
1702 NONE 28377;-16383 0;0
1703 NONE 0;32767 0;0
1704 NONE -28377;-16383 0;0
1705 NONE 28377;-16383 0;0
1706 NONE 0;32767 0;0
1707 NONE -28377;-16383 0;0
1708 NONE 28377;-16383 0;0
1709 NONE 0;32767 0;0
1710 NONE -28377;-16383 0;0
1711 KEY_B 2855;32642 0;0
1712 KEY_ZL 2855;32642 0;0
1713 KEY_ZL 2855;32642 0;0
1714 KEY_ZL 2855;32642 0;0
1715 KEY_ZL 2855;32642 0;0
1716 KEY_ZL;KEY_X 2855;32642 0;0
1717 KEY_ZL;KEY_Y 2855;32642 0;0
1718 KEY_ZL;KEY_X 2855;32642 0;0
1719 KEY_ZL;KEY_Y 2855;32642 0;0
1720 KEY_ZL;KEY_X 2855;32642 0;0
1721 KEY_ZL;KEY_Y 2855;32642 0;0
1722 KEY_ZL;KEY_X 2855;32642 0;0
1723 KEY_ZL;KEY_Y 2855;32642 0;0
1724 KEY_ZL;KEY_X 2855;32642 0;0
1725 KEY_ZL;KEY_Y 2855;32642 0;0
1726 KEY_B;KEY_DRIGHT 0;0 0;0
1727 NONE -5689;32269 0;0
1728 NONE 2855;32642 0;0
1729 NONE 2855;32642 0;0
1730 NONE 2855;32642 0;0
1731 KEY_B 2855;32642 0;0
1732 KEY_B 2855;32642 0;0
1733 KEY_B 2855;32642 0;0
1734 KEY_B 2855;32642 0;0
1735 KEY_B 2855;32642 0;0
1736 KEY_B 2855;32642 0;0
1737 KEY_B 2855;32642 0;0
1738 KEY_B 2855;32642 0;0
1739 KEY_B 2855;32642 0;0
1740 KEY_B 2855;32642 0;0
1741 KEY_B 2855;32642 0;0
1742 KEY_B 2855;32642 0;0
1743 KEY_ZL 2855;32642 0;0
1744 KEY_ZR;KEY_Y 0;0 0;0
