0 NONE 0;32767 0;32767
1 NONE 0;32767 0;32767
2 NONE 0;32767 0;32767
3 NONE 0;32767 0;32767
4 NONE 0;32767 0;32767
5 NONE 0;32767 0;32767
6 NONE 0;32767 0;32767
7 NONE 0;32767 0;32767
8 NONE 0;32767 0;32767
9 NONE 0;32767 0;32767
10 NONE 0;32767 0;32767
11 NONE 0;32767 0;32767
12 NONE 0;32767 0;32767
13 NONE 0;32767 0;32767
14 NONE 0;32767 0;32767
15 NONE 0;32767 0;32767
16 NONE 0;32767 0;32767
17 NONE -28377;-16383 0;32767
18 NONE 28377;-16383 0;32767
19 NONE 0;32767 0;32767
20 NONE -28377;-16383 0;32767
21 NONE 28377;-16383 0;32767
22 NONE 0;32767 0;32767
23 NONE -28377;-16383 0;32767
24 NONE 28377;-16383 0;32767
25 NONE 0;32767 0;32767
26 NONE -28377;-16383 0;32767
27 NONE 28377;-16383 0;32767
28 NONE 0;32767 0;32767
29 NONE -28377;-16383 0;32767
30 NONE 28377;-16383 0;32767
31 NONE 0;32767 0;32767
32 NONE -28377;-16383 0;32767
33 NONE 28377;-16383 0;32767
34 NONE 0;32767 0;32767
35 NONE -28377;-16383 0;32767
36 NONE 28377;-16383 0;32767
37 NONE 0;32767 0;32767
38 NONE -28377;-16383 0;32767
39 NONE 28377;-16383 0;32767
40 NONE 0;32767 0;32767
41 NONE -28377;-16383 0;32767
42 NONE 28377;-16383 0;32767
43 NONE 0;0 0;32767
44 NONE 0;0 0;32767
45 NONE 0;0 0;32767
46 NONE 0;0 0;32767
47 NONE 29071;15116 0;32767
48 NONE 29071;15116 0;32767
49 KEY_B 29071;15116 0;32767
50 KEY_ZL 29071;15116 0;32767
51 KEY_ZL 29071;15116 0;32767
52 KEY_ZL 29071;15116 0;32767
53 KEY_ZL 29071;15116 0;32767
54 KEY_ZL 29071;15116 0;32767
55 KEY_ZL 29071;15116 0;32767
56 KEY_ZL 29071;15116 0;32767
57 KEY_Y;KEY_ZL 29071;15116 0;32767
58 KEY_B;KEY_ZL;KEY_L 29071;15116 0;32767
59 KEY_Y 5806;32248 0;32767
60 KEY_Y 0;32767 0;32767
61 KEY_Y 0;32767 0;32767
62 KEY_Y 0;32767 0;32767
63 KEY_Y 0;32767 0;32767
64 KEY_Y 0;32767 0;32767
65 KEY_Y 0;32767 0;32767
66 KEY_Y 0;32767 0;32767
67 KEY_Y 0;32767 0;32767
68 KEY_Y 0;32767 0;32767
69 KEY_Y 31712;8245 0;32767
70 KEY_Y 31712;8245 0;32767
71 KEY_Y 31712;8245 0;32767
72 KEY_Y 31712;8245 0;32767
73 KEY_Y 31712;8245 0;32767
74 KEY_Y 31712;8245 0;32767
75 KEY_Y 30732;11366 0;32767
76 KEY_Y 30732;11366 0;32767
77 KEY_Y 30732;11366 0;32767
78 KEY_Y 30732;11366 0;32767
79 KEY_Y 30732;11366 0;32767
80 KEY_Y 30732;11366 0;32767
81 KEY_Y 30732;11366 0;32767
82 KEY_Y 3803;32545 0;32767
83 KEY_Y 3803;32545 0;32767
84 KEY_Y 3803;32545 0;32767
85 KEY_Y 3803;32545 0;0
86 KEY_Y 3803;32545 0;0
87 KEY_Y 27473;17857 0;0
88 KEY_Y 27473;17857 0;0
89 KEY_B;KEY_Y 27473;17857 0;0
90 KEY_Y 27473;17857 0;0
91 KEY_Y 32517;-4036 0;0
92 KEY_Y 32517;-4036 0;0
93 KEY_Y 32517;-4036 0;0
94 KEY_Y 32517;-4036 0;0
95 KEY_Y 32517;-4036 0;0
96 KEY_Y 32517;-4036 0;0
97 KEY_Y 32517;-4036 0;0
98 KEY_Y 32517;-4036 0;0
99 KEY_Y 32517;-4036 0;0
100 KEY_Y 32517;-4036 0;0
101 KEY_Y 32517;-4036 0;0
102 NONE 32517;-4036 0;0
103 NONE 32517;-4036 0;0
104 NONE 32517;-4036 0;0
105 NONE 32517;-4036 0;0
106 NONE 32517;-4036 0;0
107 NONE 32517;-4036 0;0
108 NONE 32517;-4036 0;0
109 NONE 32517;-4036 0;0
110 NONE 32517;-4036 0;0
111 NONE 32517;-4036 0;0
112 NONE 32517;-4036 0;0
113 NONE 32517;-4036 0;0
114 NONE 32517;-4036 0;0
115 NONE 32517;-4036 0;0
116 NONE 32517;-4036 0;0
117 NONE 32517;-4036 0;0
118 KEY_DUP 32517;-4036 0;0
119 NONE 2362;32681 0;0
120 NONE 2362;32681 0;0
121 NONE 2362;32681 0;0
122 NONE 2362;32681 0;0
123 NONE 2362;32681 0;0
124 NONE 2362;32681 0;0
125 NONE 2362;32681 0;0
126 NONE 2362;32681 0;0
127 NONE 2362;32681 0;0
128 NONE 2362;32681 0;0
129 NONE 2362;32681 0;0
130 NONE 2362;32681 0;0
131 KEY_ZL 2362;32681 0;0
132 KEY_Y 0;0 0;0
138 KEY_L 0;0 0;0
179 KEY_L 10361;31085 0;0
180 NONE 10361;31085 0;0
181 NONE 10361;31085 0;0
182 NONE 10361;31085 0;0
183 NONE 10361;31085 0;0
184 NONE 10361;31085 0;0
185 NONE 10361;31085 0;0
186 NONE 10361;31085 0;0
187 NONE 10361;31085 0;0
188 NONE 10361;31085 0;0
189 NONE 10361;31085 0;0
190 NONE 10361;31085 0;0
191 NONE 10361;31085 0;0
192 NONE 10361;31085 0;0
193 NONE 10361;31085 0;0
194 NONE 10361;31085 0;0
195 NONE 10361;31085 0;0
196 NONE 10361;31085 0;0
197 NONE 10361;31085 0;0
198 NONE 10361;31085 0;0
199 NONE 10361;31085 0;0
200 NONE 10361;31085 0;0
201 NONE 10361;31085 0;0
202 KEY_DRIGHT 10361;31085 0;0
203 NONE 8945;31522 0;0
204 NONE 32489;4256 0;0
205 NONE 32489;4256 0;0
206 NONE 32489;4256 0;0
207 NONE 32489;4256 0;0
208 NONE 32489;4256 0;0
209 NONE 32489;4256 0;0
210 NONE 32489;4256 0;0
211 NONE 32489;4256 0;0
212 NONE 32489;4256 0;0
213 KEY_ZL 32489;4256 0;0
214 KEY_Y 32489;4256 0;0
215 NONE 32489;4256 0;0
216 NONE 32489;4256 0;0
217 NONE 32489;4256 0;0
218 NONE 32489;4256 0;0
219 NONE 32489;4256 0;0
220 NONE 32489;4256 0;0
221 NONE 32489;4256 0;0
222 NONE 32489;4256 0;0
223 NONE 32489;4256 0;0
224 NONE 32489;4256 0;0
225 NONE 32489;4256 0;0
226 NONE 32489;4256 0;0
227 NONE 32489;4256 0;0
228 NONE 32489;4256 0;0
229 NONE 32489;4256 0;0
230 NONE 32489;4256 0;0
231 NONE 32489;4256 0;0
232 NONE 32489;4256 0;0
233 NONE 32489;4256 0;0
234 NONE 32489;4256 0;0
235 NONE 32489;4256 0;0
236 NONE 32489;4256 0;0
237 NONE 32489;4256 0;0
238 NONE 32489;4256 0;0
239 NONE 32489;4256 0;0
240 NONE 32489;4256 0;0
241 NONE 32489;4256 0;0
242 KEY_A 32489;4256 0;0
243 KEY_A 32489;4256 0;0
244 KEY_A -2561;32666 0;0
245 KEY_A -2561;32666 0;0
246 KEY_A -2561;32666 0;0
247 KEY_A -2561;32666 0;0
248 KEY_A -2561;32666 0;0
249 KEY_A -2561;32666 0;0
250 KEY_A -2561;32666 0;0
251 KEY_A -2561;32666 0;0
252 KEY_A -2561;32666 0;0
253 KEY_A -2561;32666 0;0
254 KEY_A -2561;32666 0;0
255 KEY_A -2561;32666 0;0
256 KEY_A -2561;32666 0;0
257 KEY_A -2561;32666 0;0
258 KEY_A -2561;32666 0;0
259 KEY_A -2561;32666 0;0
260 KEY_A -2561;32666 0;0
261 NONE -2561;32666 0;0
262 NONE -2561;32666 0;0
263 NONE -2561;32666 0;0
264 NONE -2561;32666 0;0
265 NONE -2561;32666 0;0
266 NONE -2561;32666 0;0
267 NONE -2561;32666 0;0
268 NONE -2561;32666 0;0
269 NONE -2561;32666 0;0
270 NONE -2561;32666 0;0
271 NONE -2561;32666 0;0
272 NONE -2561;32666 0;0
273 NONE -2561;32666 0;0
274 NONE -2561;32666 0;0
275 NONE -2561;32666 0;0
276 NONE -2561;32666 0;0
277 NONE -2561;32666 0;0
278 NONE -2561;32666 0;0
279 NONE -2561;32666 0;0
280 NONE -2561;32666 0;0
281 NONE -2561;32666 0;0
282 NONE -2561;32666 0;0
283 NONE -2561;32666 0;0
284 NONE -2561;32666 0;0
285 NONE -2561;32666 0;0
286 NONE -2561;32666 0;0
287 NONE -2561;32666 0;0
288 NONE -2561;32666 0;0
289 NONE -2561;32666 0;0
290 NONE -2561;32666 0;0
291 NONE -2561;32666 0;0
292 NONE -2561;32666 0;0
293 NONE -2561;32666 0;0
294 NONE 14272;29495 0;0
295 NONE 14272;29495 0;0
296 NONE 14272;29495 0;0
297 NONE 14272;29495 0;0
298 NONE 14272;29495 0;0
299 KEY_L 14272;29495 0;0
300 NONE 14272;29495 0;0
301 NONE 14272;29495 0;0
302 NONE 14272;29495 0;0
303 NONE 14272;29495 0;0
304 NONE 14272;29495 0;0
305 NONE 8900;31535 0;0
306 NONE 8900;31535 0;0
307 NONE 8900;31535 0;0
308 NONE 8900;31535 0;0
309 NONE 8900;31535 0;0
310 NONE 8900;31535 0;0
311 NONE 8900;31535 0;0
312 NONE 8900;31535 0;0
313 NONE 8900;31535 0;0
314 NONE 8900;31535 0;0
315 NONE 8900;31535 0;0
316 NONE 8900;31535 0;0
317 NONE 8900;31535 0;0
318 NONE 8900;31535 0;0
319 NONE 8900;31535 0;0
320 NONE 8900;31535 0;0
321 NONE 8900;31535 0;0
322 NONE 8900;31535 0;0
323 NONE 8900;31535 0;0
324 NONE 8900;31535 0;0
325 NONE 8900;31535 0;0
326 NONE 8900;31535 0;0
327 NONE 8900;31535 0;0
328 NONE 8900;31535 0;0
329 NONE 8900;31535 0;0
330 NONE 8900;31535 0;0
331 NONE 8900;31535 0;0
332 NONE 8900;31535 0;0
333 KEY_DUP 8900;31535 0;0
334 NONE 8900;31535 0;0
335 NONE 8900;31535 0;0
336 NONE 8900;31535 0;0
337 NONE 8900;31535 0;0
338 NONE 8900;31535 0;0
339 NONE 8900;31535 0;0
340 NONE 8900;31535 0;0
341 NONE 8900;31535 0;0
342 NONE 8900;31535 0;0
343 KEY_ZL 8900;31535 0;0
344 KEY_Y 8900;31535 0;0
345 NONE 8900;31535 0;0
346 NONE 8900;31535 0;0
347 NONE 8900;31535 0;0
348 NONE 8900;31535 0;0
349 NONE 8900;31535 0;0
350 NONE 8900;31535 0;0
351 NONE 8900;31535 0;0
352 NONE 8900;31535 0;0
353 NONE 8900;31535 0;0
354 NONE 8900;31535 0;0
355 NONE 8900;31535 0;0
356 NONE 8900;31535 0;0
357 NONE 8900;31535 0;0
358 NONE 8900;31535 0;0
359 NONE 8900;31535 0;0
360 NONE 8900;31535 0;0
361 NONE 8900;31535 0;0
362 NONE 8900;31535 0;0
363 NONE 8900;31535 0;0
364 NONE 8900;31535 0;0
365 NONE 8900;31535 0;0
366 NONE 8900;31535 0;0
367 NONE 8900;31535 0;0
368 NONE 8900;31535 0;0
369 NONE 8900;31535 0;0
370 NONE 8900;31535 0;0
371 NONE 8900;31535 0;0
372 NONE 8900;31535 0;0
373 NONE 8900;31535 0;0
374 NONE 8900;31535 0;0
375 NONE 8900;31535 0;0
376 NONE 8900;31535 0;0
377 NONE 29680;13882 0;0
378 NONE 29680;13882 0;0
379 NONE 29680;13882 0;0
380 NONE 29680;13882 0;0
381 NONE 29680;13882 0;0
382 NONE 29680;13882 0;0
383 NONE 29680;13882 0;0
384 NONE 29680;13882 0;0
385 NONE 29680;13882 0;0
386 NONE 29680;13882 0;0
387 NONE 29680;13882 0;0
388 NONE 29680;13882 0;0
389 KEY_L 29680;13882 0;0
390 NONE 29680;13882 0;0
391 NONE 29680;13882 0;0
392 NONE 29680;13882 0;0
393 NONE 29680;13882 0;0
394 NONE 29680;13882 0;0
395 NONE 29680;13882 0;0
396 NONE 29680;13882 0;0
397 NONE 29680;13882 0;0
398 NONE 29680;13882 0;0
399 NONE 29680;13882 0;0
400 NONE 29680;13882 0;0
401 NONE 29680;13882 0;0
402 NONE 29680;13882 0;0
403 NONE 29680;13882 0;0
404 NONE 29680;13882 0;0
405 NONE 29680;13882 0;0
406 NONE 29680;13882 0;0
407 NONE 29680;13882 0;0
408 NONE 29680;13882 0;0
409 NONE 29680;13882 0;0
410 NONE 29680;13882 0;0
411 NONE 29680;13882 0;0
412 NONE 29680;13882 0;0
413 NONE 29680;13882 0;0
414 NONE 29680;13882 0;0
415 NONE 29680;13882 0;0
416 NONE 29680;13882 0;0
417 KEY_DUP 29680;13882 0;0
418 NONE 31664;8426 0;0
419 NONE 32767;0 0;0
420 NONE 32767;0 0;0
421 NONE 32767;0 0;0
422 NONE 32767;0 0;0
423 NONE 32767;0 0;0
424 NONE 32767;0 0;0
425 NONE 32767;0 0;0
426 NONE 32767;0 0;0
427 NONE 32767;0 0;0
428 NONE 32767;0 0;0
429 NONE 32767;0 0;0
430 NONE 32767;0 0;0
431 NONE 32767;0 0;0
432 NONE 32767;0 0;0
433 NONE 32767;0 0;0
434 NONE 32767;0 0;0
435 NONE 32767;0 0;0
436 NONE 32767;0 0;0
437 KEY_L 32767;0 0;0
438 NONE 32767;0 0;0
439 NONE 32767;0 0;0
440 NONE 32767;0 0;0
441 NONE 32767;0 0;0
442 NONE 32767;0 0;0
443 NONE 32767;0 0;0
444 NONE 32767;0 0;0
445 NONE 32767;0 0;0
446 KEY_ZL 32767;0 0;0
447 KEY_Y 32767;0 0;0
448 NONE 32767;0 0;0
449 NONE 32767;0 0;0
450 NONE 32767;0 0;0
451 NONE 32767;0 0;0
452 NONE 32767;0 0;0
453 NONE 32767;0 0;0
454 NONE 32767;0 0;0
455 NONE 32767;0 0;0
456 NONE 32767;0 0;0
457 NONE 32767;0 0;0
458 NONE 32767;0 0;0
459 NONE 32767;0 0;0
460 NONE 32767;0 0;0
461 NONE 32767;0 0;0
462 NONE 32767;0 0;0
463 NONE 32767;0 0;0
464 NONE 32767;0 0;0
465 NONE 32767;0 0;0
466 NONE 32767;0 0;0
467 NONE 32767;0 0;0
468 NONE 32767;0 0;0
469 NONE 32767;0 0;0
470 NONE 32767;0 0;0
471 NONE 32767;0 0;0
472 NONE 32767;0 0;0
473 NONE 32767;0 0;0
474 NONE 32767;0 0;0
475 NONE 32767;0 0;0
476 NONE 32767;0 0;0
477 NONE 32767;0 0;0
478 NONE 32767;0 0;0
479 NONE 32767;0 0;0
480 NONE 32767;0 0;0
481 NONE 32767;0 0;0
482 NONE 32767;0 0;0
483 NONE 32767;0 0;0
484 NONE 32767;0 0;0
485 NONE 32767;0 0;0
486 NONE 32767;0 0;0
487 NONE 32767;0 0;0
488 NONE 32767;0 0;0
489 NONE 32767;0 0;0
490 NONE 32767;0 0;0
491 NONE 32767;0 0;0
492 NONE 32767;0 0;0
493 NONE 32767;0 0;0
494 NONE 32767;0 0;0
495 NONE 32767;0 0;0
496 NONE 32767;0 0;0
497 NONE 32767;0 0;0
498 NONE 32767;0 0;0
499 NONE 32767;0 0;0
500 NONE 32767;0 0;0
501 NONE 32767;0 0;0
502 NONE 32767;0 0;0
503 NONE 32767;0 0;0
504 NONE 32767;0 0;0
505 NONE 32767;0 0;0
506 NONE 32767;0 0;0
507 NONE 32767;0 0;0
508 NONE 32767;0 0;0
509 NONE 32767;0 0;0
510 NONE 32767;0 0;0
511 KEY_L 32767;0 0;0
512 NONE 32767;0 0;0
513 NONE 32767;0 0;0
514 NONE 32767;0 0;0
515 NONE 32767;0 0;0
516 NONE 32767;0 0;0
517 NONE 32767;0 0;0
518 NONE 32767;0 0;0
519 NONE 32767;0 0;0
520 NONE 32767;0 0;0
521 NONE 32767;0 0;0
522 NONE 32767;0 0;0
523 NONE 32767;0 0;0
524 NONE 32767;0 0;0
525 NONE 32767;0 0;0
526 NONE 32261;5735 0;0
527 NONE 32767;0 0;0
528 NONE 32767;0 0;0
529 NONE 32767;0 0;0
530 NONE 32767;0 0;0
531 NONE 32767;0 0;0
532 NONE 32767;0 0;0
533 NONE 32767;0 0;0
534 NONE 32767;0 0;0
535 NONE 32767;0 0;0
536 NONE 32767;0 0;0
537 NONE 32767;0 0;0
538 NONE 32767;0 0;0
539 NONE 32767;0 0;0
540 NONE 32767;0 0;0
541 NONE 32767;0 0;0
542 NONE 32767;0 0;0
543 KEY_DUP 32767;0 0;0
544 NONE 32767;0 0;0
545 NONE 32767;0 0;0
546 NONE 32767;0 0;0
547 NONE 32767;0 0;0
548 NONE 32767;0 0;0
549 NONE 32767;0 0;0
550 NONE 32767;0 0;0
551 NONE 32767;0 0;0
552 NONE 32767;0 0;0
553 KEY_ZL 32767;0 0;0
554 KEY_Y 0;0 0;0
589 NONE -32389;-4962 0;0
590 NONE -32389;-4962 0;0
591 NONE -32389;-4962 0;0
592 NONE -32389;-4962 0;0
593 NONE -32389;-4962 0;0
594 NONE -32389;-4962 0;0
595 NONE -32389;-4962 0;0
596 NONE -32389;-4962 0;0
597 NONE -32389;-4962 0;0
598 NONE -32389;-4962 0;0
599 NONE -32389;-4962 0;0
600 NONE -32389;-4962 0;0
601 NONE -32389;-4962 0;0
602 NONE -32389;-4962 0;0
603 NONE -32389;-4962 0;0
604 NONE -32389;-4962 0;0
605 NONE -32389;-4962 0;0
606 NONE -32389;-4962 0;0
607 NONE -32389;-4962 0;0
608 NONE -32389;-4962 0;0
609 NONE -32389;-4962 0;0
610 NONE -32389;-4962 0;0
611 KEY_L -32389;-4962 0;0
612 NONE -32389;-4962 0;0
619 NONE 0;0 -32767;0
620 NONE 0;0 -32767;0
621 NONE 0;0 -32667;0
622 NONE 0;0 -32667;0
623 NONE 0;0 -32767;0
653 KEY_L 0;0 0;0
654 KEY_X 22503;23811 0;0
655 KEY_X 22152;24128 0;0
656 KEY_X 22152;24128 0;0
657 KEY_X 22152;24128 0;0
658 KEY_X 22152;24128 0;0
659 KEY_X 22152;24128 0;0
660 KEY_X 22152;24128 0;0
661 KEY_X;KEY_ZR 22152;24128 0;0
662 KEY_X;KEY_Y;KEY_ZR 22152;24128 0;0
663 KEY_X 22152;24128 0;0
664 KEY_X 22152;24128 0;0
665 KEY_X 22152;24128 0;0
666 KEY_X 22152;24128 0;0
667 KEY_X 22152;24128 0;0
668 KEY_X 22152;24128 0;0
669 KEY_X 22152;24128 0;0
670 KEY_X 22152;24128 0;0
671 KEY_X 22152;24128 0;0
672 KEY_X 22152;24128 0;0
673 KEY_X 22152;24128 0;0
674 KEY_X 22152;24128 0;0
675 KEY_X 22152;24128 0;0
676 KEY_X 22152;24128 0;0
677 KEY_X 22152;24128 0;0
678 KEY_X 22152;24128 0;0
679 KEY_X 22152;24128 0;0
680 KEY_X 22152;24128 0;0
681 KEY_X 22152;24128 0;0
682 KEY_X 31631;8514 0;0
683 KEY_X 31631;8514 0;0
684 KEY_X 31631;8514 0;0
685 KEY_X 31631;8514 0;0
686 KEY_X 31631;8514 0;0
687 KEY_B;KEY_X 31631;8514 0;0
688 KEY_X 31631;8514 0;0
689 KEY_X 31631;8514 0;0
690 KEY_X 31631;8514 0;0
691 KEY_X 31631;8514 0;0
692 KEY_X 31631;8514 0;0
693 KEY_X 31631;8514 0;0
694 KEY_X 31631;8514 0;0
695 KEY_X 31631;8514 0;0
696 KEY_X 31631;8514 0;0
697 KEY_X 31631;8514 0;0
698 KEY_X 31631;8514 0;0
699 KEY_X 31631;8514 0;0
700 KEY_X 31631;8514 0;0
701 KEY_X 31631;8514 0;0
702 KEY_X 31631;8514 0;0
703 KEY_X 31631;8514 0;0
704 KEY_X 31631;8514 0;0
705 KEY_X 31631;8514 0;0
706 KEY_X 31631;8514 0;0
707 KEY_X 31631;8514 0;0
708 KEY_X 31631;8514 0;0
709 KEY_X 31631;8514 0;0
710 KEY_X 31631;8514 0;0
711 KEY_X 31631;8514 0;0
712 KEY_X 31631;8514 0;0
713 KEY_X 31631;8514 0;0
714 KEY_X 31631;8514 0;0
715 KEY_X 31631;8514 0;0
716 KEY_X 31631;8514 0;0
717 KEY_X 0;0 0;0
718 KEY_X 0;0 0;0
719 KEY_X 0;0 0;0
720 KEY_X 0;0 0;0
721 KEY_X 0;0 0;0
722 KEY_X 0;0 0;0
723 KEY_X 0;0 0;0
724 KEY_X 0;0 0;0
725 KEY_X 0;0 0;0
726 KEY_X 0;0 0;0
727 KEY_X 0;0 0;0
728 KEY_X 0;0 0;0
729 KEY_X 0;0 0;0
730 KEY_X 0;0 0;0
731 KEY_X 0;0 0;0
732 KEY_X 0;0 0;0
733 KEY_X 0;0 0;0
734 KEY_X 0;0 0;0
735 KEY_X 0;0 0;0
736 KEY_X 0;0 0;0
737 KEY_X 0;0 0;0
738 KEY_X 0;0 0;0
739 KEY_X 0;0 0;0
740 KEY_X 0;0 0;0
741 KEY_X 0;0 0;0
742 KEY_X 0;0 0;0
743 KEY_X 0;0 0;0
744 KEY_X 0;0 0;0
745 KEY_X 0;0 0;0
746 KEY_X 0;0 0;0
747 KEY_X 0;0 0;0
748 KEY_X 0;0 0;0
749 KEY_X 0;0 0;0
750 KEY_X 0;0 0;0
751 KEY_X 0;0 0;0
752 KEY_X 0;0 0;0
753 KEY_X 0;0 0;0
754 KEY_X 0;0 0;0
755 KEY_X 0;0 0;0
756 KEY_X 0;0 0;0
757 KEY_X 0;0 0;0
758 KEY_X 0;0 0;0
759 KEY_X 0;0 0;0
760 KEY_X 0;0 0;0
761 KEY_X 0;0 0;0
762 KEY_X 0;0 0;0
763 KEY_X 0;0 0;0
764 KEY_X 0;0 0;0
765 KEY_X 0;0 0;0
766 KEY_X 0;0 0;0
767 KEY_X 0;0 0;0
768 KEY_X 0;0 0;0
769 KEY_X 0;0 0;0
770 KEY_X 0;0 0;0
771 KEY_X 0;0 0;0
772 KEY_X 0;0 0;0
773 KEY_X 0;0 0;0
774 KEY_X 0;0 0;0
775 KEY_X 0;0 0;0
776 KEY_X 0;0 0;0
777 KEY_X 0;0 0;0
778 KEY_X 0;0 0;0
779 KEY_X 0;0 0;0
780 KEY_X 0;0 0;0
781 KEY_X 0;0 0;0
782 KEY_X 0;0 0;0
783 KEY_X 0;0 0;0
784 KEY_X 0;0 0;0
785 KEY_X 0;0 0;0
786 KEY_X 0;0 0;0
787 KEY_X 0;0 0;0
788 KEY_X 0;0 0;0
789 KEY_X 0;0 0;0
790 KEY_X 0;0 0;0
791 KEY_X 0;0 0;0
792 KEY_X 0;0 0;0
793 KEY_X 0;0 0;0
794 KEY_X 0;0 0;0
795 KEY_X 0;0 0;0
796 KEY_X 0;0 0;0
797 KEY_X 0;0 0;0
798 KEY_X 0;0 0;0
799 KEY_X 0;0 0;0
800 KEY_X 0;0 0;0
801 KEY_X 0;0 0;0
802 KEY_X 0;0 0;0
803 KEY_X 0;0 0;0
804 KEY_X 0;0 0;0
805 KEY_X 0;0 0;0
806 KEY_X 0;0 0;0
807 KEY_X 0;0 0;0
808 KEY_X 0;0 0;0
809 KEY_X 0;0 0;0
810 KEY_X 0;0 0;0
811 KEY_X 0;0 0;0
812 KEY_X 0;0 0;0
813 KEY_X 0;0 0;0
814 KEY_X 0;0 0;0
815 KEY_X 0;0 0;0
816 KEY_X 0;0 0;0
817 KEY_X 0;0 0;0
818 KEY_X 0;0 0;0
819 KEY_X 0;0 0;0
820 KEY_X 0;0 0;0
821 KEY_X 0;0 0;0
822 KEY_X 0;0 0;0
823 KEY_X 0;0 0;0
824 KEY_X 0;0 0;0
825 KEY_X 0;0 0;0
826 KEY_X 0;0 0;0
827 KEY_X 0;0 0;0
828 KEY_X 0;0 0;0
829 KEY_X 0;0 0;0
830 KEY_X 0;0 0;0
831 KEY_X 0;0 0;0
832 KEY_X 0;32767 0;0
833 KEY_X -28377;-16383 0;0
834 KEY_X 28377;-16383 0;0
835 KEY_X 0;32767 0;0
836 KEY_X -28377;-16383 0;0
837 KEY_X 28377;-16383 0;0
838 KEY_X 0;32767 0;0
839 KEY_X -28377;-16383 0;0
840 KEY_X 28377;-16383 0;0
841 KEY_X 0;32767 0;0
842 KEY_X -28377;-16383 0;0
843 KEY_X 28377;-16383 0;0
844 KEY_X 0;32767 0;0
845 KEY_X -28377;-16383 0;0
846 KEY_X 28377;-16383 0;0
847 KEY_X 0;32767 0;0
848 KEY_X -28377;-16383 0;0
849 KEY_X 28377;-16383 0;0
850 KEY_X 0;32767 0;0
851 KEY_X -28377;-16383 0;0
852 KEY_X 28377;-16383 0;0
853 KEY_X 0;32767 0;0
854 KEY_X -28377;-16383 0;0
855 KEY_X 28377;-16383 0;0
856 KEY_X 0;32767 0;0
857 KEY_X -28377;-16383 0;0
858 KEY_X 28377;-16383 0;0
859 KEY_X 0;32767 0;0
860 KEY_X -28377;-16383 0;0
861 KEY_X 28377;-16383 0;0
862 KEY_X 0;32767 0;0
863 KEY_X -28377;-16383 0;0
864 KEY_X 28377;-16383 0;0
865 KEY_X 0;32767 0;0
866 KEY_X -28377;-16383 0;0
867 KEY_X 28377;-16383 0;0
868 KEY_X 0;32767 0;0
869 KEY_X -28377;-16383 0;0
870 KEY_X 28377;-16383 0;0
871 KEY_X 0;32767 0;0
872 KEY_X -28377;-16383 0;0
873 KEY_X 28377;-16383 0;0
874 KEY_X 0;32767 0;0
875 KEY_X -28377;-16383 0;0
876 KEY_X 28377;-16383 0;0
877 KEY_X 0;32767 0;0
878 KEY_X -28377;-16383 0;0
879 KEY_X 28377;-16383 0;0
880 KEY_X 0;32767 0;0
881 KEY_X -28377;-16383 0;0
882 KEY_X 28377;-16383 0;0
883 KEY_X 0;32767 0;0
884 KEY_X -28377;-16383 0;0
885 KEY_X 28377;-16383 0;0
886 KEY_X 0;32767 0;0
887 KEY_X -28377;-16383 0;0
888 KEY_X 28377;-16383 0;0
889 KEY_X 0;32767 0;0
890 KEY_X -28377;-16383 0;0
891 KEY_X 28377;-16383 0;0
892 KEY_X 0;32767 0;0
893 KEY_X -28377;-16383 0;0
894 KEY_X 28377;-16383 0;0
895 KEY_X 0;32767 0;0
896 KEY_X -28377;-16383 0;0
897 KEY_X 28377;-16383 0;0
898 KEY_X 0;32767 0;0
899 KEY_X -28377;-16383 0;0
900 KEY_X 1141;-32747 0;0
901 KEY_X 1141;-32747 0;0
902 KEY_X 1141;-32747 0;0
903 KEY_X 1141;-32747 0;0
904 KEY_X 1141;-32747 0;0
905 KEY_X 1141;-32747 0;0
906 KEY_X 1141;-32747 0;0
907 KEY_X 1141;-32747 0;0
908 KEY_X 1141;-32747 0;0
909 KEY_X 1141;-32747 0;0
910 KEY_X 1141;-32747 0;0
911 KEY_X 1141;-32747 0;0
912 KEY_X 1141;-32747 0;0
913 KEY_X 1141;-32747 0;0
914 NONE 1141;-32747 0;0
915 NONE 1141;-32747 0;0
916 KEY_B 1141;-32747 0;0
917 KEY_ZR -22986;-23339 0;0
918 KEY_ZR -22986;-23339 0;0
919 KEY_ZR -22986;-23339 0;0
920 KEY_ZR -22986;-23339 0;0
921 KEY_ZR -22986;-23339 0;0
922 KEY_ZR -22986;-23339 0;0
923 KEY_ZR -22986;-23339 0;0
924 KEY_Y;KEY_ZR -22986;-23339 0;0
925 KEY_B;KEY_L -22986;-23339 0;0
926 KEY_Y -32520;3895 0;0
927 KEY_Y -22262;24024 0;0
928 KEY_Y -22262;24024 0;0
929 KEY_Y -22262;24024 0;0
930 KEY_Y -22262;24024 0;0
931 KEY_Y -22262;24024 0;0
932 KEY_Y -22262;24024 0;0
933 KEY_Y -22262;24024 0;0
934 KEY_B;KEY_Y -22262;24024 0;0
935 KEY_B;KEY_Y -7033;31991 0;0
936 KEY_B;KEY_Y -7033;31991 0;0
937 KEY_B;KEY_Y -7033;31991 0;0
938 KEY_B;KEY_Y -7033;31991 0;0
939 KEY_B;KEY_Y -7033;31991 0;0
940 KEY_B;KEY_Y -7033;31991 0;0
941 KEY_Y -7033;31991 0;0
942 KEY_Y -7033;31991 0;0
943 KEY_Y -7033;31991 0;0
944 KEY_Y -7033;31991 0;0
945 KEY_Y -7033;31991 0;0
946 KEY_Y -7033;31991 0;0
947 KEY_Y -7033;31991 0;0
948 KEY_Y -7033;31991 0;0
949 KEY_Y -7033;31991 0;0
950 KEY_Y -7033;31991 0;0
951 KEY_Y -7033;31991 0;0
952 KEY_Y -7033;31991 0;0
953 KEY_Y -7033;31991 0;0
954 KEY_Y -7033;31991 0;0
955 KEY_Y -7033;31991 0;0
956 KEY_Y -7033;31991 0;0
957 KEY_Y -7033;31991 0;0
958 KEY_Y -7033;31991 0;0
959 KEY_Y -7033;31991 0;0
960 KEY_Y -7033;31991 0;0
961 KEY_Y -7033;31991 0;0
962 KEY_Y -7033;31991 0;0
963 KEY_Y -7033;31991 0;0
964 KEY_Y -7033;31991 0;0
965 KEY_Y -7033;31991 0;0
966 KEY_Y -7033;31991 0;0
967 KEY_Y -7033;31991 0;0
968 KEY_Y -7033;31991 0;0
969 NONE 5462;32301 0;0
970 NONE 5462;32301 0;0
971 NONE 5462;32301 0;0
972 NONE 5462;32301 0;0
973 NONE 5462;32301 0;0
974 NONE 5462;32301 -32767;0
975 NONE 5803;32244 -32767;0
976 NONE 6102;32188 -32767;0
977 NONE 6528;32105 -32767;0
978 NONE 7067;31990 -32767;0
979 NONE 7887;31798 -32767;0
980 NONE 8432;31658 -32767;0
981 NONE -2673;-2411 -32767;0
982 KEY_ZL -1507;-3268 -32767;0
983 KEY_Y;KEY_ZL 0;0 -32767;0
984 KEY_ZL 27960;17067 -32767;0
985 KEY_ZL 28570;16027 -32767;0
986 KEY_ZL 29141;14965 -32767;0
987 KEY_ZL 30141;12841 -32767;0
988 KEY_ZL 30593;11724 -32767;0
989 KEY_ZL 31004;10591 -32767;0
990 KEY_ZL 31373;9443 -32767;0
991 KEY_ZL 31699;8283 -32767;0
992 KEY_ZL 31983;7111 -32767;0
993 KEY_ZL 32224;5930 -32767;0
994 KEY_ZL 32420;4741 -32767;0
995 KEY_ZL 32573;3545 -32767;0
996 KEY_ZL 32682;2344 -32767;0
997 KEY_ZL 32747;1141 -32767;0
998 KEY_ZL 0;0 -32767;0
999 KEY_ZL 0;0 -32767;0
1000 KEY_ZL 0;0 -32767;0
1001 KEY_ZL 0;0 -32767;0
1002 KEY_ZL 0;0 -32767;0
1003 KEY_ZL 0;0 -32767;0
1004 KEY_ZL 0;0 -32767;0
1005 KEY_ZL 0;0 -32767;0
1006 KEY_ZL 0;0 -32767;0
1007 KEY_ZL 0;0 -32767;0
1008 KEY_ZL 0;0 -32767;0
1009 KEY_ZL 0;0 -32767;0
1010 KEY_ZL 0;0 -32767;0
1011 KEY_ZL 0;0 -32767;0
1012 KEY_ZL;KEY_L 0;0 -32767;0
1013 KEY_ZL 0;0 -32767;0
1014 NONE 0;0 -32767;0
1015 NONE 0;0 -32767;0
1016 NONE 0;0 -32767;0
1017 NONE 0;0 -32767;0
1018 NONE 0;0 -32767;0
1019 NONE 0;0 -32767;0
1020 NONE 0;0 -32767;0
1021 NONE 0;0 -32767;0
1022 NONE 0;0 -32767;0
1023 NONE 0;0 -32767;0
1024 NONE 0;0 -32767;0
1025 NONE 0;0 -32767;0
1026 NONE 0;0 -32767;0
1027 NONE 0;0 -32767;0
1028 NONE 0;0 -32767;0
1029 NONE 0;0 -32767;0
1030 NONE 0;0 -32767;0
1031 NONE 0;0 -32767;0
1032 NONE 0;0 -32767;0
1033 NONE 0;0 -32767;0
1034 NONE 0;0 -32767;0
1244 NONE 314;3590 0;0
1245 NONE 314;3590 0;0
1246 NONE 314;3590 0;0
1247 NONE 314;3590 0;0
1248 KEY_ZL 314;3590 0;0
1249 KEY_Y;KEY_ZL;KEY_R 0;0 0;0
1250 KEY_ZL 0;0 0;0
1251 KEY_ZL 0;0 0;0
1252 KEY_ZL 0;0 0;0
1253 KEY_ZL 0;0 0;0
1254 KEY_ZL 0;0 0;0
1255 KEY_ZL 0;0 0;0
1256 KEY_ZL 0;0 0;0
1257 KEY_ZL 0;0 0;0
1258 KEY_ZL 0;0 0;0
1259 KEY_ZL 0;0 0;0
1260 KEY_ZL;KEY_DLEFT 0;0 0;0
1261 KEY_ZL;KEY_DRIGHT 0;0 0;0
1262 KEY_ZL;KEY_DLEFT 0;0 0;0
1263 KEY_ZL;KEY_DRIGHT 0;0 0;0
1264 KEY_ZL;KEY_DLEFT 0;0 0;0
1265 KEY_ZL;KEY_DRIGHT 0;0 0;0
1266 KEY_ZL;KEY_DLEFT 0;0 0;0
1267 KEY_ZL;KEY_DRIGHT 0;0 0;0
1268 KEY_ZL;KEY_DLEFT 0;0 0;0
1269 KEY_ZL;KEY_DRIGHT 0;0 0;0
1270 KEY_ZL;KEY_DLEFT 0;0 0;0
1271 KEY_ZL;KEY_DRIGHT 0;0 0;0
1272 KEY_ZL;KEY_DLEFT 0;0 0;0
1273 KEY_ZL;KEY_DRIGHT 0;0 0;0
1274 KEY_ZL;KEY_DLEFT 0;0 0;0
1275 KEY_ZL;KEY_DRIGHT 0;0 0;0
1276 KEY_ZL;KEY_DLEFT 0;0 0;0
1277 KEY_ZL;KEY_DRIGHT 0;0 0;0
1278 KEY_ZL;KEY_DLEFT 0;0 0;0
1279 KEY_ZL;KEY_DRIGHT 0;0 0;0
1280 KEY_ZL;KEY_DLEFT 0;0 0;0
1281 KEY_ZL;KEY_DRIGHT 0;0 0;0
1282 KEY_ZL;KEY_DLEFT 0;0 0;0
1283 KEY_ZL;KEY_DRIGHT 0;0 0;0
1284 KEY_ZL;KEY_DLEFT 0;0 0;0
1285 KEY_ZL;KEY_DRIGHT 0;0 0;0
1286 KEY_ZL;KEY_DLEFT 0;0 0;0
1287 KEY_ZL;KEY_DRIGHT 0;0 0;0
1288 KEY_ZL;KEY_DLEFT 0;0 0;0
1289 KEY_ZL;KEY_DRIGHT 0;0 0;0
1290 KEY_ZL;KEY_DLEFT 0;0 0;0
1291 KEY_ZL;KEY_DRIGHT 0;0 0;0
1292 KEY_ZL;KEY_DLEFT 0;0 0;0
1293 KEY_ZL;KEY_DRIGHT 0;0 0;0
1294 KEY_ZL;KEY_DLEFT 0;0 0;0
1295 KEY_ZL;KEY_DRIGHT 0;0 0;0
1296 KEY_ZL;KEY_DLEFT 0;0 0;0
1297 KEY_ZL;KEY_DRIGHT 0;0 0;0
1298 KEY_ZL;KEY_DLEFT 0;0 0;0
1299 KEY_ZL;KEY_DRIGHT 0;0 0;0
1300 KEY_ZL;KEY_DLEFT 0;0 0;0
1301 KEY_ZL;KEY_DRIGHT 0;0 0;0
1302 KEY_ZL;KEY_DLEFT 0;0 0;0
1303 KEY_ZL;KEY_DRIGHT 0;0 0;0
1304 KEY_ZL;KEY_DLEFT 0;0 0;0
1305 KEY_ZL;KEY_DRIGHT 0;0 0;0
1306 KEY_ZL;KEY_DLEFT 0;0 0;0
1307 KEY_ZL;KEY_DRIGHT 0;0 0;0
1308 KEY_ZL;KEY_DLEFT 0;0 0;0
1309 KEY_ZL;KEY_DRIGHT 0;0 0;0
1310 KEY_ZL;KEY_DLEFT 0;0 0;0
1311 KEY_ZL;KEY_DRIGHT 0;0 0;0
1312 KEY_ZL;KEY_DLEFT 0;0 0;0
1313 KEY_ZL;KEY_DRIGHT 0;0 0;0
1314 KEY_ZL;KEY_DLEFT 0;0 0;0
1315 KEY_ZL;KEY_DRIGHT 0;0 0;0
1316 KEY_ZL;KEY_DLEFT 0;0 0;0
1317 KEY_ZL;KEY_DRIGHT 0;0 0;0
1318 KEY_ZL;KEY_DLEFT 0;0 0;0
1319 KEY_ZL;KEY_DRIGHT 0;0 0;0
1320 KEY_ZL;KEY_DLEFT 0;0 0;0
1321 KEY_ZL;KEY_DRIGHT 0;0 0;0
1322 KEY_ZL;KEY_DLEFT 0;0 0;0
1323 KEY_ZL;KEY_DRIGHT 0;0 0;0
1324 KEY_ZL;KEY_DLEFT 0;0 0;0
1325 KEY_ZL;KEY_DRIGHT 0;0 0;0
1326 KEY_ZL;KEY_DLEFT 0;0 0;0
1327 KEY_ZL;KEY_DRIGHT 0;0 0;0
1328 KEY_ZL;KEY_DLEFT 0;0 0;0
1329 KEY_ZL;KEY_DRIGHT 0;0 0;0
1330 KEY_ZL;KEY_DLEFT 0;0 0;0
1331 KEY_ZL;KEY_DRIGHT 0;0 0;0
1332 KEY_ZL;KEY_DLEFT 0;0 0;0
1333 KEY_ZL;KEY_DRIGHT 0;0 0;0
1334 KEY_ZL;KEY_DLEFT 0;0 0;0
1335 KEY_ZL;KEY_DRIGHT 0;0 0;0
1336 KEY_ZL;KEY_DLEFT 0;0 0;0
1337 KEY_ZL;KEY_DRIGHT 0;0 0;0
1338 KEY_ZL;KEY_DLEFT 0;0 0;0
1339 KEY_ZL;KEY_DRIGHT 0;0 0;0
1340 KEY_ZL;KEY_DLEFT 0;0 0;0
1341 KEY_ZL;KEY_DRIGHT 0;0 0;0
1342 KEY_ZL;KEY_DLEFT 0;0 0;0
1343 KEY_ZL;KEY_DRIGHT 0;0 0;0
1344 KEY_ZL;KEY_DLEFT 0;0 0;0
1345 KEY_ZL;KEY_DRIGHT 0;0 0;0
1346 KEY_ZL;KEY_DLEFT 0;0 0;0
