1 NONE 0;32000 0;0
2 NONE 28377;-16383 0;0
3 NONE -28377;-16383 0;0
4 NONE 0;32000 0;0
5 NONE 28377;-16383 0;0
6 NONE -28377;-16383 0;0
7 NONE 0;32000 0;0
8 NONE 28377;-16383 0;0
9 NONE -28377;-16383 0;0
10 NONE 0;32000 0;0
11 NONE 28377;-16383 0;0
12 NONE -28377;-16383 0;0
13 NONE 0;32000 0;0
14 NONE 28377;-16383 0;0
15 NONE -28377;-16383 0;0
16 NONE 0;32000 0;0
17 NONE 28377;-16383 0;0
18 NONE -28377;-16383 0;0
19 NONE 0;32000 0;0
20 NONE 28377;-16383 0;0
21 NONE -28377;-16383 0;0
22 NONE 0;32000 0;0
23 NONE 28377;-16383 0;0
24 NONE -28377;-16383 0;0
25 NONE 0;32000 0;0
26 NONE 28377;-16383 0;0
27 NONE -28377;-16383 0;0
28 NONE 0;32000 0;0
29 NONE 28377;-16383 0;0
30 NONE -28377;-16383 0;0
31 NONE 0;32000 0;0
32 NONE 28377;-16383 0;0
33 NONE -28377;-16383 0;0
34 KEY_B 19251;26497 0;0
35 KEY_ZL 19251;26497 0;0
36 KEY_ZL 19251;26497 0;0
37 KEY_ZL 19251;26497 0;0
38 KEY_ZL 19251;26497 0;0
39 KEY_ZL 19251;26497 0;0
40 KEY_ZL 19251;26497 0;0
41 KEY_ZL 19251;26497 0;0
42 KEY_ZL;KEY_Y 19251;26497 0;0
43 KEY_ZL 0;0 0;0
44 KEY_ZL 0;0 0;0
45 KEY_ZL 0;0 0;0
46 KEY_ZL 0;0 0;0
47 KEY_ZL 0;0 0;0
48 KEY_ZL 0;0 0;0
49 KEY_ZL 0;0 0;0
50 KEY_ZL 0;0 0;0
51 KEY_ZL 0;0 0;0
52 KEY_ZL 0;0 0;0
53 KEY_ZL 0;0 0;0
54 KEY_ZL 0;0 0;0
55 KEY_ZL 0;0 0;0
56 KEY_ZL 0;0 0;0
57 KEY_ZL;KEY_DLEFT;KEY_B -32000;0 0;0
58 KEY_ZL;KEY_DLEFT;KEY_B -32000;0 0;0
59 KEY_DLEFT 19251;26497 0;0
60 KEY_DLEFT 19251;26497 0;0
61 KEY_DLEFT 19251;26497 0;0
62 KEY_DLEFT 19251;26497 0;0
63 KEY_DLEFT 19251;26497 0;0
64 KEY_DLEFT 19251;26497 0;0
65 KEY_DLEFT 19251;26497 0;0
66 KEY_B 19251;26497 0;0
67 KEY_B 19251;26497 0;0
68 KEY_B 19251;26497 0;0
69 KEY_B 19251;26497 0;0
70 KEY_B 19251;26497 0;0
71 KEY_B 19251;26497 0;0
72 KEY_B 19251;26497 0;0
73 KEY_B 19251;26497 0;0
74 KEY_B 19251;26497 0;0
75 KEY_B 19251;26497 0;0
76 KEY_B 19251;26497 0;0
77 KEY_B 19251;26497 0;0
78 KEY_B 19251;26497 0;0
79 KEY_B 19251;26497 0;0
80 KEY_B 19251;26497 0;0
81 KEY_B 19251;26497 0;0
82 KEY_B 19251;26497 0;0
83 KEY_B 19251;26497 0;0
84 KEY_B 19251;26497 0;0
85 KEY_B 19251;26497 0;0
86 NONE 0;0 0;0
87 NONE 0;0 0;0
88 NONE 0;0 0;0
89 NONE 0;0 0;0
90 NONE 0;0 0;0
91 NONE 0;0 0;0
92 NONE 0;0 0;0
93 NONE 0;0 0;0
94 NONE 0;0 0;0
95 NONE 0;0 0;0
96 NONE 0;0 0;0
97 NONE 0;0 0;0
98 NONE 0;0 0;0
99 NONE 0;0 0;0
100 NONE 0;0 0;0
101 NONE 0;0 0;0
102 NONE 0;0 0;0
103 NONE 0;0 0;0
104 NONE 0;0 0;0
105 NONE 0;0 0;0
106 NONE 0;0 0;0
107 NONE 0;0 0;0
108 NONE 0;0 0;0
109 NONE 0;0 0;0
110 NONE 0;0 0;0
111 NONE 0;0 0;0
112 NONE 0;0 0;0
113 NONE 0;0 0;0
114 NONE 0;0 0;0
115 NONE 0;0 0;0
116 NONE 0;0 0;0
117 NONE 0;0 0;0
118 NONE 0;0 0;0
119 NONE 0;0 0;0
120 NONE 0;0 0;0
121 NONE 0;0 0;0
122 NONE 0;0 0;0
123 NONE 0;0 0;0
124 NONE 0;0 0;0
125 NONE 0;0 0;0
126 NONE 0;0 0;0
127 NONE 0;0 0;0
128 NONE 0;0 0;0
129 NONE 0;0 0;0
130 NONE 0;0 0;0
131 NONE 0;0 0;0
132 NONE 0;0 0;0
133 NONE 0;0 0;0
134 NONE 0;0 0;0
135 NONE 0;0 0;0
136 NONE 0;0 0;0
137 NONE 0;0 0;0
138 NONE 0;0 0;0
139 NONE 0;0 0;0
140 NONE 0;0 0;0
141 NONE 0;0 0;0
142 NONE 0;0 0;0
143 NONE 0;0 0;0
144 NONE 0;0 0;0
145 NONE 0;0 0;0
146 NONE 0;0 0;0
147 NONE 0;0 0;0
148 NONE 0;0 0;0
149 NONE 0;0 0;0
150 NONE 0;0 0;0
151 NONE 0;0 0;0
152 NONE 0;0 0;0
153 NONE 0;0 0;0
154 NONE 0;0 0;0
155 NONE 0;0 0;0
156 NONE 0;0 0;0
157 NONE 0;0 0;0
158 NONE 0;0 0;0
159 NONE 0;0 0;0
160 NONE 0;0 0;0
161 NONE 0;0 0;0
162 NONE 0;0 0;0
163 NONE 0;0 0;0
164 NONE 0;0 0;0
165 NONE 0;0 0;0
166 NONE 0;0 0;0
167 NONE 0;0 0;0
168 NONE 0;0 0;0
169 NONE 0;0 0;0
170 NONE 0;0 0;0
171 NONE 0;0 0;0
172 NONE 0;0 0;0
173 NONE 0;0 0;0
174 NONE 0;0 0;0
175 NONE 0;0 0;0
176 NONE 0;0 0;0
177 NONE 0;0 0;0
178 NONE 0;0 0;0
179 NONE 0;0 0;0
180 NONE 0;0 0;0
181 NONE 0;0 0;0
182 NONE 0;0 0;0
183 NONE 0;0 0;0
184 NONE 0;0 0;0
185 NONE 0;0 0;0
186 NONE 0;0 0;0
187 NONE 0;0 0;0
188 NONE 0;0 0;0
189 NONE 0;0 0;0
190 NONE 0;0 0;0
191 NONE 0;0 0;0
192 NONE 0;0 0;0
193 NONE 0;0 0;0
194 NONE 0;0 0;0
195 NONE 0;0 0;0
196 NONE 0;0 0;0
197 NONE 0;0 0;0
198 NONE 0;0 0;0
199 NONE 0;0 0;0
200 NONE 0;0 0;0
201 NONE 0;0 0;0
202 NONE 0;0 0;0
203 NONE 0;0 0;0
204 NONE 0;0 0;0
205 NONE 0;0 0;0
206 NONE 0;0 0;0
207 NONE 0;0 0;0
208 NONE 0;0 0;0
209 NONE 0;0 0;0
210 NONE 0;0 0;0
211 NONE 0;0 0;0
212 NONE 0;0 0;0
213 NONE 0;0 0;0
214 NONE 0;0 0;0
215 NONE 0;0 0;0
216 NONE 0;0 0;0
217 KEY_Y -32000;0 0;0
218 KEY_Y -32000;0 0;0
219 KEY_Y -32000;0 0;0
220 KEY_Y -32000;0 0;0
221 KEY_Y -32000;0 0;0
222 KEY_Y -32000;0 0;0
223 KEY_Y -32000;0 0;0
224 KEY_Y -32000;0 0;0
225 KEY_Y -32000;0 0;0
226 KEY_Y -32000;0 0;0
227 KEY_Y -32000;0 0;0
228 KEY_Y -32000;0 0;0
229 KEY_Y -32000;0 0;0
230 KEY_Y -32000;0 0;0
231 KEY_Y -32000;0 0;0
232 KEY_Y -32000;0 0;0
233 KEY_Y -32000;0 0;0
234 KEY_Y -32000;0 0;0
235 KEY_Y -32000;0 0;0
236 KEY_Y -32000;0 0;0
237 KEY_Y -32000;0 0;0
238 KEY_Y -32000;0 0;0
239 KEY_Y -32000;0 0;0
240 KEY_Y -32000;0 0;0
241 KEY_Y -32000;0 0;0
242 KEY_Y -32000;0 0;0
243 KEY_Y -32000;0 0;0
244 KEY_Y -32000;0 0;0
245 KEY_Y -32000;0 0;0
246 KEY_Y -32000;0 0;0
247 KEY_Y -32000;0 0;0
248 KEY_Y -32000;0 0;0
249 KEY_Y -32000;0 0;0
250 KEY_Y -32000;0 0;0
251 KEY_Y -32000;0 0;0
252 KEY_Y -32000;0 0;0
253 KEY_Y -32000;0 0;0
254 KEY_Y -32000;0 0;0
255 KEY_Y -32000;0 0;0
256 KEY_Y -32000;0 0;0
257 KEY_Y -32000;0 0;0
258 KEY_Y -32000;0 0;0
259 KEY_Y -32000;0 0;0
260 KEY_Y;KEY_B -32000;0 0;0
261 KEY_Y;KEY_B -32000;0 0;0
262 KEY_Y;KEY_B -32000;0 0;0
263 KEY_Y;KEY_B -32000;0 0;0
264 KEY_Y;KEY_B -32000;0 0;0
265 KEY_Y -32000;0 0;0
266 KEY_Y -32000;0 0;0
267 KEY_Y -32000;0 0;0
268 KEY_Y -32000;0 0;0
269 KEY_Y -32000;0 0;0
270 KEY_Y -32000;0 0;0
271 KEY_Y -32000;0 0;0
272 KEY_Y -32000;0 0;0
273 KEY_Y -32000;0 0;0
274 KEY_Y -32000;0 0;0
275 KEY_Y -32000;0 0;0
276 KEY_Y -32000;0 0;0
277 KEY_Y -32000;0 0;0
278 KEY_Y -32000;0 0;0
279 KEY_Y -32000;0 0;0
280 KEY_Y -32000;0 0;0
281 KEY_Y -32000;0 0;0
282 KEY_Y -32000;0 0;0
283 KEY_Y -32000;0 0;0
284 KEY_Y -32000;0 0;0
285 KEY_Y -32000;0 0;0
286 KEY_Y -32000;0 0;0
287 KEY_Y -32000;0 0;0
288 KEY_Y -32000;0 0;0
289 KEY_Y -32000;0 0;0
290 KEY_Y -32000;0 0;0
291 KEY_Y -32000;0 0;0
292 KEY_Y -32000;0 0;0
293 KEY_Y -32000;0 0;0
294 KEY_Y -32000;0 0;0
295 KEY_Y -32000;0 0;0
296 KEY_Y -32000;0 0;0
297 KEY_Y -32000;0 0;0
298 KEY_Y -32000;0 0;0
299 KEY_Y -32000;0 0;0
300 KEY_Y -32000;0 0;0
301 KEY_Y -32000;0 0;0
302 KEY_Y -32000;0 0;0
303 KEY_B;KEY_Y -32000;0 0;0
304 KEY_B;KEY_Y -32000;0 0;0
305 KEY_B;KEY_Y -32000;0 0;0
306 KEY_B;KEY_Y -32000;0 0;0
307 KEY_B;KEY_Y -32000;0 0;0
308 KEY_B;KEY_Y -32000;0 0;0
309 KEY_Y -32000;0 0;0
310 KEY_Y -32000;0 0;0
311 KEY_Y -32000;0 0;0
312 KEY_Y -32000;0 0;0
313 KEY_Y -32000;0 0;0
314 KEY_Y -32000;0 0;0
315 KEY_Y -32000;0 0;0
316 KEY_Y -32000;0 0;0
317 KEY_Y -32000;0 0;0
318 KEY_Y -32000;0 0;0
319 KEY_Y;KEY_ZL -32000;0 0;0
320 KEY_Y;KEY_ZL -32000;0 0;0
321 KEY_Y;KEY_ZL -32000;0 0;0
322 KEY_Y;KEY_ZL -32000;0 0;0
323 KEY_Y;KEY_ZL -32000;0 0;0
324 KEY_Y;KEY_ZL -32000;0 0;0
325 KEY_Y;KEY_ZL -32000;0 0;0
326 KEY_Y;KEY_ZL -32000;0 0;0
327 KEY_Y;KEY_ZL -32000;0 0;0
328 KEY_Y;KEY_ZL -32000;0 0;0
329 KEY_Y;KEY_ZL -32000;0 0;0
330 KEY_Y;KEY_ZL -32000;0 0;0
331 KEY_Y;KEY_ZL -32000;0 0;0
332 KEY_Y;KEY_ZL -32000;0 0;0
333 KEY_Y;KEY_ZL -32000;0 0;0
334 KEY_Y;KEY_ZL -32000;0 0;0
335 KEY_Y;KEY_ZL -32000;0 0;0
336 KEY_Y;KEY_ZL -32000;0 0;0
337 KEY_Y;KEY_ZL -32000;0 0;0
338 KEY_Y;KEY_ZL -32000;0 0;0
339 KEY_Y;KEY_ZL -32000;0 0;0
340 KEY_Y;KEY_ZL -32000;0 0;0
341 KEY_Y;KEY_ZL -32000;0 0;0
342 KEY_Y;KEY_ZL -32000;0 0;0
343 KEY_Y;KEY_ZL -32000;0 0;0
344 KEY_Y;KEY_ZL -32000;0 0;0
345 KEY_Y;KEY_ZL -32000;0 0;0
346 KEY_Y;KEY_ZL -32000;0 0;0
347 KEY_Y;KEY_ZL -32000;0 0;0
348 KEY_Y;KEY_ZL -32000;0 0;0
349 KEY_ZL 0;0 0;0
350 NONE 0;0 0;0
351 NONE 0;0 0;0
352 NONE 0;0 0;0
353 NONE 0;0 0;0
354 NONE 0;0 0;0
355 NONE 0;0 0;0
356 NONE 0;0 0;0
357 NONE 0;0 0;0
358 NONE 0;0 0;0
359 NONE 0;0 0;0
360 NONE 0;0 0;0
361 NONE 0;0 0;0
362 NONE 0;0 0;0
363 NONE 0;0 0;0
364 NONE 0;0 0;0
365 NONE 0;0 0;0
366 NONE 0;0 0;0
367 NONE 0;0 0;0
368 NONE 0;0 0;0
369 NONE 0;0 0;0
370 NONE 0;0 0;0
371 NONE 0;0 0;0
372 NONE 0;0 0;0
373 NONE 0;0 0;0
374 NONE 0;0 0;0
375 NONE 0;0 0;0
376 NONE 0;0 0;0
377 NONE 0;0 0;0
378 NONE 0;0 0;0
379 NONE 0;0 0;0
380 NONE 0;0 0;0
381 NONE 0;0 0;0
382 NONE 0;0 0;0
383 NONE 0;0 0;0
384 NONE 0;0 0;0
385 NONE 0;0 0;0
386 NONE 0;0 0;0
387 NONE 0;0 0;0
388 NONE 0;0 0;0
389 NONE 0;0 0;0
390 NONE 0;0 0;0
391 NONE 0;0 0;0
392 NONE 0;0 0;0
393 NONE 0;0 0;0
394 NONE 0;0 0;0
395 NONE 0;0 0;0
396 NONE 0;0 0;0
397 NONE 0;0 0;0
398 NONE 0;0 0;0
399 NONE 0;0 0;0
400 NONE 0;0 0;0
401 NONE 0;0 0;0
402 NONE 0;0 0;0
403 NONE 0;0 0;0
404 NONE 0;0 0;0
405 NONE 0;0 0;0
406 NONE 0;0 0;0
407 NONE 0;0 0;0
408 NONE 0;0 0;0
409 NONE 0;0 0;0
410 NONE 0;0 0;0
411 NONE 0;0 0;0
412 NONE 0;0 0;0
413 NONE 0;0 0;0
414 NONE 0;0 0;0
415 NONE 0;0 0;0
416 NONE 0;0 0;0
417 NONE 0;0 0;0
418 NONE 0;0 0;0
419 NONE 0;0 0;0
420 NONE 0;0 0;0
421 NONE 0;0 0;0
422 NONE 0;0 0;0
423 NONE 0;0 0;0
424 NONE 0;0 0;0
425 NONE 0;0 0;0
426 NONE 0;0 0;0
427 NONE 0;0 0;0
428 NONE 0;0 0;0
429 NONE 0;0 0;0
430 NONE 0;0 0;0
431 NONE 0;0 0;0
432 NONE 0;0 0;0
433 NONE 0;0 0;0
434 NONE 0;0 0;0
435 NONE 0;0 0;0
436 NONE 0;0 0;0
437 NONE 0;0 0;0
438 NONE 0;0 0;0
439 NONE 0;0 0;0
440 NONE 0;0 0;0
441 NONE 0;0 0;0
442 NONE 0;0 0;0
443 NONE 0;0 0;0
444 NONE 0;0 0;0
445 NONE 0;0 0;0
446 NONE 0;0 0;0
447 NONE 0;0 0;0
448 NONE 0;0 0;0
449 NONE 0;0 0;0
450 NONE 0;0 0;0
451 NONE 0;0 0;0
452 NONE 0;0 0;0
453 NONE 0;0 0;0
454 NONE 0;0 0;0
455 NONE 0;0 0;0
456 NONE 0;0 0;0
457 NONE 0;0 0;0
458 NONE 0;0 0;0
459 NONE 0;0 0;0
460 NONE 0;0 0;0
461 NONE 0;0 0;0
462 NONE 0;0 0;0
463 NONE 0;0 0;0
464 NONE 0;0 0;0
465 NONE 0;0 0;0
466 NONE 0;0 0;0
467 NONE 0;0 0;0
468 NONE 0;0 0;0
469 NONE 0;0 0;0
470 NONE 0;0 0;0
471 NONE 0;0 0;0
472 NONE 0;0 0;0
473 NONE 0;0 0;0
474 NONE 0;0 0;0
475 NONE 0;0 0;0
476 NONE 0;0 0;0
477 NONE 0;0 0;0
478 NONE 0;0 0;0
479 NONE 0;0 0;0
480 NONE 0;0 0;0
481 NONE 0;32000 0;0
482 NONE 28377;-16383 0;0
483 NONE -28377;-16383 0;0
484 NONE 0;32000 0;0
485 NONE 28377;-16383 0;0
486 NONE -28377;-16383 0;0
487 NONE 0;32000 0;0
488 NONE 28377;-16383 0;0
489 NONE -28377;-16383 0;0
490 NONE 0;32000 0;0
491 NONE 28377;-16383 0;0
492 NONE -28377;-16383 0;0
493 NONE 0;32000 0;0
494 NONE 28377;-16383 0;0
495 NONE -28377;-16383 0;0
496 NONE 0;32000 0;0
497 NONE 28377;-16383 0;0
498 NONE -28377;-16383 0;0
499 NONE 0;32000 0;0
500 NONE 28377;-16383 0;0
501 NONE -28377;-16383 0;0
502 NONE 0;32000 0;0
503 NONE 28377;-16383 0;0
504 NONE -28377;-16383 0;0
505 NONE 0;32000 0;0
506 NONE 28377;-16383 0;0
507 NONE -28377;-16383 0;0
508 NONE 0;32000 0;0
509 NONE 28377;-16383 0;0
510 NONE -28377;-16383 0;0
511 NONE 0;32000 0;0
512 NONE 28377;-16383 0;0
513 NONE -28377;-16383 0;0
514 KEY_B 3000;-32000 0;0
515 KEY_ZL 3000;-32000 0;0
516 KEY_ZL 3000;-32000 0;0
517 KEY_ZL 3000;-32000 0;0
518 KEY_ZL 3000;-32000 0;0
519 KEY_ZL 3000;-32000 0;0
520 KEY_ZL 3000;-32000 0;0
521 KEY_ZL 3000;-32000 0;0
522 KEY_ZL;KEY_Y 3000;-32000 0;0
523 KEY_ZL 32000;500 0;0
524 KEY_ZL 32000;500 0;0
525 KEY_ZL 32000;500 0;0
526 KEY_ZL 32000;500 0;0
527 KEY_ZL 32000;500 0;0
528 KEY_ZL 32000;500 0;0
529 KEY_ZL 32000;500 0;0
530 KEY_ZL 32000;500 0;0
531 KEY_ZL 32000;500 0;0
532 KEY_ZL 32000;500 0;0
533 KEY_ZL 32000;500 0;0
534 KEY_ZL 32000;500 0;0
535 KEY_ZL 32000;500 0;0
536 KEY_ZL 32000;500 0;0
537 KEY_ZL 32000;500 0;0
538 KEY_ZL 32000;500 0;0
539 KEY_ZL;KEY_B;KEY_LSTICK 32000;500 0;0
540 KEY_ZL;KEY_B;KEY_LSTICK 32000;500 0;0
541 NONE 32000;-2500 0;0
542 NONE 32000;-2500 0;0
543 NONE 32000;-2500 0;0
544 NONE 32000;-2500 0;0
545 NONE 32000;-2500 0;0
546 NONE 32000;-2500 0;0
547 NONE 32000;-2500 0;0
548 NONE 32000;-2500 0;0
549 NONE 32000;-2500 0;0
550 NONE 32000;-2500 0;0
551 NONE 32000;-2500 0;0
552 NONE 32000;-2500 0;0
553 NONE 32000;-2500 0;0
554 KEY_B 32000;-2500 0;0
555 NONE 0;0 0;0
556 NONE 0;32000 0;0
557 NONE 28377;-16383 0;0
558 NONE -28377;-16383 0;0
559 NONE 0;32000 0;0
560 NONE 28377;-16383 0;0
561 NONE -28377;-16383 0;0
562 NONE 0;32000 0;0
563 NONE 28377;-16383 0;0
564 NONE -28377;-16383 0;0
565 NONE 0;32000 0;0
566 NONE 28377;-16383 0;0
567 NONE -28377;-16383 0;0
568 NONE 0;0 0;0
569 NONE 0;32000 0;0
570 NONE 28377;-16383 0;0
571 NONE -28377;-16383 0;0
572 NONE 0;32000 0;0
573 NONE 28377;-16383 0;0
574 NONE -28377;-16383 0;0
575 NONE 0;32000 0;0
576 NONE 28377;-16383 0;0
577 NONE -28377;-16383 0;0
578 NONE 0;32000 0;0
579 NONE 28377;-16383 0;0
580 NONE -28377;-16383 0;0
581 KEY_B 32000;0 0;0
582 KEY_ZL 32000;0 0;0
583 KEY_ZL 32000;0 0;0
584 KEY_ZL 32000;0 0;0
585 KEY_ZL 32000;0 0;0
586 KEY_ZL 32000;0 0;0
587 KEY_ZL 32000;0 0;0
588 KEY_ZL 32000;0 0;0
589 KEY_ZL;KEY_Y 32000;0 0;0
590 KEY_ZL;KEY_B;KEY_DRIGHT 0;32000 0;0
591 KEY_DRIGHT 0;32000 0;0
592 KEY_DRIGHT 0;32000 0;0
593 KEY_DRIGHT 0;32000 0;0
594 KEY_DRIGHT 0;32000 0;0
595 KEY_DRIGHT 0;32000 0;0
596 KEY_DRIGHT 0;32000 0;0
597 KEY_DRIGHT 0;32000 0;0
598 KEY_DRIGHT 0;32000 0;0
599 KEY_DRIGHT 0;32000 0;0
600 KEY_DRIGHT 0;32000 0;0
601 KEY_DRIGHT 0;32000 0;0
602 KEY_DRIGHT 0;32000 0;0
603 KEY_DRIGHT 0;32000 0;0
604 KEY_DRIGHT 0;32000 0;0
605 KEY_DRIGHT 0;32000 0;0
606 KEY_DRIGHT 0;32000 0;0
607 KEY_DRIGHT 0;32000 0;0
608 KEY_DRIGHT 0;32000 0;0
609 KEY_DRIGHT 0;32000 0;0
610 KEY_DRIGHT 0;32000 0;0
611 KEY_DRIGHT 0;32000 0;0
612 NONE -32151;5669 0;0
613 NONE -32151;5669 0;0
614 NONE -32151;5669 0;0
615 NONE -32151;5669 0;0
616 NONE -32151;5669 0;0
617 NONE -32151;5669 0;0
618 NONE -32151;5669 0;0
619 NONE -32151;5669 0;0
620 NONE -32151;5669 0;0
621 NONE -32151;5669 0;0
622 NONE -32151;5669 0;0
623 NONE -32151;5669 0;0
624 NONE -32151;5669 0;0
625 NONE -32151;5669 0;0
626 NONE -32151;5669 0;0
627 NONE -32151;5669 0;0
628 NONE -32151;5669 0;0
629 NONE -32151;5669 0;0
630 NONE -32151;5669 0;0
631 NONE -32151;5669 0;0
632 NONE -32151;5669 0;0
633 NONE -32151;5669 0;0
634 NONE -32151;5669 0;0
635 NONE -32151;5669 0;0
636 NONE -32151;5669 0;0
637 NONE -32151;5669 0;0
638 NONE -32151;5669 0;0
639 NONE -32151;5669 0;0
640 NONE -32151;5669 0;0
641 NONE -32151;5669 0;0
642 NONE -32151;5669 0;0
643 NONE -2840;32469 0;0
644 NONE -2840;32469 0;0
645 NONE -2840;32469 0;0
646 NONE -2840;32469 0;0
647 NONE -2840;32469 0;0
648 KEY_B 20950;24967 0;0
649 KEY_B 20950;24967 0;0
650 KEY_B 20950;24967 0;0
651 KEY_B 20950;24967 0;0
652 KEY_B 20950;24967 0;0
653 KEY_B 20950;24967 0;0
654 KEY_B 20950;24967 0;0
655 NONE 20950;24967 0;0
656 NONE 20950;24967 0;0
657 NONE 20950;24967 0;0
658 NONE 20950;24967 0;0
659 NONE 20950;24967 0;0
660 NONE 20950;24967 0;0
661 NONE 20950;24967 0;0
662 NONE 20950;24967 0;0
663 NONE 20950;24967 0;0
664 NONE 20950;24967 0;0
665 NONE 20950;24967 0;0
666 NONE 20950;24967 0;0
667 NONE 20950;24967 0;0
668 NONE 20950;24967 0;0
669 NONE 20950;24967 0;0
670 NONE 20950;24967 0;0
671 NONE 20950;24967 0;0
672 NONE 20950;24967 0;0
673 NONE 20950;24967 0;0
674 NONE 20950;24967 0;0
675 NONE 0;0 0;0
676 NONE 0;0 0;0
677 NONE 0;0 0;0
678 NONE 0;0 0;0
679 NONE 0;0 0;0
680 NONE 0;0 0;0
681 NONE 0;0 0;0
682 NONE 0;0 0;0
683 NONE 0;0 0;0
684 NONE 0;0 0;0
685 NONE 0;0 0;0
686 NONE 0;0 0;0
687 NONE 0;0 0;0
688 NONE 0;0 0;0
689 NONE 0;0 0;0
690 NONE 0;0 0;0
691 NONE 0;0 0;0
692 NONE 0;0 0;0
693 NONE 0;0 0;0
694 NONE 0;0 0;0
695 NONE 0;0 0;0
696 NONE 0;0 0;0
697 NONE 0;0 0;0
698 NONE 0;0 0;0
699 NONE 0;0 0;0
700 NONE 0;0 0;0
701 NONE 0;0 0;0
702 NONE 0;0 0;0
703 NONE 0;0 0;0
704 NONE 0;0 0;0
705 NONE 0;0 0;0
706 NONE 0;0 0;0
707 NONE 0;0 0;0
708 NONE 0;0 0;0
709 NONE 0;0 0;0
710 NONE 0;0 0;0
711 NONE 0;0 0;0
712 NONE 0;0 0;0
713 NONE 0;0 0;0
714 NONE 0;0 0;0
715 NONE 0;0 0;0
716 NONE 0;0 0;0
717 NONE 0;0 0;0
718 NONE 0;0 0;0
719 NONE 0;0 0;0
720 NONE 0;0 0;0
721 NONE 0;0 0;0
722 NONE 0;0 0;0
723 NONE 0;0 0;0
724 NONE 0;0 0;0
725 NONE 0;0 0;0
726 NONE 0;0 0;0
727 NONE 0;0 0;0
728 NONE 0;0 0;0
729 NONE 0;0 0;0
730 NONE 0;0 0;0
731 NONE 0;0 0;0
732 NONE 0;0 0;0
733 NONE 0;0 0;0
734 NONE 0;0 0;0
735 NONE 0;0 0;0
736 NONE 0;0 0;0
737 NONE 0;0 0;0
738 NONE 0;0 0;0
739 NONE 0;0 0;0
740 NONE 0;0 0;0
741 NONE 0;0 0;0
742 NONE 0;0 0;0
743 NONE 0;0 0;0
744 NONE 0;0 0;0
745 NONE 0;0 0;0
746 NONE 0;0 0;0
747 NONE 0;0 0;0
748 NONE 0;0 0;0
749 NONE 0;0 0;0
750 NONE 0;0 0;0
751 NONE 0;0 0;0
752 NONE 0;0 0;0
753 NONE 0;0 0;0
754 NONE 0;0 0;0
755 NONE 0;0 0;0
756 NONE 0;0 0;0
757 NONE 0;0 0;0
758 NONE 0;0 0;0
759 NONE 0;0 0;0
760 NONE 0;0 0;0
761 NONE 0;0 0;0
762 NONE 0;0 0;0
763 NONE 0;0 0;0
764 NONE 0;0 0;0
765 NONE 0;0 0;0
766 NONE 0;0 0;0
767 NONE 0;0 0;0
768 NONE 0;0 0;0
769 NONE 0;0 0;0
770 NONE 0;0 0;0
771 NONE 0;0 0;0
772 NONE 0;0 0;0
773 NONE 0;0 0;0
774 NONE 0;0 0;0
775 NONE 0;0 0;0
776 NONE 0;0 0;0
777 NONE 0;0 0;0
778 NONE 0;0 0;0
779 NONE 0;0 0;0
780 NONE 0;0 0;0
781 NONE 0;0 0;0
782 NONE 0;0 0;0
783 NONE 0;0 0;0
784 NONE 0;0 0;0
785 NONE 0;0 0;0
786 NONE 0;0 0;0
787 NONE 0;0 0;0
788 NONE 0;0 0;0
789 NONE 0;0 0;0
790 NONE 0;0 0;0
791 NONE 0;0 0;0
792 NONE 0;0 0;0
793 NONE 0;0 0;0
794 NONE 0;0 0;0
795 NONE 0;0 0;0
796 NONE 0;0 0;0
797 NONE 0;0 0;0
798 NONE 0;0 0;0
799 NONE 0;0 0;0
800 NONE 0;0 0;0
801 NONE 0;0 0;0
802 NONE 0;0 0;0
803 NONE 0;0 0;0
804 NONE 0;0 0;0
805 NONE 0;0 0;0
806 KEY_Y 32000;0 0;0
807 KEY_Y 32000;0 0;0
808 KEY_Y 32000;0 0;0
809 KEY_Y 32000;0 0;0
810 KEY_Y 32000;0 0;0
811 KEY_Y 32000;0 0;0
812 KEY_Y 32000;0 0;0
813 KEY_Y 32000;0 0;0
814 KEY_Y 32000;0 0;0
815 KEY_Y 32000;0 0;0
816 KEY_Y 32000;0 0;0
817 KEY_Y 32000;0 0;0
818 KEY_Y 32000;0 0;0
819 KEY_Y 32000;0 0;0
820 KEY_Y 32000;0 0;0
821 KEY_Y 32000;0 0;0
822 KEY_Y 32000;0 0;0
823 KEY_Y 32000;0 0;0
824 KEY_Y 32000;0 0;0
825 KEY_Y 32000;0 0;0
826 KEY_Y 32000;0 0;0
827 KEY_Y 32000;0 0;0
828 KEY_Y 32000;0 0;0
829 KEY_Y 32000;0 0;0
830 KEY_Y 32000;0 0;0
831 KEY_Y 32000;0 0;0
832 KEY_Y 32000;0 0;0
833 KEY_Y 32000;0 0;0
834 KEY_Y 32000;0 0;0
835 KEY_Y 32000;0 0;0
836 KEY_Y 32000;0 0;0
837 KEY_Y 32000;0 0;0
838 KEY_Y 32000;0 0;0
839 KEY_Y 32000;0 0;0
840 KEY_Y 32000;0 0;0
841 KEY_Y 32000;0 0;0
842 KEY_Y 32000;0 0;0
843 KEY_Y 32000;0 0;0
844 KEY_Y 32000;0 0;0
845 KEY_Y 32000;0 0;0
846 KEY_Y 32000;0 0;0
847 KEY_Y 32000;0 0;0
848 KEY_Y 32000;0 0;0
849 KEY_Y 32000;0 0;0
850 KEY_Y 32000;0 0;0
851 KEY_Y 32000;0 0;0
852 KEY_Y 32000;0 0;0
853 KEY_Y 32000;0 0;0
854 KEY_Y 32000;0 0;0
855 KEY_Y 32000;0 0;0
856 KEY_B;KEY_Y 32000;0 0;0
857 KEY_B;KEY_Y 32000;0 0;0
858 KEY_B;KEY_Y 32000;0 0;0
859 KEY_B;KEY_Y 32000;0 0;0
860 KEY_Y 32000;0 0;0
861 KEY_Y 32000;0 0;0
862 KEY_Y 32000;0 0;0
863 KEY_Y 32000;0 0;0
864 KEY_Y 32000;0 0;0
865 KEY_Y 32000;0 0;0
866 KEY_Y 32000;0 0;0
867 KEY_Y 32000;0 0;0
868 KEY_Y 32000;0 0;0
869 KEY_Y 32000;0 0;0
870 KEY_Y 32000;0 0;0
871 KEY_Y 32000;0 0;0
872 KEY_Y 32000;0 0;0
873 KEY_Y 32000;0 0;0
874 KEY_Y 32000;0 0;0
875 KEY_Y 32000;0 0;0
876 KEY_Y 32000;0 0;0
877 KEY_Y 32000;0 0;0
878 KEY_Y 32000;0 0;0
879 KEY_Y 32000;0 0;0
880 KEY_Y 32000;0 0;0
881 KEY_Y 32000;0 0;0
882 KEY_Y 32000;0 0;0
883 KEY_Y 32000;0 0;0
884 KEY_Y 32000;0 0;0
885 KEY_Y 32000;0 0;0
886 KEY_Y 32000;0 0;0
887 KEY_Y 32000;0 0;0
888 KEY_Y 32000;0 0;0
889 KEY_Y 32000;0 0;0
890 KEY_Y 32000;0 0;0
891 KEY_Y 32000;0 0;0
892 KEY_Y 32000;0 0;0
893 KEY_Y 32000;0 0;0
894 KEY_Y 32000;0 0;0
895 KEY_Y 32000;0 0;0
896 KEY_Y 32000;0 0;0
897 NONE 0;0 0;0
898 NONE 0;0 0;0
899 NONE 0;0 0;0
900 NONE 0;0 0;0
901 NONE -32000;0 0;0
902 NONE -32000;0 0;0
903 NONE 0;0 0;0
904 NONE 0;0 0;0
905 NONE 0;0 0;0
906 NONE 0;0 0;0
907 NONE 0;0 0;0
908 NONE -32000;0 0;0
909 NONE -32000;0 0;0
910 NONE -32000;0 0;0
911 NONE -32000;0 0;0
912 NONE -32000;0 0;0
913 NONE -32000;0 0;0
914 KEY_B;KEY_Y -32000;0 0;0
915 KEY_Y -32000;0 0;0
916 KEY_Y -32000;0 0;0
917 KEY_Y -32000;0 0;0
918 KEY_Y -32000;0 0;0
919 KEY_Y -32000;0 0;0
920 KEY_Y -32000;0 0;0
921 KEY_Y -32000;0 0;0
922 KEY_Y -32000;0 0;0
923 KEY_Y -32000;0 0;0
924 KEY_Y -32000;0 0;0
925 KEY_Y -32000;0 0;0
926 KEY_Y -32000;0 0;0
927 KEY_Y -32000;0 0;0
928 KEY_Y -32000;0 0;0
929 NONE 32000;0 0;0
930 NONE 32000;0 0;0
931 NONE 32000;0 0;0
932 NONE 0;0 0;0
933 NONE 0;0 0;0
934 NONE 0;0 0;0
935 NONE 0;0 0;0
936 NONE 0;0 0;0
937 NONE 0;0 0;0
938 NONE 0;0 0;0
939 NONE 0;0 0;0
940 NONE 0;0 0;0
941 NONE 0;0 0;0
942 NONE 0;0 0;0
943 NONE 0;0 0;0
944 NONE 0;0 0;0
945 NONE 0;0 0;0
946 NONE 0;0 0;0
947 NONE 0;0 0;0
948 NONE 0;0 0;0
949 NONE 0;0 0;0
950 NONE 0;0 0;0
951 NONE 0;0 0;0
952 NONE 0;0 0;0
953 NONE 0;0 0;0
954 NONE 0;0 0;0
955 NONE 0;0 0;0
956 NONE 0;0 0;0
957 NONE 0;0 0;0
958 NONE 0;0 0;0
959 NONE 0;0 0;0
960 NONE 0;0 0;0
961 NONE 0;0 0;0
962 NONE 0;0 0;0
963 NONE 0;0 0;0
964 NONE 0;0 0;0
965 NONE 0;0 0;0
966 NONE 0;0 0;0
967 NONE 0;0 0;0
968 NONE 0;0 0;0
969 NONE 0;0 0;0
970 NONE 0;0 0;0
971 NONE 0;0 0;0
972 NONE 0;0 0;0
973 NONE 0;0 0;0
974 NONE 0;0 0;0
975 NONE 0;0 0;0
976 NONE 0;0 0;0
977 NONE 0;0 0;0
978 NONE 0;0 0;0
979 NONE 0;0 0;0
980 NONE 0;0 0;0
981 NONE 0;0 0;0
982 NONE 0;0 0;0
983 NONE 0;0 0;0
984 NONE 0;0 0;0
985 NONE 0;0 0;0
986 NONE 0;0 0;0
987 NONE 0;0 0;0
988 NONE 0;0 0;0
989 NONE 0;0 0;0
990 NONE 0;0 0;0
991 NONE 0;0 0;0
992 NONE 0;0 0;0
993 NONE 0;0 0;0
994 NONE 0;0 0;0
995 NONE 0;0 0;0
996 NONE 0;0 0;0
997 NONE 0;0 0;0
998 NONE 0;0 0;0
999 NONE 0;0 0;0
1000 NONE 0;0 0;0
1001 NONE 0;0 0;0
1002 NONE 0;0 0;0
1003 NONE 0;0 0;0
1004 NONE 0;0 0;0
1005 NONE 0;0 0;0
1006 NONE 0;0 0;0
1007 NONE 0;0 0;0
1008 NONE 0;0 0;0
1009 NONE 0;0 0;0
1010 NONE 0;0 0;0
1011 NONE 0;0 0;0
1012 NONE 0;0 0;0
1013 NONE 0;0 0;0
1014 NONE 0;0 0;0
1015 NONE 0;0 0;0
1016 NONE 0;0 0;0
1017 NONE 0;0 0;0
1018 NONE 0;0 0;0
1019 NONE 0;0 0;0
1020 NONE 0;0 0;0
1021 NONE 0;0 0;0
1022 NONE 0;0 0;0
1023 NONE 0;0 0;0
1024 NONE 0;0 0;0
1025 NONE 0;0 0;0
1026 NONE 0;0 0;0
1027 NONE 0;0 0;0
1028 NONE 0;0 0;0
1029 NONE 0;0 0;0
1030 NONE 0;0 0;0
1031 NONE 0;0 0;0
1032 NONE 0;0 0;0
1033 NONE 0;0 0;0
1034 NONE 0;0 0;0
1035 NONE 0;0 0;0
1036 NONE 0;0 0;0
1037 NONE 0;0 0;0
1038 NONE 0;0 0;0
1039 NONE 0;0 0;0
1040 NONE 0;0 0;0
1041 NONE 0;0 0;0
1042 NONE 0;0 0;0
1043 NONE 0;0 0;0
1044 NONE 0;0 0;0
1045 NONE 0;0 0;0
1046 NONE 0;0 0;0
1047 NONE 0;0 0;0
1048 NONE 0;0 0;0
1049 NONE 0;0 0;0
1050 NONE 0;0 0;0
1051 NONE 0;0 0;0
1052 NONE 0;0 0;0
1053 NONE 0;0 0;0
1054 NONE 0;0 0;0
1055 NONE 0;0 0;0
1056 NONE 0;0 0;0
1057 NONE 0;0 0;0
1058 NONE 0;0 0;0
1059 NONE 0;0 0;0
1060 NONE 0;0 0;0
1061 NONE 0;0 0;0
1062 NONE 0;0 0;0
1063 NONE 0;0 0;0
1064 NONE 0;0 0;0
1065 NONE 0;0 0;0
1066 NONE 0;0 0;0
1067 NONE 0;0 0;0
1068 NONE 0;0 0;0
1069 NONE 0;0 0;0
1070 NONE 0;0 0;0
1071 NONE 0;0 0;0
1072 NONE 0;0 0;0
1073 NONE 0;0 0;0
1074 NONE 0;0 0;0
1075 NONE 0;0 0;0
1076 NONE 0;0 0;0
1077 NONE 0;0 0;0
1078 NONE 0;0 0;0
1079 NONE 0;0 0;0
1080 NONE 0;0 0;0
1081 NONE 0;0 0;0
1082 NONE 0;0 0;0
1083 NONE 0;0 0;0
1084 NONE 0;0 0;0
1085 NONE 0;0 0;0
1086 NONE 0;0 0;0
1087 NONE 0;0 0;0
1088 NONE 0;0 0;0
1089 NONE 0;0 0;0
1090 NONE 0;0 0;0
1091 NONE 0;0 0;0
1092 NONE 0;0 0;0
1093 NONE 0;0 0;0
1094 NONE 0;0 0;0
1095 NONE 0;0 0;0
1096 NONE 0;0 0;0
1097 NONE 0;0 0;0
1098 NONE 0;0 0;0
1099 NONE 0;0 0;0
1100 NONE 0;0 0;0
1101 NONE 0;0 0;0
1102 NONE 0;0 0;0
1103 NONE 0;0 0;0
1104 NONE 0;0 0;0
1105 NONE 0;0 0;0
1106 NONE 0;0 0;0
1107 NONE 0;0 0;0
1108 NONE 0;0 0;0
1109 NONE 0;0 0;0
1110 NONE 0;0 0;0
1111 NONE 0;0 0;0
1112 NONE 0;0 0;0
1113 NONE 0;0 0;0
1114 NONE 0;0 0;0
1115 NONE 0;0 0;0
1116 NONE 0;0 0;0
1117 NONE 0;0 0;0
1118 NONE 0;0 0;0
1119 NONE 0;0 0;0
1120 NONE 0;0 0;0
1121 NONE 0;0 0;0
1122 NONE 0;0 0;0
1123 NONE 0;0 0;0
1124 NONE 0;0 0;0
1125 NONE 0;0 0;0
1126 NONE 0;0 0;0
1127 NONE 0;0 0;0
1128 NONE 0;0 0;0
1129 NONE 0;0 0;0
1130 NONE 0;0 0;0
1131 NONE 0;0 0;0
1132 NONE 0;0 0;0
1133 NONE 0;0 0;0
1134 NONE 0;0 0;0
1135 NONE 0;0 0;0
1136 NONE 0;0 0;0
1137 NONE 0;0 0;0
1138 NONE 0;0 0;0
1139 NONE 0;0 0;0
1140 NONE 0;0 0;0
1141 NONE 0;0 0;0
1142 NONE 0;0 0;0
1143 NONE 0;0 0;0
1144 NONE 0;0 0;0
1145 NONE 0;0 0;0
1146 NONE 0;0 0;0
1147 NONE 0;0 0;0
1148 NONE 0;0 0;0
1149 NONE 0;0 0;0
1150 NONE 0;0 0;0
1151 NONE 0;0 0;0
1152 NONE 0;0 0;0
1153 NONE 0;0 0;0
1154 NONE 0;0 0;0
1155 NONE 0;0 0;0
1156 NONE 0;0 0;0
1157 NONE 0;0 0;0
1158 NONE 0;0 0;0
1159 NONE 0;0 0;0
1160 NONE 0;0 0;0
1161 NONE 0;0 0;0
1162 NONE 0;0 0;0
1163 NONE 0;0 0;0
1164 NONE 0;0 0;0
1165 NONE 0;0 0;0
1166 NONE 0;0 0;0
1167 NONE 0;0 0;0
1168 NONE 0;0 0;0
1169 NONE 0;0 0;0
1170 NONE 0;0 0;0
1171 NONE 0;0 0;0
1172 NONE 0;0 0;0
1173 NONE 0;0 0;0
1174 NONE 0;0 0;0
1175 NONE 0;0 0;0
1176 NONE 0;0 0;0
1177 NONE 0;0 0;0
1178 NONE 0;0 0;0
1179 NONE 0;0 0;0
1180 NONE 0;0 0;0
1181 NONE 0;0 0;0
1182 NONE 0;0 0;0
1183 NONE 0;0 0;0
1184 NONE 0;0 0;0
1185 NONE 0;0 0;0
1186 NONE 0;0 0;0
1187 NONE 0;0 0;0
1188 NONE 0;0 0;0
1189 NONE 0;0 0;0
1190 NONE 0;0 0;0
1191 NONE 0;0 0;0
1192 NONE 0;0 0;0
1193 NONE 0;0 0;0
1194 NONE 0;0 0;0
1195 NONE 0;0 0;0
1196 NONE 0;0 0;0
1197 NONE 0;0 0;0
1198 NONE 0;0 0;0
1199 NONE 0;0 0;0
1200 NONE 0;0 0;0
1201 NONE 0;0 0;0
1202 NONE 0;0 0;0
1203 NONE 0;0 0;0
1204 NONE 0;0 0;0
1205 NONE 0;0 0;0
1206 NONE 0;0 0;0
1207 NONE 0;0 0;0
1208 NONE 0;0 0;0
1209 NONE 0;0 0;0
1210 NONE 0;0 0;0
1211 NONE 0;0 0;0
1212 NONE 0;0 0;0
1213 NONE 0;0 0;0
1214 NONE 0;0 0;0
1215 NONE 0;0 0;0
1216 NONE 0;0 0;0
1217 NONE 0;0 0;0
1218 NONE 0;0 0;0
1219 NONE 0;0 0;0
1220 NONE 0;0 0;0
1221 NONE 0;0 0;0
1222 NONE 0;0 0;0
1223 NONE 0;0 0;0
1224 NONE 0;0 0;0
1225 NONE 0;0 0;0
1226 NONE 0;0 0;0
1227 NONE 0;0 0;0
1228 NONE 0;0 0;0
1229 NONE 0;0 0;0
1230 NONE 0;0 0;0
1231 NONE 0;0 0;0
1232 NONE 0;0 0;0
1233 NONE 0;0 0;0
1234 NONE 0;0 0;0
1235 NONE 0;0 0;0
1236 NONE 0;0 0;0
1237 NONE 0;0 0;0
1238 NONE 0;0 0;0
1239 NONE 0;0 0;0
1240 NONE 0;0 0;0
1241 NONE 0;0 0;0
1242 NONE 0;0 0;0
1243 NONE 0;0 0;0
1244 NONE 0;0 0;0
1245 NONE 0;0 0;0
1246 NONE 0;0 0;0
1247 NONE 0;0 0;0
1248 NONE 0;0 0;0
1249 NONE 0;0 0;0
1250 NONE 0;0 0;0
1251 NONE 0;0 0;0
1252 NONE 0;0 0;0
1253 NONE 0;0 0;0
1254 NONE 0;0 0;0
1255 NONE 0;0 0;0
1256 NONE 0;0 0;0
1257 NONE 0;0 0;0
1258 NONE 0;0 0;0
1259 NONE 0;0 0;0
1260 NONE 0;0 0;0
1261 NONE 0;0 0;0
1262 NONE 0;0 0;0
1263 NONE 0;0 0;0
1264 NONE 0;0 0;0
1265 NONE 0;0 0;0
1266 NONE 0;0 0;0
1267 NONE 0;0 0;0
1268 NONE 0;0 0;0
1269 NONE 0;0 0;0
1270 NONE 0;0 0;0
1271 NONE 0;0 0;0
1272 KEY_Y 32000;0 0;0
1273 KEY_Y 32000;0 0;0
1274 KEY_Y 32000;0 0;0
1275 KEY_Y 32000;0 0;0
1276 KEY_Y 32000;0 0;0
1277 KEY_Y 32000;0 0;0
1278 KEY_Y 32000;0 0;0
1279 KEY_Y 32000;0 0;0
1280 KEY_Y 32000;0 0;0
1281 KEY_Y 32000;0 0;0
1282 KEY_Y 32000;0 0;0
1283 KEY_Y 32000;0 0;0
1284 KEY_Y 32000;0 0;0
1285 KEY_Y 32000;0 0;0
1286 KEY_Y 32000;0 0;0
1287 KEY_Y 32000;0 0;0
1288 KEY_Y 32000;0 0;0
1289 KEY_Y 32000;0 0;0
1290 KEY_Y 32000;0 0;0
1291 KEY_Y 32000;0 0;0
1292 KEY_Y 32000;0 0;0
1293 KEY_Y 32000;0 0;0
1294 KEY_Y 32000;0 0;0
1295 KEY_Y 32000;0 0;0
1296 KEY_Y 32000;0 0;0
1297 KEY_Y 32000;0 0;0
1298 KEY_Y 32000;0 0;0
1299 KEY_Y 32000;0 0;0
1300 KEY_Y 32000;0 0;0
1301 KEY_Y 32000;0 0;0
1302 KEY_Y 32000;0 0;0
1303 KEY_Y 32000;0 0;0
1304 KEY_Y 32000;0 0;0
1305 KEY_Y 32000;0 0;0
1306 KEY_Y 32000;0 0;0
1307 KEY_Y 32000;0 0;0
1308 KEY_Y 32000;0 0;0
1309 KEY_Y 32000;0 0;0
1310 KEY_Y 32000;0 0;0
1311 KEY_Y 32000;0 0;0
1312 KEY_Y 32000;0 0;0
1313 KEY_Y 32000;0 0;0
1314 KEY_Y 32000;0 0;0
1315 KEY_Y 32000;0 0;0
1316 KEY_Y 32000;0 0;0
1317 KEY_Y 32000;0 0;0
1318 KEY_Y 32000;0 0;0
1319 KEY_Y 32000;0 0;0
1320 KEY_Y 32000;0 0;0
1321 KEY_Y 32000;0 0;0
1322 KEY_Y 32000;0 0;0
1323 KEY_Y 32000;0 0;0
1324 KEY_Y 32000;0 0;0
1325 KEY_Y 32000;0 0;0
1326 KEY_Y 32000;0 0;0
1327 KEY_Y 32000;0 0;0
1328 KEY_Y 32000;0 0;0
1329 KEY_Y 32000;0 0;0
1330 KEY_Y 32000;0 0;0
1331 KEY_Y 32000;0 0;0
1332 KEY_Y 32000;0 0;0
1333 KEY_Y 32000;0 0;0
1334 KEY_Y 32000;0 0;0
1335 KEY_Y 32000;0 0;0
1336 KEY_Y 32000;0 0;0
1337 KEY_Y 32000;0 0;0
1338 KEY_Y 32000;0 0;0
1339 KEY_Y 32000;0 0;0
1340 KEY_Y 32000;0 0;0
1341 KEY_Y 32000;0 0;0
1342 KEY_Y 32000;0 0;0
1343 KEY_Y 32000;0 0;0
1344 KEY_Y 32000;0 0;0
1345 KEY_Y 32000;0 0;0
1346 KEY_Y 32000;0 0;0
1347 KEY_Y 32000;0 0;0
1348 KEY_Y 32000;0 0;0
1349 KEY_Y 32000;0 0;0
1350 KEY_Y 32000;0 0;0
1351 KEY_Y 32000;0 0;0
1352 KEY_Y 32000;0 0;0
1353 KEY_Y 32000;0 0;0
1354 KEY_Y 32000;0 0;0
1355 KEY_Y 32000;0 0;0
1356 KEY_Y 32000;0 0;0
1357 KEY_Y 32000;0 0;0
1358 KEY_Y 32000;0 0;0
1359 KEY_Y 32000;0 0;0
1360 KEY_Y 32000;0 0;0
1361 KEY_Y 32000;0 0;0
1362 KEY_Y 32000;0 0;0
1363 KEY_Y 32000;0 0;0
1364 KEY_Y 32000;0 0;0
1365 KEY_Y 32000;0 0;0
1366 KEY_Y 32000;0 0;0
1367 KEY_Y 32000;0 0;0
1368 KEY_Y 32000;0 0;0
1369 KEY_Y 32000;0 0;0
1370 KEY_Y 32000;0 0;0
1371 KEY_Y 32000;0 0;0
1372 KEY_Y 32000;0 0;0
1373 KEY_Y 32000;0 0;0
1374 KEY_Y 32000;0 0;0
1375 KEY_Y 32000;0 0;0
1376 KEY_Y 32000;0 0;0
1377 KEY_Y 32000;0 0;0
1378 KEY_Y 32000;0 0;0
1379 KEY_Y 32000;0 0;0
1380 KEY_Y 32000;0 0;0
1381 KEY_Y 32000;0 0;0
1382 KEY_Y 32000;0 0;0
1383 KEY_Y 32000;0 0;0
1384 KEY_Y 32000;0 0;0
1385 KEY_Y 32000;0 0;0
1386 KEY_Y 32000;0 0;0
1387 KEY_Y 32000;0 0;0
1388 KEY_Y 32000;0 0;0
1389 KEY_Y 32000;0 0;0
1390 KEY_Y 32000;0 0;0
1391 KEY_Y 32000;0 0;0
1392 KEY_Y 32000;0 0;0
1393 KEY_Y 32000;0 0;0
1394 KEY_Y 32000;0 0;0
1395 KEY_Y 32000;0 0;0
1396 KEY_Y 32000;0 0;0
1397 KEY_Y 32000;0 0;0
1398 KEY_B;KEY_Y 32000;0 0;0
1399 KEY_Y 32000;0 0;0
1400 KEY_Y 32000;0 0;0
1401 KEY_Y 32000;0 0;0
1402 KEY_Y 32000;0 0;0
1403 KEY_Y 32000;0 0;0
1404 KEY_Y 32000;0 0;0
1405 KEY_Y 32000;0 0;0
1406 KEY_Y 32000;0 0;0
1407 KEY_Y 32000;0 0;0
1408 KEY_Y 32000;0 0;0
1409 KEY_Y 32000;0 0;0
1410 KEY_Y 32000;0 0;0
1411 KEY_Y 32000;0 0;0
1412 KEY_Y 32000;0 0;0
1413 KEY_Y 32000;0 0;0
1414 KEY_Y 32000;0 0;0
1415 KEY_Y 32000;0 0;0
1416 KEY_Y 32000;0 0;0
1417 KEY_Y 32000;0 0;0
1418 KEY_Y 32000;0 0;0
1419 KEY_Y 32000;0 0;0
1420 KEY_Y 32000;0 0;0
1421 KEY_ZL 0;0 0;0
1422 NONE 0;0 0;0
1423 NONE 0;0 0;0
1424 NONE 0;0 0;0
1425 NONE 0;0 0;0
1426 NONE 0;0 0;0
1427 NONE 0;0 0;0
1428 NONE 0;0 0;0
1429 NONE 0;0 0;0
1430 NONE 0;0 0;0
1431 NONE 0;0 0;0
1432 NONE 0;0 0;0
1433 NONE 0;0 0;0
1434 NONE 0;0 0;0
1435 NONE 0;0 0;0
1436 NONE 0;0 0;0
1437 NONE 0;0 0;0
1438 NONE 0;0 0;0
1439 NONE 0;0 0;0
1440 NONE 0;0 0;0
1441 NONE 0;0 0;0
1442 NONE 0;0 0;0
1443 NONE 0;0 0;0
1444 NONE 0;0 0;0
1445 NONE 0;0 0;0
1446 NONE 0;0 0;0
1447 NONE 0;0 0;0
1448 NONE 0;0 0;0
1449 NONE 0;0 0;0
1450 NONE 0;0 0;0
1451 NONE 0;0 0;0
1452 NONE 0;0 0;0
1453 NONE 0;0 0;0
1454 NONE 0;0 0;0
1455 NONE 0;0 0;0
1456 NONE 0;0 0;0
1457 NONE 0;0 0;0
1458 NONE 0;0 0;0
1459 NONE 0;0 0;0
1460 NONE 0;0 0;0
1461 NONE 0;0 0;0
1462 NONE 0;0 0;0
1463 NONE 0;0 0;0
1464 NONE 0;0 0;0
1465 NONE 0;0 0;0
1466 NONE 0;0 0;0
1467 NONE 0;0 0;0
1468 NONE 0;0 0;0
1469 NONE 0;0 0;0
1470 NONE 0;0 0;0
1471 NONE 0;0 0;0
1472 NONE 0;0 0;0
1473 NONE 0;0 0;0
1474 NONE 0;0 0;0
1475 NONE 0;0 0;0
1476 NONE 0;0 0;0
1477 NONE 0;0 0;0
1478 NONE 0;0 0;0
1479 NONE 0;0 0;0
1480 NONE 0;0 0;0
1481 NONE 0;0 0;0
1482 NONE 0;0 0;0
1483 NONE 0;0 0;0
1484 NONE 0;0 0;0
1485 NONE 0;0 0;0
1486 NONE 0;0 0;0
1487 NONE 0;0 0;0
1488 NONE 0;0 0;0
1489 NONE 0;0 0;0
1490 NONE 0;0 0;0
1491 NONE 0;0 0;0
1492 NONE 0;0 0;0
1493 NONE 0;0 0;0
1494 NONE 0;0 0;0
1495 NONE 0;0 0;0
1496 NONE 0;0 0;0
1497 NONE 0;0 0;0
1498 NONE 0;0 0;0
1499 NONE 0;0 0;0
1500 NONE 0;0 0;0
1501 NONE 0;0 0;0
1502 NONE 0;0 0;0
1503 NONE 0;0 0;0
1504 NONE 0;0 0;0
1505 NONE 0;0 0;0
1506 NONE 0;0 0;0
1507 NONE 0;0 0;0
1508 NONE 0;0 0;0
1509 NONE 0;0 0;0
1510 NONE 0;0 0;0
1511 NONE 0;0 0;0
1512 NONE 0;0 0;0
1513 NONE 0;0 0;0
1514 NONE 0;0 0;0
1515 NONE 0;0 0;0
1516 NONE 0;0 0;0
1517 NONE 0;0 0;0
1518 NONE 0;0 0;0
1519 NONE 0;0 0;0
1520 NONE 0;0 0;0
1521 NONE 0;0 0;0
1522 NONE 0;0 0;0
1523 NONE 0;0 0;0
1524 NONE 0;0 0;0
1525 NONE 0;0 0;0
1526 NONE 0;0 0;0
1527 NONE 0;0 0;0
1528 NONE 0;0 0;0
1529 NONE 0;0 0;0
1530 NONE 0;0 0;0
1531 NONE 0;0 0;0
1532 NONE 0;0 0;0
1533 NONE 0;0 0;0
1534 NONE 0;0 0;0
1535 NONE 0;0 0;0
1536 NONE 0;0 0;0
1537 NONE 0;0 0;0
1538 NONE 0;0 0;0
1539 NONE 0;0 0;0
1540 NONE 0;0 0;0
1541 NONE 0;0 0;0
1542 NONE 0;0 0;0
1543 NONE 0;0 0;0
1544 NONE 0;0 0;0
1545 NONE 0;0 0;0
1546 NONE 0;0 0;0
1547 NONE 0;0 0;0
1548 NONE 0;0 0;0
1549 NONE 0;0 0;0
1550 NONE 0;0 0;0
1551 NONE 0;0 0;0
1552 NONE 0;0 0;0
1553 NONE 0;0 0;0
1554 NONE 0;0 0;0
1555 NONE 0;0 0;0
1556 NONE 0;0 0;0
1557 NONE 0;0 0;0
1558 NONE 0;0 0;0
1559 NONE 0;0 0;0
1560 NONE 0;32000 0;0
1561 NONE 28377;-16383 0;0
1562 NONE -28377;-16383 0;0
1563 NONE 0;32000 0;0
1564 NONE 28377;-16383 0;0
1565 NONE -28377;-16383 0;0
1566 NONE 0;32000 0;0
1567 NONE 28377;-16383 0;0
1568 NONE -28377;-16383 0;0
1569 NONE 0;32000 0;0
1570 NONE 28377;-16383 0;0
1571 NONE -28377;-16383 0;0
1572 NONE 0;32000 0;0
1573 NONE 28377;-16383 0;0
1574 NONE -28377;-16383 0;0
1575 NONE 0;32000 0;0
1576 NONE 28377;-16383 0;0
1577 NONE -28377;-16383 0;0
1578 NONE 0;32000 0;0
1579 NONE 28377;-16383 0;0
1580 NONE -28377;-16383 0;0
1581 NONE 0;32000 0;0
1582 NONE 28377;-16383 0;0
1583 NONE -28377;-16383 0;0
1584 NONE 0;32000 0;0
1585 NONE 28377;-16383 0;0
1586 NONE -28377;-16383 0;0
1587 NONE 0;32000 0;0
1588 NONE 28377;-16383 0;0
1589 NONE -28377;-16383 0;0
1590 NONE 0;32000 0;0
1591 NONE 28377;-16383 0;0
1592 NONE -28377;-16383 0;0
1593 KEY_B -20610;-25451 0;0
1594 KEY_ZL -20610;-25451 0;0
1595 KEY_ZL -20610;-25451 0;0
1596 KEY_ZL -20610;-25451 0;0
1597 KEY_ZL -20610;-25451 0;0
1598 KEY_ZL -20610;-25451 0;0
1599 KEY_ZL -20610;-25451 0;0
1600 KEY_ZL -20610;-25451 0;0
1601 KEY_ZL;KEY_Y -20610;-25451 0;0
1602 KEY_ZL 0;0 0;0
1603 KEY_ZL 0;0 0;0
1604 KEY_ZL 0;0 0;0
1605 KEY_ZL 0;0 0;0
1606 KEY_ZL 0;0 0;0
1607 KEY_ZL 0;0 0;0
1608 KEY_ZL 0;0 0;0
1609 KEY_ZL 0;0 0;0
1610 KEY_ZL 0;0 0;0
1611 KEY_ZL 0;0 0;0
1612 KEY_ZL 0;0 0;0
1613 KEY_ZL 0;0 0;0
1614 KEY_ZL 0;0 0;0
1615 KEY_ZL 0;0 0;0
1616 KEY_ZL 0;0 0;0
1617 KEY_ZL 0;0 0;0
1618 KEY_ZL 0;0 0;0
1619 KEY_ZL 0;0 0;0
1620 KEY_ZL 0;0 0;0
1621 KEY_ZL 0;0 0;0
1622 KEY_ZL 0;0 0;0
1623 KEY_ZL 0;0 0;0
1624 KEY_ZL 0;0 0;0
1625 KEY_ZL 0;0 0;0
1626 KEY_ZL 0;0 0;0
1627 KEY_ZL 23169;-23169 0;0
1628 KEY_ZL 23169;-23169 0;0
1629 KEY_ZL 23169;-23169 0;0
1630 KEY_ZL 23169;-23169 0;0
1631 KEY_ZL 23169;-23169 0;0
1632 KEY_ZL 23169;-23169 0;0
1633 KEY_ZL;KEY_LSTICK 23169;-23169 0;0
1634 KEY_ZL 23169;-23169 0;0
1635 KEY_ZL 23169;-23169 0;0
1636 KEY_ZL 23169;-23169 0;0
1637 KEY_ZL 23169;-23169 0;0
1638 KEY_ZL 23169;-23169 0;0
1639 KEY_ZL 23169;-23169 0;0
1640 KEY_ZL 23169;-23169 0;0
1641 KEY_ZL 23169;-23169 0;0
1642 KEY_ZL 23169;-23169 0;0
1643 KEY_ZL 23169;-23169 0;0
1644 KEY_ZL 23169;-23169 0;0
1645 KEY_ZL 23169;-23169 0;0
1646 KEY_ZL 23169;-23169 0;0
1647 KEY_ZL 23169;-23169 0;0
1648 KEY_ZL 23169;-23169 0;0
1649 KEY_ZL 23169;-23169 0;0
1650 KEY_ZL 23169;-23169 0;0
1651 KEY_ZL 23169;-23169 0;0
1652 KEY_ZL 23169;-23169 0;0
1653 KEY_ZL 23169;-23169 0;0
1654 KEY_ZL 23169;-23169 0;0
1655 KEY_ZL 23169;-23169 0;0
1656 KEY_ZL 23169;-23169 0;0
1657 KEY_ZL 23169;-23169 0;0
1658 KEY_ZL 23169;-23169 0;0
