0 NONE 23169;23169 0;0
1 NONE 23169;23169 0;0
2 NONE 23169;23169 0;0
3 NONE 23169;23169 0;0
4 NONE 23169;23169 0;0
5 NONE 23169;23169 0;0
6 NONE 23169;23169 0;0
7 NONE 23169;23169 0;0
8 KEY_ZL 23169;23169 0;0
9 KEY_ZL 23169;23169 0;0
10 KEY_ZL 23169;23169 0;0
11 KEY_Y;KEY_ZL 23169;23169 0;0
12 KEY_ZL 23169;23169 0;0
13 KEY_ZL 23169;23169 0;0
14 KEY_ZL 23169;23169 0;0
15 KEY_ZL 23169;23169 0;0
16 KEY_ZL 23169;23169 0;0
17 KEY_ZL 23169;23169 0;0
150 NONE 0;32767 0;0
151 NONE -28377;-16383 0;0
152 NONE 28375;-16382 0;0
153 NONE 0;32767 0;0
154 NONE -28377;-16383 0;0
155 NONE 27788;-17363 0;0
156 NONE 0;32767 0;0
157 NONE -28377;-16383 0;0
158 NONE 27788;-17363 0;0
159 NONE 0;32767 0;0
160 NONE -28377;-16383 0;0
161 NONE 27788;-17363 0;0
162 NONE 0;32767 0;0
163 NONE -28377;-16383 0;0
164 NONE 27788;-17363 0;0
165 NONE 0;32767 0;0
166 NONE -28377;-16383 0;0
167 NONE 27788;-17363 0;0
168 NONE 0;32767 0;0
169 NONE -28377;-16383 0;0
170 NONE 27788;-17363 0;0
171 NONE 0;32767 0;0
172 NONE -28377;-16383 0;0
173 NONE 27788;-17363 0;0
174 NONE 0;32767 0;0
175 NONE -28377;-16383 0;0
176 NONE 27788;-17363 0;0
177 NONE 0;32767 0;0
178 NONE -28377;-16383 0;0
179 NONE 27788;-17363 0;0
180 NONE 0;32767 0;0
181 NONE -28377;-16383 0;0
182 NONE 27788;-17363 0;0
183 NONE 0;32767 0;0
184 NONE -28377;-16383 0;0
185 NONE 27788;-17363 0;0
186 NONE 0;32767 0;0
187 NONE -28377;-16383 0;0
188 NONE 27788;-17363 0;0
189 NONE 0;32767 0;0
190 NONE -28377;-16383 0;0
191 NONE 27788;-17363 0;0
192 NONE 0;32767 0;0
193 NONE -28377;-16383 0;0
194 NONE 27788;-17363 0;0
195 NONE 0;32767 0;0
196 NONE -28377;-16383 0;0
197 NONE 27788;-17363 0;0
198 NONE 0;32767 0;0
199 NONE -28377;-16383 0;0
200 NONE 28377;-16383 0;0
201 NONE 0;32765 0;0
202 NONE 27788;-17363 0;0
203 NONE -12274;30379 0;0
204 KEY_B -12274;30379 0;0
205 KEY_ZL -12274;30379 0;0
206 KEY_ZL -12274;30379 0;0
207 KEY_X;KEY_ZL -12274;30379 0;0
208 KEY_Y;KEY_ZL -12274;30379 0;0
209 KEY_X;KEY_ZL -12274;30379 0;0
210 KEY_Y;KEY_ZL -12274;30379 0;0
211 KEY_X;KEY_ZL -12274;30379 0;0
212 KEY_Y;KEY_ZL -12274;30379 0;0
213 KEY_ZL -12274;30379 0;0
214 NONE -12274;30379 0;0
215 NONE -12274;30379 0;0
216 NONE -12274;30379 0;0
217 NONE -12274;30379 0;0
218 NONE -12274;30379 0;0
219 NONE -12274;30379 0;0
220 NONE -12274;30379 0;0
221 NONE -12274;30379 0;0
222 NONE -12274;30379 0;0
223 NONE -12274;30379 0;0
224 NONE -12274;30379 0;0
225 NONE -12274;30379 0;0
226 NONE -12274;30379 0;0
227 NONE -12274;30379 0;0
228 NONE -12274;30379 0;0
229 NONE -12274;30379 0;0
230 NONE -12274;30379 0;0
231 NONE -12274;30379 0;0
232 NONE -12274;30379 0;0
233 NONE -12274;30379 0;0
234 NONE -12274;30379 0;0
235 NONE -12274;30379 0;0
236 NONE -12274;30379 0;0
237 NONE -12274;30379 0;0
238 NONE -12274;30379 0;0
239 NONE -12274;30379 0;0
240 NONE -12274;30379 0;0
241 NONE -12274;30379 0;0
242 NONE -12274;30379 0;0
243 NONE -12274;30379 0;0
244 NONE -12274;30379 0;0
245 NONE -12274;30379 0;0
246 NONE -12274;30379 0;0
247 NONE -12274;30379 0;0
248 NONE -12274;30379 0;0
249 NONE -12274;30379 0;0
250 NONE -12274;30379 0;0
251 NONE -12274;30379 0;0
252 NONE -12274;30379 0;0
253 NONE -12274;30379 0;0
254 NONE -12274;30379 0;0
255 KEY_B -12274;30379 0;0
256 NONE -12274;30379 0;0
257 NONE -12274;30379 0;0
258 NONE -12274;30379 0;0
259 NONE -12274;30379 0;0
260 NONE -12274;30379 0;0
261 NONE -12274;30379 0;0
262 NONE -12274;30379 0;0
263 NONE -11205;30788 0;0
264 NONE -11205;30788 0;0
265 NONE -11205;30788 0;0
266 NONE -11205;30788 0;0
267 NONE -11205;30788 0;0
268 NONE -11205;30788 0;0
269 NONE -11205;30788 0;0
270 NONE -11205;30788 0;0
271 NONE -11205;30788 0;0
272 NONE -11205;30788 0;0
273 NONE -11205;30788 0;0
274 NONE -11205;30788 0;0
275 NONE -11205;30788 0;0
276 NONE -11205;30788 0;0
277 NONE -11205;30788 0;0
278 NONE -11205;30788 0;0
279 NONE -9030;31493 0;0
280 NONE -9030;31493 0;0
281 NONE -9030;31493 0;0
282 NONE -9030;31493 0;0
283 KEY_B -9030;31493 0;0
284 NONE -9030;31493 0;0
285 NONE -9030;31493 0;0
286 NONE -9030;31493 0;0
287 NONE -9030;31493 0;0
288 NONE -9030;31493 0;0
289 NONE -9030;31493 0;0
290 NONE -9030;31493 0;0
291 NONE -9030;31493 0;0
292 NONE -9030;31493 0;0
293 NONE -9030;31493 0;0
294 NONE -9030;31493 0;0
295 NONE -9030;31493 0;0
296 NONE -9030;31493 0;0
297 NONE -9030;31493 0;0
298 NONE -9030;31493 0;0
299 NONE -9030;31493 0;0
300 NONE -8479;31645 0;0
301 NONE -8479;31645 0;0
302 NONE -8479;31645 0;0
303 NONE -8479;31645 0;0
304 NONE -8479;31645 0;0
305 NONE -8479;31645 0;0
306 NONE -8479;31645 0;0
307 NONE -8479;31645 0;0
308 NONE -8479;31645 0;0
309 NONE -8479;31645 0;0
310 NONE -8479;31645 0;0
311 NONE -8479;31645 0;0
312 KEY_B -8479;31645 0;0
313 KEY_B 32355;5124 0;0
314 KEY_B 32355;5124 0;0
315 KEY_B 32355;5124 0;0
316 KEY_B 32355;5124 0;0
317 KEY_B 32355;5124 0;0
318 KEY_B 32355;5124 0;0
319 KEY_B 32355;5124 0;0
320 KEY_B 32355;5124 0;0
321 KEY_B 32355;5124 0;0
322 NONE 32355;5124 0;0
323 NONE 32355;5124 0;0
324 NONE 32355;5124 0;0
325 NONE 32355;5124 0;0
326 NONE 32355;5124 0;0
327 NONE 32355;5124 0;0
328 NONE 32355;5124 0;0
329 NONE 32355;5124 0;0
330 NONE 32355;5124 0;0
331 NONE 32355;5124 0;0
332 NONE 32355;5124 0;0
333 NONE 32355;5124 0;0
334 NONE 32355;5124 0;0
335 NONE 32355;5124 0;0
336 NONE 32355;5124 0;0
337 NONE 32355;5124 0;0
338 NONE 32355;5124 0;0
339 NONE 32355;5124 0;0
340 NONE 32355;5124 0;0
341 NONE 32355;5124 0;0
342 NONE 32355;5124 0;0
343 NONE 32355;5124 0;0
344 NONE 32355;5124 0;0
345 NONE 32355;5124 0;0
346 NONE 32355;5124 0;0
347 NONE 32355;5124 0;0
348 NONE 32355;5124 0;0
349 NONE 32355;5124 0;0
350 NONE 32355;5124 0;0
351 NONE 32355;5124 0;0
352 NONE 32355;5124 0;0
353 NONE 32355;5124 0;0
354 NONE 32355;5124 0;0
355 KEY_L 32355;5124 0;0
356 NONE 10668;30981 0;0
357 NONE 10668;30981 0;0
358 NONE 10668;30981 0;0
359 NONE 10668;30981 0;0
360 NONE 10668;30981 0;0
361 NONE 10668;30981 0;0
362 NONE 10668;30981 0;0
363 NONE 10668;30981 0;0
364 NONE 10668;30981 0;0
365 NONE 10668;30981 0;0
366 NONE 10668;30981 0;0
367 NONE 10668;30981 0;0
368 NONE 10668;30981 0;0
369 NONE 10668;30981 0;0
370 NONE 10668;30981 0;0
371 NONE 10668;30981 0;0
372 NONE 10668;30981 0;0
373 NONE 10668;30981 0;0
374 KEY_ZL 10668;30981 0;0
375 KEY_Y 10668;30981 0;0
376 KEY_Y 10668;30981 0;0
377 KEY_Y 10668;30981 0;0
378 KEY_Y 10668;30981 0;0
379 KEY_Y 10668;30981 0;0
380 KEY_Y 10668;30981 0;0
381 KEY_Y 10668;30981 0;0
382 KEY_Y 10668;30981 0;0
383 KEY_Y 10668;30981 0;0
384 KEY_Y 10668;30981 0;0
385 KEY_Y 10668;30981 0;0
386 KEY_Y 10668;30981 0;0
387 KEY_Y 10668;30981 0;0
388 KEY_Y 10668;30981 0;0
389 KEY_Y 10668;30981 0;0
390 KEY_Y 10668;30981 0;0
391 KEY_Y 10668;30981 0;0
392 KEY_Y 10668;30981 0;0
393 KEY_Y 10668;30981 0;0
394 KEY_Y 10668;30981 0;0
395 KEY_Y 10668;30981 0;0
396 KEY_Y 10668;30981 0;0
397 KEY_Y 10668;30981 0;0
398 KEY_Y 10668;30981 0;0
399 KEY_Y 10668;30981 0;0
400 KEY_Y 10668;30981 0;0
401 KEY_Y 10668;30981 0;0
402 KEY_Y 10668;30981 0;0
403 KEY_Y 10668;30981 0;0
404 KEY_Y 10668;30981 0;0
405 KEY_Y 10668;30981 0;0
406 NONE 10668;30981 0;0
407 NONE 10668;30981 0;0
408 NONE 10668;30981 0;0
409 NONE 10668;30981 0;0
410 NONE 10668;30981 0;0
411 NONE 10668;30981 0;0
412 NONE 10668;30981 0;0
413 NONE 10668;30981 0;0
414 NONE 10668;30981 0;0
415 NONE 10668;30981 0;0
416 NONE 10668;30981 0;0
417 NONE 10668;30981 0;0
418 NONE 10668;30981 0;0
419 NONE 10668;30981 0;0
420 NONE 10668;30981 0;0
421 NONE 10668;30981 0;0
422 NONE 10668;30981 0;0
423 NONE 10668;30981 0;0
424 NONE 10668;30981 0;0
425 NONE 10668;30981 0;0
426 NONE 10668;30981 0;0
427 NONE 10668;30981 0;0
428 NONE 10668;30981 0;0
429 KEY_ZL 10668;30981 0;0
430 KEY_Y 32767;0 0;0
431 NONE 32767;0 0;0
432 NONE 23167;23167 0;0
433 NONE 0;32767 0;0
434 NONE -23169;23169 0;0
435 NONE -32767;0 0;0
436 NONE 32767;0 0;0
437 NONE 23167;23167 0;0
438 NONE 0;32767 0;0
439 NONE -23169;23169 0;0
440 NONE -32767;0 0;0
441 NONE 32767;0 0;0
442 NONE 23167;23167 0;0
443 NONE 0;32767 0;0
444 NONE -23169;23169 0;0
445 NONE -32767;0 0;0
446 NONE 32767;0 0;0
447 NONE 23167;23167 0;0
448 NONE 0;32767 0;0
449 NONE -23169;23169 0;0
450 NONE -32767;0 0;0
451 NONE 32767;0 0;0
452 NONE 23167;23167 0;0
453 NONE 6250;32157 0;0
454 KEY_B 6250;32157 0;0
455 KEY_ZL 6250;32157 0;0
456 KEY_ZL 6250;32157 0;0
457 KEY_ZL 6250;32157 0;0
458 KEY_B 6250;32157 0;0
459 NONE 6250;32157 0;0
460 NONE 6250;32157 0;0
461 NONE 6250;32157 0;0
462 NONE 6250;32157 0;0
463 NONE 6250;32157 0;0
464 NONE 6250;32157 0;0
465 NONE 6250;32157 0;0
466 NONE 6250;32157 0;0
467 NONE 6250;32157 0;0
468 NONE 6250;32157 0;0
469 NONE 6250;32157 0;0
470 NONE 6250;32157 0;0
471 NONE 6250;32157 0;0
472 NONE 6250;32157 0;0
473 NONE 6250;32157 0;0
474 NONE 6250;32157 0;0
475 NONE 6250;32157 0;0
476 NONE 6250;32157 0;0
477 NONE 6250;32157 0;0
478 NONE 6250;32157 0;0
479 NONE 6250;32157 0;0
480 NONE 6250;32157 0;0
481 NONE 6250;32157 0;0
482 NONE 6250;32157 0;0
483 NONE 6250;32157 0;0
484 NONE 6250;32157 0;0
485 NONE 6250;32157 0;0
486 NONE 6250;32157 0;0
487 NONE 6250;32157 0;0
488 KEY_L 6250;32157 0;0
489 NONE 6250;32157 0;0
490 NONE 6250;32157 0;0
491 NONE 6250;32157 0;0
492 NONE 6250;32157 0;0
493 NONE 6250;32157 0;0
494 NONE 6250;32157 0;0
495 NONE 6250;32157 0;0
496 NONE 6250;32157 0;0
497 NONE 6250;32157 0;0
498 NONE 6250;32157 0;0
499 KEY_ZL 6250;32157 0;0
500 KEY_Y 6250;32157 0;0
501 KEY_Y 6250;32157 0;0
502 KEY_Y 6250;32157 0;0
503 KEY_Y 6250;32157 0;0
504 KEY_Y 6250;32157 0;0
505 KEY_Y 6250;32157 0;0
506 KEY_Y 6250;32157 0;0
507 KEY_Y 6250;32157 0;0
508 KEY_Y 6250;32157 0;0
509 KEY_Y 6250;32157 0;0
510 KEY_Y 6250;32157 0;0
511 KEY_Y 6250;32157 0;0
512 KEY_Y 6250;32157 0;0
513 KEY_Y 6250;32157 0;0
514 KEY_Y 6250;32157 0;0
515 KEY_Y 6250;32157 0;0
516 KEY_Y 6250;32157 0;0
517 KEY_Y 6250;32157 0;0
518 KEY_Y 6250;32157 0;0
519 KEY_Y 6250;32157 0;0
520 KEY_Y 6250;32157 0;0
521 KEY_Y 6250;32157 0;0
522 KEY_Y 6250;32157 0;0
523 KEY_Y 6250;32157 0;0
524 KEY_Y 6250;32157 0;0
525 KEY_Y 6250;32157 0;0
526 KEY_Y 6250;32157 0;0
527 KEY_Y 6250;32157 0;0
528 KEY_Y 6250;32157 0;0
529 KEY_Y 6250;32157 0;0
530 NONE 6250;32157 0;0
531 NONE 6250;32157 0;0
532 NONE 6250;32157 0;0
533 NONE 6250;32157 0;0
534 NONE 6250;32157 0;0
535 NONE 6250;32157 0;0
536 NONE 6250;32157 0;0
537 NONE 6250;32157 0;0
538 NONE 6250;32157 0;0
539 NONE 6250;32157 0;0
540 NONE 6250;32157 0;0
541 NONE 6250;32157 0;0
542 NONE 6250;32157 0;0
543 NONE 6250;32157 0;0
544 NONE 6250;32157 0;0
545 KEY_B 0;0 0;0
569 KEY_Y -6812;-32049 0;0
570 NONE -6812;-32049 0;0
571 NONE -6812;-32049 0;0
572 NONE -6812;-32049 0;0
573 NONE -6812;-32049 0;0
574 NONE -2854;32642 0;0
575 NONE -2854;32642 0;0
576 NONE -2854;32642 0;0
577 NONE -2854;32642 0;0
578 NONE -2854;32642 0;0
579 NONE -2854;32642 0;0
580 NONE -2854;32642 0;0
581 NONE -2854;32642 0;0
582 NONE -2854;32642 0;0
583 NONE -2854;32642 0;0
584 NONE -2854;32642 0;0
585 NONE -2854;32642 0;0
586 NONE -2854;32642 0;0
587 NONE -2854;32642 0;0
588 NONE -2854;32642 0;0
589 KEY_ZL -2854;32642 0;0
590 KEY_Y -2854;32642 0;0
591 NONE -2854;32642 0;0
