1 NONE 0;32767 0;0
2 NONE -28377;-16383 0;0
3 NONE 28377;-16383 0;0
4 NONE 0;32767 0;0
5 NONE -28377;-16383 0;0
6 NONE 28377;-16383 0;0
7 NONE 0;32767 0;0
8 NONE -28377;-16383 0;0
9 NONE 28377;-16383 0;0
10 NONE 0;32767 0;0
11 NONE -28377;-16383 0;0
12 NONE 28377;-16383 0;0
13 NONE 0;32767 0;0
14 NONE -28377;-16383 0;0
15 NONE 28377;-16383 0;0
16 NONE 0;32767 0;0
17 NONE -28377;-16383 0;0
18 NONE 28377;-16383 0;0
19 NONE 0;32767 0;0
20 NONE -28377;-16383 0;0
21 NONE 28377;-16383 0;0
22 NONE 0;32767 0;0
23 NONE -28377;-16383 0;0
24 NONE 28377;-16383 0;0
25 NONE 0;32767 0;0
26 NONE -28377;-16383 0;0
27 NONE 28377;-16383 0;0
28 NONE 0;32767 0;0
29 NONE -28377;-16383 0;0
30 NONE 28377;-16383 0;0
31 NONE 0;32767 0;0
32 NONE -28377;-16383 0;0
33 NONE 28377;-16383 0;0
34 NONE -17846;27480 0;0
35 NONE -17846;27480 0;0
36 NONE -17846;27480 0;0
37 NONE -17846;27480 0;0
38 NONE -17846;27480 0;0
39 NONE -17846;27480 0;0
40 NONE -17846;27480 0;0
41 NONE -17846;27480 0;0
42 NONE -17846;27480 0;0
43 NONE -17846;27480 0;0
44 KEY_A -17846;27480 0;0
45 KEY_ZL -17846;27480 0;0
46 KEY_ZL -17846;27480 0;0
47 KEY_ZL -17846;27480 0;0
48 KEY_ZL -17846;27480 0;0
49 KEY_ZL -17846;27480 0;0
50 KEY_ZL 0;0 0;0
51 KEY_ZL 0;0 0;0
52 KEY_ZL;KEY_X 0;0 0;0
53 KEY_ZL;KEY_R 0;0 0;0
54 KEY_ZL;KEY_R 0;0 0;0
55 KEY_ZL;KEY_R 0;0 0;0
56 KEY_ZL;KEY_R 0;0 0;0
57 KEY_ZL;KEY_R 0;0 0;0
58 KEY_ZL;KEY_R 0;0 0;0
59 KEY_ZL;KEY_R 0;0 0;0
60 KEY_ZL;KEY_R 0;0 0;0
61 KEY_ZL;KEY_R 0;0 0;0
62 KEY_ZL;KEY_R 0;0 0;0
63 KEY_ZL;KEY_R 0;0 0;0
64 KEY_ZL;KEY_R 0;0 0;0
65 KEY_ZL;KEY_R 0;0 0;0
66 KEY_ZL;KEY_R 0;0 0;0
67 KEY_ZL;KEY_R 0;0 0;0
68 KEY_ZL;KEY_R 0;0 0;0
69 KEY_ZL;KEY_R 0;0 0;0
70 KEY_ZL;KEY_R 0;0 0;0
71 KEY_ZL;KEY_R 0;0 0;0
72 KEY_ZL;KEY_R 0;0 0;0
73 KEY_ZL;KEY_R 0;0 0;0
74 KEY_ZL;KEY_R 0;0 0;0
75 KEY_ZL;KEY_R 0;0 0;0
76 KEY_ZL;KEY_R 0;0 0;0
77 KEY_ZL;KEY_R 0;0 0;0
78 KEY_ZL;KEY_R 0;0 0;0
79 KEY_ZL;KEY_R 0;0 0;0
80 KEY_ZL;KEY_R 0;0 0;0
81 KEY_ZL;KEY_R 0;0 0;0
82 KEY_ZL;KEY_R 0;0 0;0
83 KEY_ZL;KEY_R 0;0 0;0
84 KEY_ZL;KEY_L 0;0 0;0
85 NONE 0;32767 0;-32767
86 NONE -28377;-16383 0;-32767
87 NONE 28377;-16383 0;-32767
88 NONE 0;32767 0;-32767
89 NONE -28377;-16383 0;-32767
90 NONE 28377;-16383 0;-32767
91 NONE 0;32767 0;-32767
92 NONE -28377;-16383 0;-32767
93 NONE 28377;-16383 0;-32767
94 NONE 0;32767 0;-32767
95 NONE -28377;-16383 0;-32767
96 NONE 28377;-16383 0;-32767
97 NONE 0;32767 0;-32767
98 NONE -28377;-16383 0;-32767
99 NONE 28377;-16383 0;-32767
100 NONE 0;32767 0;-32767
101 NONE -28377;-16383 0;-32767
102 NONE 28377;-16383 0;-32767
103 NONE 0;32767 0;-32767
104 NONE -28377;-16383 0;-32767
105 NONE 28377;-16383 0;-32767
106 NONE 0;32767 0;-32767
107 KEY_L;KEY_A 32767;0 0;0
108 KEY_L;KEY_B 32767;0 0;0
109 KEY_L;KEY_A 32767;0 0;0
110 KEY_L;KEY_B 32767;0 0;0
111 KEY_L;KEY_A 32767;0 0;0
112 KEY_L;KEY_B 32767;0 0;0
113 KEY_A 0;32767 0;0
114 KEY_B 0;32767 0;0
115 KEY_A -28377;-16383 0;0
116 KEY_B 28377;-16383 0;0
117 NONE 0;32767 0;0
118 NONE -28377;-16383 0;0
119 NONE 28377;-16383 0;0
120 NONE 0;32767 0;0
121 NONE -28377;-16383 0;0
122 NONE 28377;-16383 0;0
123 NONE 0;32767 0;0
124 NONE -28377;-16383 0;0
125 NONE 28377;-16383 0;0
126 NONE 0;32767 0;0
127 NONE -28377;-16383 0;0
128 NONE 28377;-16383 0;0
129 NONE 0;32767 0;0
130 NONE 0;32767 0;0
131 NONE 0;32767 0;0
132 NONE 0;32767 0;0
133 NONE 0;32767 0;0
134 NONE 0;32767 0;0
135 NONE 0;32767 0;0
136 KEY_A 17363;27787 0;0
137 KEY_ZL 17363;27787 0;0
138 KEY_ZL 17363;27787 0;0
139 KEY_ZL 17363;27787 0;0
140 KEY_ZL 17363;27787 0;0
141 KEY_ZL 17363;27787 0;0
142 KEY_ZL 17363;27787 0;0
143 KEY_ZL 17363;27787 0;0
144 KEY_ZL;KEY_X 17363;27787 0;0
145 NONE -30790;11206 0;0
146 NONE -30790;11206 0;0
147 NONE -30790;11206 0;0
148 NONE -30790;11206 0;0
149 NONE -30790;11206 0;0
150 NONE -30790;11206 0;0
151 NONE -30790;11206 0;0
152 NONE -30790;11206 0;0
153 NONE -30790;11206 0;0
154 NONE -30790;11206 0;0
155 NONE -30790;11206 0;0
156 NONE -30790;11206 0;0
157 NONE -30790;11206 0;0
158 NONE -30790;11206 0;0
159 NONE -30790;11206 0;0
160 NONE -30790;11206 0;0
161 NONE -30790;11206 0;0
162 NONE -30790;11206 0;0
163 NONE -30790;11206 0;0
164 NONE -30790;11206 0;0
165 NONE -30790;11206 0;0
166 NONE -30790;11206 0;0
167 NONE -30790;11206 0;0
168 NONE -30790;11206 0;0
169 NONE -30790;11206 0;0
170 NONE -30790;11206 0;0
171 NONE -30790;11206 0;0
172 NONE -30790;11206 0;0
173 NONE -30790;11206 0;0
174 NONE -30790;11206 0;0
175 NONE -30790;11206 0;0
176 NONE -30790;11206 0;0
177 NONE -30790;11206 0;0
178 NONE -30790;11206 0;0
179 NONE -30790;11206 0;0
180 NONE -30790;11206 0;0
181 NONE -30790;11206 0;0
182 NONE -30790;11206 0;0
183 NONE -30790;11206 0;0
184 NONE -30790;11206 0;0
185 NONE -30790;11206 0;0
186 NONE -30790;11206 0;0
187 NONE -30790;11206 0;0
188 NONE -30790;11206 0;0
189 NONE -30790;11206 0;0
190 NONE -30790;11206 0;0
191 NONE -30790;11206 0;0
192 NONE -30790;11206 0;0
193 NONE -30790;11206 0;0
194 NONE -30790;11206 0;0
195 NONE -30790;11206 0;0
196 NONE -30790;11206 0;0
197 NONE -30790;11206 0;0
198 NONE -30790;11206 0;0
199 NONE -30790;11206 0;0
200 NONE -30790;11206 0;0
201 NONE -30790;11206 0;0
202 NONE -30790;11206 0;0
203 NONE -30790;11206 0;0
204 NONE -30790;11206 0;0
205 NONE -30790;11206 0;0
206 NONE -30790;11206 0;0
207 NONE -30790;11206 0;0
208 NONE -30790;11206 0;0
209 NONE -30790;11206 0;0
210 NONE -30790;11206 0;0
211 NONE -30790;11206 0;0
212 NONE -30790;11206 0;0
213 NONE -30790;11206 0;0
214 NONE -30790;11206 0;0
215 KEY_R -30790;11206 0;0
216 NONE 0;32767 0;0
217 NONE 0;32767 0;0
218 NONE 0;32767 0;0
219 NONE 0;32767 0;0
220 NONE 0;32767 0;0
221 NONE 0;32767 0;0
222 NONE 0;32767 0;0
223 NONE 0;32767 0;0
224 NONE 0;32767 0;0
225 NONE 0;32767 0;0
226 NONE 0;32767 0;0
227 NONE 0;32767 0;0
228 NONE 0;32767 0;0
229 NONE 0;32767 0;0
230 NONE 0;32767 0;0
231 NONE 0;32767 0;0
232 NONE 0;32767 0;0
233 NONE 0;32767 0;0
234 NONE 0;32767 0;0
235 NONE 0;32767 0;0
236 NONE 0;32767 0;0
237 NONE 0;32767 0;0
238 NONE 0;32767 0;0
239 NONE 0;32767 0;0
240 NONE 0;32767 0;0
241 NONE 0;32767 0;0
242 NONE 0;32767 0;0
243 NONE 0;32767 0;0
244 NONE 0;32767 0;0
245 NONE 0;32767 0;0
246 NONE 0;32767 0;0
247 NONE 0;32767 0;0
248 NONE 0;32767 0;0
249 NONE 0;32767 0;0
250 NONE 0;32767 0;0
251 NONE 0;32767 0;0
252 NONE 0;32767 0;0
253 NONE 0;32767 0;0
254 NONE 0;32767 0;0
255 NONE 0;32767 0;0
256 NONE 0;32767 0;0
257 NONE 0;32767 0;0
258 NONE 0;32767 0;0
259 NONE 0;32767 0;0
260 NONE 0;32767 0;0
261 NONE 0;32767 0;0
262 NONE 0;32767 0;0
263 NONE 0;32767 0;0
264 NONE 0;32767 0;0
265 NONE 0;32767 0;0
266 NONE 0;32767 0;0
267 NONE 0;32767 0;0
268 NONE 0;32767 0;0
269 NONE 0;32767 0;0
270 NONE 0;32767 0;0
271 NONE 0;32767 0;0
272 NONE 0;32767 0;0
273 NONE 0;32767 0;0
274 NONE 0;32767 0;0
275 NONE 0;32767 0;0
276 NONE 0;32767 0;0
277 NONE 0;32767 0;0
278 NONE 0;32767 0;0
279 NONE 0;32767 0;0
280 NONE 0;32767 0;0
281 NONE 0;32767 0;0
282 NONE 0;32767 0;0
283 NONE 0;32767 0;0
284 NONE 0;32767 0;0
285 NONE 0;32767 0;0
286 NONE 0;32767 0;0
287 NONE 0;32767 0;0
288 NONE 0;32767 0;0
289 NONE 0;32767 0;0
290 NONE 0;32767 0;0
291 NONE 0;32767 0;0
292 NONE 0;32767 0;0
293 NONE 0;32767 0;0
294 NONE 0;32767 0;0
295 NONE 0;32767 0;0
296 NONE 0;32767 0;0
297 NONE 0;32767 0;0
298 NONE 0;32767 0;0
299 NONE 0;32767 0;0
300 NONE 0;32767 0;0
301 NONE 0;32767 0;0
302 NONE 0;32767 0;0
303 NONE 0;32767 0;0
304 NONE 0;32767 0;0
305 NONE 0;32767 0;0
306 NONE 0;32767 0;0
307 NONE 0;32767 0;0
308 NONE 0;32767 0;0
309 NONE 0;32767 0;0
310 NONE 0;32767 0;0
311 NONE 0;32767 0;0
312 NONE 0;32767 0;0
313 NONE 0;32767 0;0
314 NONE 0;32767 0;0
315 NONE 0;32767 0;0
316 NONE 0;32767 0;0
317 NONE 0;32767 0;0
318 NONE 0;32767 0;0
319 NONE 0;32767 0;0
320 NONE 0;32767 0;0
321 NONE 0;32767 0;0
322 NONE 0;32767 0;0
323 NONE 0;32767 0;0
324 NONE 0;32767 0;0
325 NONE 0;32767 0;0
326 NONE 0;32767 0;0
327 NONE 0;32767 0;0
328 NONE 0;32767 0;0
329 NONE 0;32767 0;0
330 NONE 0;32767 0;0
331 NONE 0;32767 0;0
332 NONE 0;32767 0;0
333 NONE 0;32767 0;0
334 NONE 0;32767 0;0
335 NONE 0;32767 0;0
336 NONE 0;32767 0;0
337 NONE 0;32767 0;0
338 NONE 0;32767 0;0
339 NONE 0;32767 0;0
340 NONE 0;32767 0;0
341 NONE 0;32767 0;0
342 NONE 0;32767 0;0
343 NONE 0;32767 0;0
344 NONE 0;32767 0;0
345 NONE 0;32767 0;0
346 NONE 0;32767 0;0
347 NONE 0;32767 0;0
348 NONE 0;32767 0;0
349 NONE 0;32767 0;0
350 NONE 0;32767 0;0
351 NONE 0;32767 0;0
352 NONE 0;32767 0;0
353 NONE 0;32767 0;0
354 NONE 0;32767 0;0
355 NONE 0;32767 0;0
356 NONE 0;32767 0;0
357 NONE 0;32767 0;0
358 NONE 0;32767 0;0
359 NONE 0;32767 0;0
360 NONE 0;32767 0;0
361 NONE 0;32767 0;0
362 NONE 0;32767 0;0
363 NONE 0;32767 0;0
364 NONE 0;32767 0;0
365 NONE 0;32767 0;0
366 NONE 0;32767 0;0
367 NONE 0;32767 0;0
368 NONE 0;32767 0;0
369 NONE 0;32767 0;0
370 NONE 0;32767 0;0
371 NONE 0;32767 0;0
372 NONE 0;32767 0;0
373 NONE 0;32767 0;0
374 NONE 0;32767 0;0
375 NONE 0;32767 0;0
376 NONE 0;32767 0;0
377 NONE 0;32767 0;0
378 NONE 0;32767 0;0
379 NONE 0;32767 0;0
380 NONE 0;32767 0;0
381 NONE 0;32767 0;0
382 NONE 0;32767 0;0
383 NONE 0;32767 0;0
384 NONE 0;32767 0;0
385 NONE 0;32767 0;0
386 NONE 0;32767 0;0
387 NONE 0;32767 0;0
388 NONE 0;32767 0;0
389 NONE 0;32767 0;0
390 NONE 10125;31163 0;0
391 NONE 10125;31163 0;0
392 NONE 10125;31163 0;0
393 NONE 10125;31163 0;0
394 NONE 10125;31163 0;0
395 NONE 10125;31163 0;0
396 NONE 10125;31163 0;0
397 NONE 10125;31163 0;0
398 NONE 10125;31163 0;0
399 NONE 10125;31163 0;0
400 NONE 10125;31163 0;0
401 NONE 10125;31163 0;0
402 NONE 10125;31163 0;0
403 NONE 10125;31163 0;0
404 NONE 10125;31163 0;0
405 NONE 10125;31163 0;0
406 NONE 10125;31163 0;0
407 NONE 10125;31163 0;0
408 KEY_DLEFT 10125;31163 0;0
409 KEY_DLEFT;KEY_ZL 10125;31163 0;0
410 KEY_DLEFT;KEY_X 10125;31163 0;0
411 KEY_DLEFT 10125;31163 0;0
412 KEY_DLEFT;KEY_ZL 10125;31163 0;0
413 KEY_DLEFT;KEY_X 10125;31163 0;0
414 KEY_DLEFT 0;32767 32767;0
415 KEY_DLEFT 0;32767 32767;0
416 KEY_DLEFT 0;32767 32767;0
417 KEY_DLEFT 0;32767 32767;0
418 KEY_DLEFT 0;32767 32767;0
419 KEY_DLEFT 0;32767 32767;0
420 KEY_DLEFT 0;32767 32767;0
421 KEY_DLEFT 0;32767 32767;0
422 KEY_DLEFT 0;32767 32767;0
423 KEY_DLEFT 0;32767 32767;0
424 KEY_DLEFT 0;32767 32767;0
425 KEY_DLEFT 0;32767 32767;0
426 KEY_DLEFT 0;32767 32767;0
427 KEY_DLEFT 0;32767 32767;0
428 KEY_DLEFT 0;32767 32767;0
429 KEY_DLEFT 0;32767 32767;0
430 KEY_DLEFT 0;32767 32767;0
431 KEY_DLEFT 0;32767 32767;0
432 KEY_DLEFT 0;32767 32767;0
433 KEY_DLEFT 0;32767 32767;0
434 KEY_DLEFT 0;32767 32767;0
435 KEY_DLEFT 0;32767 32767;0
436 KEY_DLEFT 0;32767 32767;0
437 KEY_L 0;32767 0;0
438 NONE 0;32767 0;0
439 KEY_L 0;32767 0;0
440 NONE 0;32767 0;0
441 KEY_L 0;32767 0;0
442 NONE 0;32767 0;0
443 KEY_L 0;32767 0;0
444 NONE 0;32767 0;0
445 KEY_L 0;32767 0;0
446 NONE 0;32767 0;0
447 KEY_L 0;32767 0;0
448 NONE 0;32767 0;0
449 KEY_L 0;32767 0;0
450 NONE 0;32767 0;0
451 KEY_L 0;32767 0;0
452 NONE 0;32767 0;0
453 KEY_L 0;32767 0;0
454 NONE 0;32767 0;0
455 KEY_L 0;32767 0;0
456 NONE 0;32767 0;0
457 KEY_L 0;32767 0;0
458 NONE 0;32767 0;0
459 KEY_L 0;32767 0;0
460 NONE 0;32767 0;0
461 KEY_L 0;32767 0;0
462 NONE 0;32767 0;0
463 KEY_L 0;32767 0;0
464 NONE 0;32767 0;0
465 KEY_L 0;32767 0;0
466 NONE 0;32767 0;0
467 KEY_L 0;32767 0;0
468 NONE 0;32767 0;0
469 KEY_L 0;32767 0;0
470 NONE 0;32767 0;0
471 KEY_L 0;32767 0;0
472 NONE 0;32767 0;0
473 KEY_L 0;32767 0;0
474 NONE 0;32767 0;0
475 KEY_L 0;32767 0;0
476 NONE 0;32767 0;0
477 KEY_L 0;32767 0;0
478 NONE 0;32767 0;0
479 KEY_L 0;32767 0;0
480 NONE 0;32767 0;0
481 KEY_L 0;32767 0;0
482 NONE 0;32767 0;0
483 KEY_L 0;32767 0;0
484 NONE 0;32767 0;0
485 KEY_L 0;32767 0;0
486 NONE 0;32767 0;0
487 KEY_L 0;32767 0;0
488 NONE 0;32767 0;0
489 KEY_L 0;32767 0;0
490 NONE 0;32767 0;0
491 KEY_L 0;32767 0;0
492 NONE 0;32767 0;0
493 KEY_L 0;32767 0;0
494 NONE 0;32767 0;0
495 KEY_L 0;32767 0;0
496 NONE 0;32767 0;0
497 KEY_L 0;32767 0;0
498 NONE 0;32767 0;0
499 KEY_L 0;32767 0;0
500 NONE 0;32767 0;0
501 KEY_L 0;32767 0;0
502 NONE 0;32767 0;0
503 KEY_L 0;32767 0;0
504 NONE 0;32767 0;0
505 KEY_L 0;32767 0;0
506 NONE 0;32767 0;0
507 KEY_L 0;32767 0;0
508 NONE 0;32767 0;0
509 KEY_L 0;32767 0;0
510 NONE 0;32767 0;0
511 KEY_L 0;32767 0;0
512 NONE 0;32767 0;0
513 KEY_L 0;32767 0;0
514 NONE 0;32767 0;0
515 KEY_L 0;32767 0;0
516 NONE 0;32767 0;0
517 KEY_L 0;32767 0;0
518 NONE 0;32767 0;0
519 KEY_L 0;32767 0;0
520 NONE 0;32767 0;0
521 KEY_L 0;32767 0;0
522 NONE 0;32767 0;0
523 KEY_L 0;32767 0;0
524 NONE 0;32767 0;0
525 KEY_L 0;32767 0;0
526 NONE 0;32767 0;0
527 KEY_L 0;32767 0;0
528 NONE 0;32767 0;0
529 KEY_L 0;32767 0;0
530 NONE 0;32767 0;0
531 KEY_L 0;32767 0;0
532 NONE 0;32767 0;0
533 KEY_L 0;32767 0;0
534 NONE 0;32767 0;0
535 KEY_L 0;32767 0;0
536 NONE 0;32767 0;0
537 KEY_L 0;32767 0;0
538 NONE 0;32767 0;0
539 KEY_L 0;32767 0;0
540 NONE 0;32767 0;0
541 KEY_L 0;32767 0;0
542 NONE 0;32767 0;0
543 KEY_L 0;32767 0;0
544 NONE 0;32767 0;0
545 KEY_L 0;32767 0;0
546 NONE 0;32767 0;0
547 KEY_L 0;32767 0;0
548 NONE 0;32767 0;0
549 KEY_L 0;32767 0;0
550 NONE 0;32767 0;0
551 KEY_L 0;32767 0;0
552 NONE 0;32767 0;0
553 KEY_L 0;32767 0;0
554 NONE 0;32767 0;0
555 KEY_L 0;32767 0;0
556 NONE 0;32767 0;0
557 KEY_L 0;32767 0;0
558 NONE 0;32767 0;0
559 KEY_L 0;32767 0;0
560 NONE 0;32767 0;0
561 KEY_L 0;32767 0;0
562 NONE 0;32767 0;0
563 KEY_L 0;32767 0;0
564 NONE 0;32767 0;0
565 KEY_L 0;32767 0;0
566 NONE 0;32767 0;0
567 KEY_L 0;32767 0;0
568 NONE 0;32767 0;0
569 KEY_L 0;32767 0;0
570 NONE 0;32767 0;0
571 KEY_L 0;32767 0;0
572 NONE 0;32767 0;0
573 KEY_L 0;32767 0;0
574 NONE 0;32767 0;0
575 KEY_L 0;32767 0;0
576 NONE 0;32767 0;0
577 KEY_L 0;32767 0;0
578 NONE 0;32767 0;0
579 KEY_L 0;32767 0;0
580 NONE 0;32767 0;0
581 KEY_L 0;32767 0;0
582 NONE 0;32767 0;0
583 KEY_L 0;32767 0;0
584 NONE 0;32767 0;0
585 KEY_L 0;32767 0;0
586 NONE 0;32767 0;0
587 KEY_L 0;32767 0;0
588 NONE 0;32767 0;0
589 KEY_L 0;32767 0;0
590 NONE 0;32767 0;0
591 KEY_L 0;32767 0;0
592 NONE 0;32767 0;0
593 KEY_L 0;32767 0;0
594 NONE 0;32767 0;0
595 KEY_L 0;32767 0;0
596 NONE 0;32767 0;0
597 KEY_L 0;32767 0;0
598 NONE 0;32767 0;0
599 KEY_L 0;32767 0;0
600 NONE 0;32767 0;0
601 KEY_L 0;32767 0;0
602 NONE 0;32767 0;0
603 KEY_L 0;32767 0;0
604 NONE 0;32767 0;0
605 KEY_L 0;32767 0;0
606 NONE 0;32767 0;0
607 KEY_L 0;32767 0;0
608 NONE 0;32767 0;0
609 KEY_L 0;32767 0;0
610 NONE 0;32767 0;0
611 KEY_L 0;32767 0;0
612 NONE 0;32767 0;0
613 KEY_L 0;32767 0;0
614 NONE 0;32767 0;0
615 KEY_L 0;32767 0;0
616 NONE 0;32767 0;0
617 KEY_L 0;32767 0;0
618 NONE 0;32767 0;0
619 KEY_L 0;32767 0;0
620 NONE 0;32767 0;0
621 KEY_L 0;32767 0;0
622 NONE 0;32767 0;0
623 KEY_L 0;32767 0;0
624 NONE 0;32767 0;0
625 KEY_L 0;32767 0;0
626 NONE 0;32767 0;0
627 KEY_L 0;32767 0;0
628 NONE 0;32767 0;0
629 KEY_L 0;32767 0;0
630 NONE 0;32767 0;0
631 KEY_L 0;32767 0;0
632 NONE 0;32767 0;0
633 KEY_L 0;32767 0;0
634 NONE 0;32767 0;0
635 KEY_L 0;32767 0;0
636 NONE 0;32767 0;0
637 KEY_L 0;32767 0;0
638 NONE 0;32767 0;0
639 KEY_L 0;32767 0;0
640 NONE 0;32767 0;0
641 KEY_L 0;32767 0;0
642 NONE 0;32767 0;0
643 KEY_L 0;32767 0;0
644 NONE 0;32767 0;0
645 KEY_L 0;32767 0;0
646 NONE 0;32767 0;0
647 KEY_L 0;32767 0;0
648 NONE 0;32767 0;0
649 KEY_L 0;32767 0;0
650 NONE 0;32767 0;0
651 KEY_L 0;32767 0;0
652 NONE 0;32767 0;0
653 KEY_L 0;32767 0;0
654 NONE 0;32767 0;0
655 KEY_L 0;32767 0;0
656 NONE 0;32767 0;0
657 KEY_L 0;32767 0;0
658 NONE 0;32767 0;0
659 KEY_L 0;32767 0;0
660 NONE 0;32767 0;0
661 KEY_L 0;32767 0;0
662 NONE 0;32767 0;0
663 KEY_L 0;32767 0;0
664 NONE 0;32767 0;0
665 KEY_L 0;32767 0;0
666 NONE 0;32767 0;0
667 KEY_L 0;32767 0;0
668 NONE 0;32767 0;0
669 KEY_L 0;32767 0;0
670 NONE 0;32767 0;0
671 KEY_L 0;32767 0;0
672 NONE 0;32767 0;0
673 KEY_L 0;32767 0;0
674 NONE 0;32767 0;0
675 KEY_L 0;32767 0;0
676 NONE 0;32767 0;0
677 KEY_L 0;32767 0;0
678 NONE 0;32767 0;0
679 KEY_L 0;32767 0;0
680 NONE 0;32767 0;0
681 KEY_L 0;32767 0;0
682 NONE 0;32767 0;0
683 KEY_L 0;32767 0;0
684 NONE 0;32767 0;0
685 KEY_L 0;32767 0;0
686 NONE 0;32767 0;0
687 KEY_L 0;32767 0;0
688 NONE 0;32767 0;0
689 KEY_L 0;32767 0;0
690 NONE 0;32767 0;0
691 KEY_L 0;32767 0;0
692 NONE 0;32767 0;0
693 KEY_L 0;32767 0;0
694 NONE 0;32767 0;0
695 KEY_L 0;32767 0;0
696 NONE 0;32767 0;0
697 KEY_L 0;32767 0;0
698 NONE 0;32767 0;0
699 KEY_L 0;32767 0;0
700 NONE 0;32767 0;0
701 KEY_L 0;32767 0;0
702 NONE 0;32767 0;0
703 KEY_L 0;32767 0;0
704 NONE 0;32767 0;0
705 KEY_L 0;32767 0;0
706 NONE 0;32767 0;0
707 KEY_L 0;32767 0;0
708 NONE 0;32767 0;0
709 KEY_L 0;32767 0;0
710 NONE 0;32767 0;0
711 KEY_L 0;32767 0;0
712 NONE 0;32767 0;0
713 KEY_L 0;32767 0;0
714 NONE 0;32767 0;0
715 KEY_L 0;32767 0;0
716 NONE 0;32767 0;0
717 KEY_L 0;32767 0;0
718 NONE 0;32767 0;0
719 KEY_L 0;32767 0;0
720 NONE 0;32767 0;0
721 KEY_L 0;32767 0;0
722 NONE 0;32767 0;0
723 KEY_L 0;32767 0;0
724 NONE 0;32767 0;0
725 KEY_L 0;32767 0;0
726 NONE 0;32767 0;0
727 KEY_L 0;32767 0;0
728 NONE 0;32767 0;0
729 KEY_L 0;32767 0;0
730 NONE 0;32767 0;0
731 KEY_L 0;32767 0;0
732 NONE 0;32767 0;0
733 KEY_L 0;32767 0;0
734 NONE 0;32767 0;0
735 KEY_L 0;32767 0;0
736 NONE 0;32767 0;0
737 KEY_L 0;32767 0;0
738 NONE 0;32767 0;0
739 KEY_L 0;32767 0;0
740 NONE 0;32767 0;0
741 KEY_L 0;32767 0;0
742 NONE 0;32767 0;0
743 KEY_L 0;32767 0;0
744 NONE 0;32767 0;0
745 KEY_L 0;32767 0;0
746 NONE 0;32767 0;0
747 KEY_L 0;32767 0;0
748 NONE 0;32767 0;0
749 KEY_L 0;32767 0;0
750 NONE 0;32767 0;0
751 KEY_L 0;32767 0;0
752 NONE 0;32767 0;0
753 KEY_L 0;32767 0;0
754 NONE 0;32767 0;0
755 KEY_L 0;32767 0;0
756 NONE 0;32767 0;0
757 KEY_L 0;32767 0;0
758 NONE 0;32767 0;0
759 KEY_L 0;32767 0;0
760 NONE 0;32767 0;0
761 KEY_L 0;32767 0;0
762 NONE 0;32767 0;0
763 KEY_L 0;32767 0;0
764 NONE 0;32767 0;0
765 KEY_L 0;32767 0;0
766 NONE 0;32767 0;0
767 KEY_L 0;32767 0;0
768 NONE 0;32767 0;0
769 KEY_L 0;32767 0;0
770 NONE 0;32767 0;0
771 KEY_L 0;32767 0;0
772 NONE 0;32767 0;0
773 KEY_L 0;32767 0;0
774 NONE 0;32767 0;0
775 KEY_L 0;32767 0;0
776 NONE 0;32767 0;0
777 KEY_L 0;32767 0;0
778 NONE 0;32767 0;0
779 KEY_L 0;32767 0;0
780 NONE 0;32767 0;0
781 KEY_L 0;32767 0;0
782 NONE 0;32767 0;0
783 KEY_L 0;32767 0;0
784 NONE 0;32767 0;0
785 KEY_L 0;32767 0;0
786 NONE 0;32767 0;0
787 KEY_L 0;32767 0;0
788 NONE 0;32767 0;0
789 KEY_L 0;32767 0;0
790 NONE 0;32767 0;0
791 KEY_L 0;32767 0;0
792 NONE 0;32767 0;0
793 KEY_L 0;32767 0;0
794 NONE 0;32767 0;0
795 KEY_L 0;32767 0;0
796 NONE 0;32767 0;0
797 KEY_L 0;32767 0;0
798 NONE 0;32767 0;0
799 KEY_L 0;32767 0;0
800 NONE 0;32767 0;0
801 KEY_L 0;32767 0;0
802 NONE 0;32767 0;0
803 KEY_L 0;32767 0;0
804 NONE 0;32767 0;0
805 KEY_L 0;32767 0;0
806 NONE 0;32767 0;0
807 KEY_L 0;32767 0;0
808 NONE 0;32767 0;0
809 KEY_L 0;32767 0;0
810 NONE 0;32767 0;0
811 KEY_L 0;32767 0;0
812 NONE 0;32767 0;0
813 KEY_L 0;32767 0;0
814 NONE 0;32767 0;0
815 KEY_L 0;32767 0;0
816 NONE 0;32767 0;0
817 KEY_L 0;32767 0;0
818 NONE 0;32767 0;0
819 KEY_L 0;32767 0;0
820 NONE 0;32767 0;0
821 KEY_L 0;32767 0;0
822 NONE 0;32767 0;0
823 KEY_L 0;32767 0;0
824 NONE 0;32767 0;0
825 KEY_L 0;32767 0;0
826 NONE 0;32767 0;0
827 KEY_L 0;32767 0;0
828 NONE 0;32767 0;0
829 KEY_L 0;32767 0;0
830 NONE 0;32767 0;0
831 KEY_L 0;32767 0;0
832 NONE 0;32767 0;0
833 KEY_L 0;32767 0;0
834 NONE 0;32767 0;0
835 KEY_L 0;32767 0;0
836 NONE 0;32767 0;0
837 KEY_L 0;32767 0;0
838 NONE 0;32767 0;0
839 KEY_L 0;32767 0;0
840 NONE 0;32767 0;0
841 KEY_L 0;32767 0;0
842 NONE 0;32767 0;0
843 KEY_L 0;32767 0;0
844 NONE 0;32767 0;0
845 KEY_L 0;32767 0;0
846 NONE 0;32767 0;0
847 KEY_L 0;32767 0;0
848 NONE 0;32767 0;0
849 KEY_L 0;32767 0;0
850 NONE 0;32767 0;0
851 KEY_L 0;32767 0;0
852 NONE 0;32767 0;0
853 KEY_L 0;32767 0;0
854 NONE 0;32767 0;0
855 KEY_L 0;32767 0;0
856 NONE 0;32767 0;0
857 KEY_L 0;32767 0;0
858 NONE 0;32767 0;0
859 KEY_L 0;32767 0;0
860 NONE 0;32767 0;0
861 KEY_L 0;32767 0;0
862 NONE 0;32767 0;0
863 KEY_L 0;32767 0;0
864 NONE 0;32767 0;0
865 KEY_L 0;32767 0;0
866 NONE 0;32767 0;0
867 KEY_L 0;32767 0;0
868 NONE 0;32767 0;0
869 KEY_L 0;32767 0;0
870 NONE 0;32767 0;0
871 KEY_L 0;32767 0;0
872 NONE 0;32767 0;0
873 KEY_L 0;32767 0;0
874 NONE 0;32767 0;0
875 KEY_L 0;32767 0;0
876 NONE 0;32767 0;0
877 KEY_L 0;32767 0;0
878 NONE 0;32767 0;0
879 KEY_L 0;32767 0;0
880 NONE 0;32767 0;0
881 KEY_L 0;32767 0;0
882 NONE 0;32767 0;0
883 KEY_L 0;32767 0;0
884 NONE 0;32767 0;0
885 KEY_L 0;32767 0;0
886 NONE 0;32767 0;0
887 KEY_L 0;32767 0;0
888 NONE 0;32767 0;0
889 KEY_L 0;32767 0;0
890 NONE 0;32767 0;0
891 KEY_L 0;32767 0;0
892 NONE 0;32767 0;0
893 KEY_L 0;32767 0;0
894 NONE 0;32767 0;0
895 KEY_L 0;32767 0;0
896 NONE 0;32767 0;0
897 KEY_L 0;32767 0;0
898 NONE 0;32767 0;0
899 KEY_L 0;32767 0;0
900 NONE 0;32767 0;0
901 KEY_L 0;32767 0;0
902 NONE 0;32767 0;0
903 KEY_L 0;32767 0;0
904 NONE 0;32767 0;0
905 KEY_L 0;32767 0;0
906 NONE 0;32767 0;0
907 KEY_L 0;32767 0;0
908 NONE 0;32767 0;0
909 KEY_L 0;32767 0;0
910 NONE 0;32767 0;0
911 KEY_L 0;32767 0;0
912 NONE 0;32767 0;0
913 KEY_L 0;32767 0;0
914 NONE 0;32767 0;0
915 KEY_L 0;32767 0;0
916 NONE 0;32767 0;0
917 KEY_L 0;32767 0;0
918 NONE 0;32767 0;0
919 KEY_L 0;32767 0;0
920 NONE 0;32767 0;0
921 KEY_L 0;32767 0;0
922 NONE 0;32767 0;0
923 KEY_L 0;32767 0;0
924 NONE 0;32767 0;0
925 KEY_L 0;32767 0;0
926 NONE 0;32767 0;0
927 KEY_L 0;32767 0;0
928 NONE 0;32767 0;0
929 KEY_L 0;32767 0;0
930 NONE 0;32767 0;0
931 KEY_L 0;32767 0;0
932 NONE 0;32767 0;0
933 KEY_L 0;32767 0;0
934 NONE 0;32767 0;0
935 KEY_L 0;32767 0;0
936 NONE 0;32767 0;0
937 KEY_L 0;32767 0;0
938 NONE 0;32767 0;0
939 KEY_L 0;32767 0;0
940 NONE 0;32767 0;0
941 KEY_L 0;32767 0;0
942 NONE 0;32767 0;0
943 KEY_L 0;32767 0;0
944 NONE 0;32767 0;0
945 KEY_L 0;32767 0;0
946 NONE 0;32767 0;0
947 KEY_L 0;32767 0;0
948 NONE 0;32767 0;0
949 KEY_L 0;32767 0;0
950 NONE 0;32767 0;0
951 KEY_L 0;32767 0;0
952 NONE 0;32767 0;0
953 KEY_L 0;32767 0;0
954 NONE 0;32767 0;0
955 KEY_L 0;32767 0;0
956 NONE 0;32767 0;0
957 KEY_L 0;32767 0;0
958 NONE 0;32767 0;0
959 KEY_L 0;32767 0;0
960 NONE 0;32767 0;0
961 KEY_L 0;32767 0;0
962 NONE 0;32767 0;0
963 KEY_L 0;32767 0;0
964 NONE 0;32767 0;0
965 KEY_L 0;32767 0;0
966 NONE 0;32767 0;0
967 KEY_L 0;32767 0;0
968 NONE 0;32767 0;0
969 KEY_L 0;32767 0;0
970 NONE 0;32767 0;0
971 KEY_L 0;32767 0;0
972 NONE 0;32767 0;0
973 KEY_L 0;32767 0;0
974 NONE 0;32767 0;0
975 KEY_L 0;32767 0;0
976 NONE 0;32767 0;0
977 KEY_L 0;32767 0;0
978 NONE 0;32767 0;0
979 KEY_L 0;32767 0;0
980 NONE 0;32767 0;0
981 KEY_L 0;32767 0;0
982 NONE 0;32767 0;0
983 KEY_L 0;32767 0;0
984 NONE 0;32767 0;0
985 KEY_L 0;32767 0;0
986 NONE 0;32767 0;0
987 KEY_L 0;32767 0;0
988 NONE 0;32767 0;0
989 KEY_L 0;32767 0;0
990 NONE 0;32767 0;0
991 KEY_L 0;32767 0;0
992 KEY_L -5689;32269 0;0
993 NONE -5689;32269 0;0
994 KEY_L -5689;32269 0;0
995 NONE -5689;32269 0;0
996 KEY_L -5689;32269 0;0
997 NONE -5689;32269 0;0
998 KEY_L -5689;32269 0;0
999 NONE -5689;32269 0;0
1000 KEY_L -5689;32269 0;0
1001 NONE -5689;32269 0;0
1002 KEY_L -5689;32269 0;0
1003 NONE -5689;32269 0;0
1004 KEY_L -5689;32269 0;0
1005 NONE -5689;32269 0;0
1006 KEY_L -5689;32269 0;0
1007 KEY_L;KEY_R 0;32767 0;0
1008 KEY_R 0;32767 0;0
1009 KEY_L;KEY_R 0;32767 0;0
1010 KEY_R 0;32767 0;0
1011 KEY_L;KEY_R 0;32767 0;0
1012 KEY_R 0;32767 0;0
1013 KEY_L;KEY_R 0;32767 0;0
1014 KEY_R 0;32767 0;0
1015 KEY_L;KEY_R 0;32767 0;0
1016 KEY_R 0;32767 0;0
1017 KEY_L;KEY_R 0;32767 0;0
1018 KEY_R 0;32767 0;0
1019 KEY_L;KEY_R 0;32767 0;0
1020 KEY_R 0;32767 0;0
1021 KEY_L;KEY_R 0;32767 0;0
1022 KEY_R 0;32767 0;0
1023 KEY_L;KEY_R 0;32767 0;0
1024 KEY_R 0;32767 0;0
1025 KEY_L;KEY_R 0;32767 0;0
1026 KEY_R 0;32767 0;0
1027 KEY_L;KEY_R 0;32767 0;0
1028 KEY_R 0;32767 0;0
1029 KEY_L;KEY_R 0;32767 0;0
1030 KEY_R 0;32767 0;0
1031 KEY_L;KEY_R 0;32767 0;0
1032 KEY_R 0;32767 0;0
1033 KEY_L;KEY_R 0;32767 0;0
1034 KEY_R 0;32767 0;0
1035 KEY_L;KEY_R 0;32767 0;0
1036 KEY_R 0;32767 0;0
1037 KEY_L;KEY_R 0;32767 0;0
1038 KEY_R 0;32767 0;0
1039 KEY_L;KEY_R 0;32767 0;0
1040 KEY_ZL 0;0 0;0
1041 KEY_ZR 0;0 0;0
1042 KEY_Y 0;0 0;0
1043 KEY_ZL;KEY_L 11742;30590 0;0
1044 KEY_ZL 11742;30590 0;0
1045 KEY_ZL;KEY_L 11742;30590 0;0
1046 KEY_ZL 11742;30590 0;0
1047 KEY_ZL;KEY_L 11742;30590 0;0
1048 KEY_ZL 11742;30590 0;0
1049 KEY_ZL;KEY_L 11742;30590 0;0
1050 KEY_ZL 11742;30590 0;0
1051 KEY_ZL;KEY_L 11742;30590 0;0
1052 KEY_ZL 11742;30590 0;0
1053 KEY_ZL;KEY_L 11742;30590 0;0
1054 KEY_ZL 11742;30590 0;0
1055 KEY_ZL;KEY_L 11742;30590 0;0
1056 KEY_ZL 11742;30590 0;0
1057 KEY_ZL;KEY_L 11742;30590 0;0
1058 KEY_ZL 11742;30590 0;0
1059 KEY_ZL;KEY_L 11742;30590 0;0
1060 KEY_ZL 11742;30590 0;0
1061 KEY_ZL;KEY_L 11742;30590 0;0
1062 KEY_ZL 11742;30590 0;0
1063 KEY_ZL;KEY_L 11742;30590 0;0
1064 KEY_ZL 11742;30590 0;0
1065 KEY_ZL;KEY_L 11742;30590 0;0
1066 KEY_ZL 11742;30590 0;0
1067 KEY_ZL;KEY_L 11742;30590 0;0
1068 KEY_ZL 11742;30590 0;0
1069 KEY_ZL;KEY_L 11742;30590 0;0
1070 KEY_ZL 11742;30590 0;0
1071 KEY_ZL;KEY_L 11742;30590 0;0
1072 KEY_ZL 11742;30590 0;0
1073 KEY_ZL;KEY_L 11742;30590 0;0
1074 KEY_ZL 11742;30590 0;0
1075 KEY_ZL;KEY_L 11742;30590 0;0
1076 KEY_ZL 11742;30590 0;0
1077 KEY_ZL;KEY_L 11742;30590 0;0
1078 KEY_ZL 11742;30590 0;0
1079 KEY_ZL;KEY_L 11742;30590 0;0
1080 KEY_ZL 11742;30590 0;0
1081 KEY_ZL;KEY_L 11742;30590 0;0
1082 KEY_ZL 11742;30590 0;0
1083 KEY_ZL;KEY_L 11742;30590 0;0
1084 KEY_ZL 11742;30590 0;0
1085 KEY_ZL;KEY_L 11742;30590 0;0
1086 KEY_ZL 11742;30590 0;0
1087 KEY_ZL;KEY_L 11742;30590 0;0
1088 KEY_ZL 11742;30590 0;0
1089 KEY_ZL;KEY_L 11742;30590 0;0
1090 KEY_ZL 11742;30590 0;0
1091 KEY_ZL;KEY_L 11742;30590 0;0
1092 KEY_ZL 11742;30590 0;0
1093 KEY_ZL;KEY_L 11742;30590 0;0
1094 KEY_ZL 11742;30590 0;0
1095 KEY_ZL;KEY_L 11742;30590 0;0
1096 KEY_ZL 11742;30590 0;0
1097 KEY_ZL;KEY_L 11742;30590 0;0
1098 KEY_ZL 11742;30590 0;0
1099 KEY_ZL;KEY_L 11742;30590 0;0
1100 KEY_ZL 11742;30590 0;0
1101 KEY_ZL;KEY_L 11742;30590 0;0
1102 KEY_ZL 11742;30590 0;0
1103 KEY_ZL;KEY_L 11742;30590 0;0
1104 KEY_ZL 11742;30590 0;0
1105 KEY_ZL;KEY_L 11742;30590 0;0
1106 KEY_ZL 11742;30590 0;0
1107 KEY_ZL;KEY_L 11742;30590 0;0
1108 KEY_ZL 11742;30590 0;0
1109 KEY_ZL;KEY_L 11742;30590 0;0
1110 KEY_ZL 11742;30590 0;0
1111 KEY_ZL;KEY_L 11742;30590 0;0
1112 KEY_ZL 11742;30590 0;0
1113 KEY_ZL;KEY_L 11742;30590 0;0
1114 KEY_ZL 11742;30590 0;0
1115 KEY_ZL;KEY_L 11742;30590 0;0
1116 KEY_ZL 11742;30590 0;0
1117 KEY_ZL;KEY_L 11742;30590 0;0
1118 KEY_ZL 11742;30590 0;0
1119 KEY_ZL;KEY_L 11742;30590 0;0
1120 KEY_ZL 11742;30590 0;0
1121 KEY_ZL;KEY_L 11742;30590 0;0
1122 KEY_ZL 11742;30590 0;0
1123 KEY_ZL;KEY_L 11742;30590 0;0
1124 KEY_ZL 11742;30590 0;0
1125 KEY_ZL;KEY_L 11742;30590 0;0
1126 KEY_ZL 11742;30590 0;0
1127 KEY_ZL;KEY_L 11742;30590 0;0
1128 KEY_ZL 11742;30590 0;0
1129 KEY_ZL;KEY_L 11742;30590 0;0
1130 KEY_ZL 11742;30590 0;0
1131 KEY_ZL;KEY_L 11742;30590 0;0
1132 KEY_ZL 11742;30590 0;0
1133 KEY_ZL;KEY_L 11742;30590 0;0
1134 KEY_ZL 11742;30590 0;0
1135 KEY_ZL;KEY_L 11742;30590 0;0
1136 KEY_ZL 11742;30590 0;0
1137 KEY_ZL;KEY_L 11742;30590 0;0
1138 KEY_ZL 11742;30590 0;0
1139 KEY_ZL;KEY_L 11742;30590 0;0
1140 KEY_ZL 11742;30590 0;0
1141 KEY_ZL;KEY_L 11742;30590 0;0
1142 KEY_ZL 11742;30590 0;0
1143 KEY_ZL;KEY_L 11742;30590 0;0
1144 KEY_ZL 11742;30590 0;0
1145 KEY_ZL;KEY_L 11742;30590 0;0
1146 KEY_ZL 11742;30590 0;0
1147 KEY_ZL;KEY_L 11742;30590 0;0
1148 KEY_ZL 11742;30590 0;0
1149 KEY_ZL;KEY_L 11742;30590 0;0
1150 KEY_ZL 11742;30590 0;0
1151 KEY_ZL;KEY_L 11742;30590 0;0
1152 KEY_ZL 11742;30590 0;0
1153 KEY_ZL;KEY_L 11742;30590 0;0
1154 KEY_ZL 11742;30590 0;0
1155 KEY_ZL;KEY_L 11742;30590 0;0
1156 KEY_ZL 11742;30590 0;0
1157 KEY_ZL;KEY_L 11742;30590 0;0
1158 KEY_ZL 11742;30590 0;0
1159 KEY_ZL;KEY_L 11742;30590 0;0
1160 KEY_ZL 11742;30590 0;0
1161 KEY_ZL;KEY_L 11742;30590 0;0
1162 KEY_ZL 11742;30590 0;0
1163 KEY_ZL;KEY_L 11742;30590 0;0
1164 KEY_ZL 11742;30590 0;0
1165 KEY_ZL;KEY_L 11742;30590 0;0
1166 KEY_ZL 11742;30590 0;0
1167 KEY_ZL;KEY_L 11742;30590 0;0
1168 KEY_ZL 11742;30590 0;0
1169 KEY_ZL;KEY_L 11742;30590 0;0
1170 KEY_ZL 11742;30590 0;0
1171 KEY_ZL;KEY_L 11742;30590 0;0
1172 KEY_ZL 11742;30590 0;0
1173 KEY_ZL;KEY_L 11742;30590 0;0
1174 KEY_ZL 11742;30590 0;0
1175 KEY_ZL;KEY_L 11742;30590 0;0
1176 KEY_ZL 11742;30590 0;0
1177 KEY_ZL;KEY_L 11742;30590 0;0
1178 KEY_ZL 11742;30590 0;0
1179 KEY_ZL;KEY_L 11742;30590 0;0
1180 KEY_ZL 11742;30590 0;0
1181 KEY_ZL;KEY_L 11742;30590 0;0
1182 KEY_ZL 11742;30590 0;0
1183 KEY_ZL;KEY_L 11742;30590 0;0
1184 KEY_ZL 11742;30590 0;0
1185 KEY_ZL;KEY_L 11742;30590 0;0
1186 KEY_ZL 11742;30590 0;0
1187 KEY_ZL;KEY_L 11742;30590 0;0
1188 KEY_ZL 11742;30590 0;0
1189 KEY_ZL;KEY_L 11742;30590 0;0
1190 KEY_ZL 11742;30590 0;0
1191 KEY_ZL;KEY_L 11742;30590 0;0
1192 KEY_ZL 11742;30590 0;0
1193 KEY_ZL;KEY_L 11742;30590 0;0
1194 KEY_ZL 11742;30590 0;0
1195 KEY_ZL;KEY_L 11742;30590 0;0
1196 KEY_ZL 11742;30590 0;0
1197 KEY_ZL;KEY_L 11742;30590 0;0
1198 KEY_ZL 11742;30590 0;0
1199 KEY_ZL;KEY_L 11742;30590 0;0
1200 KEY_ZL 11742;30590 0;0
1201 KEY_ZL;KEY_L 11742;30590 0;0
1202 KEY_ZL 11742;30590 0;0
1203 KEY_ZL;KEY_L 11742;30590 0;0
1204 KEY_ZL 11742;30590 0;0
1205 KEY_ZL;KEY_L 11742;30590 0;0
1206 KEY_ZL 11742;30590 0;0
1207 KEY_ZL;KEY_L 11742;30590 0;0
1208 KEY_ZL 11742;30590 0;0
1209 KEY_ZL;KEY_L 11742;30590 0;0
1210 KEY_ZL 11742;30590 0;0
1211 KEY_ZL;KEY_L 11742;30590 0;0
1212 KEY_ZL 11742;30590 0;0
1213 KEY_ZL;KEY_L 11742;30590 0;0
1214 KEY_ZL 11742;30590 0;0
1215 KEY_ZL;KEY_L 11742;30590 0;0
1216 KEY_ZL 11742;30590 0;0
1217 KEY_ZL;KEY_L 11742;30590 0;0
1218 KEY_ZL 11742;30590 0;0
1219 KEY_ZL;KEY_L 11742;30590 0;0
1220 KEY_ZL 11742;30590 0;0
1221 KEY_ZL;KEY_L 11742;30590 0;0
1222 KEY_ZL 11742;30590 0;0
1223 KEY_ZL;KEY_L 11742;30590 0;0
1224 KEY_ZL 11742;30590 0;0
1225 KEY_ZL;KEY_L 11742;30590 0;0
1226 KEY_ZL 11742;30590 0;0
1227 KEY_ZL;KEY_L 11742;30590 0;0
1228 KEY_ZL 11742;30590 0;0
1229 KEY_ZL;KEY_L 11742;30590 0;0
1230 KEY_ZL 11742;30590 0;0
1231 KEY_ZL;KEY_L 11742;30590 0;0
1232 KEY_ZL 11742;30590 0;0
1233 KEY_ZL;KEY_L 11742;30590 0;0
1234 KEY_ZL 11742;30590 0;0
1235 KEY_ZL;KEY_L 11742;30590 0;0
1236 KEY_ZL 11742;30590 0;0
1237 KEY_ZL;KEY_L 11742;30590 0;0
1238 KEY_ZL 11742;30590 0;0
1239 KEY_ZL;KEY_L 11742;30590 0;0
1240 KEY_ZL 11742;30590 0;0
1241 KEY_ZL;KEY_L 11742;30590 0;0
1242 KEY_ZL 11742;30590 0;0
1243 KEY_ZL;KEY_L 11742;30590 0;0
1244 KEY_ZL 11742;30590 0;0
1245 KEY_ZL;KEY_L 11742;30590 0;0
1246 KEY_ZL 11742;30590 0;0
1247 KEY_ZL;KEY_L 11742;30590 0;0
1248 KEY_ZL 11742;30590 0;0
1249 KEY_ZL;KEY_L 11742;30590 0;0
1250 KEY_ZL 11742;30590 0;0
1251 KEY_ZL;KEY_L 11742;30590 0;0
1252 KEY_ZL 11742;30590 0;0
1253 KEY_ZL;KEY_L;KEY_R 3425;32587 0;0
1254 KEY_ZL;KEY_R 3425;32587 0;0
1255 KEY_ZL;KEY_L;KEY_R 3425;32587 0;0
1256 KEY_ZL;KEY_R 3425;32587 0;0
1257 KEY_ZL;KEY_L;KEY_R 3425;32587 0;0
1258 KEY_ZL;KEY_R 3425;32587 0;0
1259 KEY_ZL;KEY_L;KEY_R 3425;32587 0;0
1260 KEY_ZL;KEY_R 3425;32587 0;0
1261 KEY_ZL;KEY_L;KEY_R 3425;32587 0;0
1262 KEY_ZL;KEY_R 3425;32587 0;0
1263 KEY_ZL;KEY_L;KEY_R 3425;32587 0;0
1264 KEY_ZL;KEY_R 3425;32587 0;0
1265 KEY_ZL;KEY_L;KEY_R 3425;32587 0;0
1266 KEY_ZL;KEY_R 3425;32587 0;0
1267 KEY_ZL;KEY_L;KEY_R 3425;32587 0;0
1268 KEY_ZL;KEY_R 3425;32587 0;0
1269 KEY_ZL;KEY_L;KEY_R 3425;32587 0;0
1270 KEY_ZL;KEY_R 3425;32587 0;0
1271 KEY_ZL;KEY_L;KEY_R 3425;32587 0;0
1272 KEY_ZL;KEY_R 3425;32587 0;0
1273 KEY_ZL;KEY_L;KEY_R 3425;32587 0;0
1274 KEY_ZL;KEY_R 3425;32587 0;0
1275 KEY_ZL;KEY_L;KEY_R 3425;32587 0;0
1276 KEY_ZL;KEY_R 3425;32587 0;0
1277 KEY_ZL;KEY_L;KEY_R 3425;32587 0;0
1278 KEY_ZL;KEY_R 3425;32587 0;0
1279 KEY_ZL;KEY_L;KEY_R 3425;32587 0;0
1280 KEY_ZL;KEY_R 3425;32587 0;0
1281 KEY_ZL;KEY_L;KEY_R 3425;32587 0;0
1282 KEY_ZL;KEY_R 3425;32587 0;0
1283 KEY_ZL;KEY_L;KEY_R 3425;32587 0;0
1284 KEY_ZL;KEY_R 3425;32587 0;0
1285 KEY_ZL;KEY_L;KEY_R 3425;32587 0;0
1286 KEY_ZL;KEY_R 3425;32587 0;0
1287 KEY_ZL;KEY_L;KEY_R 3425;32587 0;0
1288 KEY_ZL;KEY_R 3425;32587 0;0
1289 KEY_ZL;KEY_L;KEY_R 3425;32587 0;0
1290 KEY_ZL;KEY_R 3425;32587 0;0
1291 KEY_ZL;KEY_L;KEY_R 3425;32587 0;0
1292 KEY_ZL;KEY_R 3425;32587 0;0
1293 KEY_ZL;KEY_L;KEY_R 3425;32587 0;0
1294 KEY_ZL;KEY_R 3425;32587 0;0
1295 KEY_ZL;KEY_L;KEY_R 3425;32587 0;0
1296 KEY_ZL;KEY_R 3425;32587 0;0
1297 KEY_ZL;KEY_L;KEY_R 3425;32587 0;0
1298 KEY_ZL;KEY_R 3425;32587 0;0
1299 KEY_ZL;KEY_L;KEY_R 3425;32587 0;0
1300 KEY_ZL;KEY_R 3425;32587 0;0
1301 KEY_ZL;KEY_L;KEY_R 3425;32587 0;0
1302 KEY_ZL;KEY_R 3425;32587 0;0
1303 KEY_ZL;KEY_L;KEY_R 3425;32587 0;0
1304 KEY_ZL;KEY_R 3425;32587 0;0
1305 KEY_ZL;KEY_L;KEY_R 3425;32587 0;0
1306 KEY_ZL;KEY_R 3425;32587 0;0
1307 KEY_ZL;KEY_L;KEY_R 3425;32587 0;0
1308 KEY_ZL;KEY_R 3425;32587 0;0
1309 KEY_ZL;KEY_L;KEY_R 3425;32587 0;0
1310 KEY_ZL;KEY_R 3425;32587 0;0
1311 KEY_ZL;KEY_L;KEY_R 3425;32587 0;0
1312 KEY_ZL;KEY_R 3425;32587 0;0
1313 KEY_ZL;KEY_L;KEY_R 3425;32587 0;0
1314 KEY_ZL;KEY_R 3425;32587 0;0
1315 KEY_ZL;KEY_L;KEY_R 3425;32587 0;0
1316 KEY_ZL;KEY_R 3425;32587 0;0
1317 KEY_ZL;KEY_L;KEY_R 3425;32587 0;0
1318 KEY_ZL;KEY_R 3425;32587 0;0
1319 KEY_ZL;KEY_L;KEY_R 3425;32587 0;0
1320 KEY_ZL;KEY_R 3425;32587 0;0
1321 KEY_ZL;KEY_L;KEY_R 3425;32587 0;0
1322 KEY_ZL;KEY_R 3425;32587 0;0
1323 KEY_ZL;KEY_L;KEY_R 3425;32587 0;0
1324 KEY_ZL;KEY_R 3425;32587 0;0
1325 KEY_ZL;KEY_L;KEY_R 3425;32587 0;0
1326 KEY_ZL;KEY_R 3425;32587 0;0
1327 KEY_ZL;KEY_L;KEY_R 3425;32587 0;0
1328 KEY_ZL;KEY_R 3425;32587 0;0
1329 KEY_ZL;KEY_L;KEY_R 3425;32587 0;0
1330 KEY_ZL;KEY_R 3425;32587 0;0
1331 KEY_ZL;KEY_L;KEY_R 3425;32587 0;0
1332 KEY_ZL;KEY_R 3425;32587 0;0
1333 KEY_ZL;KEY_L;KEY_R 3425;32587 0;0
1334 KEY_ZL;KEY_R 3425;32587 0;0
1335 KEY_ZL;KEY_L;KEY_R 3425;32587 0;0
1336 KEY_ZL;KEY_R 3425;32587 0;0
1337 KEY_ZL;KEY_L;KEY_R 3425;32587 0;0
1338 KEY_ZL;KEY_R 3425;32587 0;0
1339 KEY_ZL;KEY_L;KEY_R 3425;32587 0;0
1340 KEY_ZL;KEY_R 3425;32587 0;0
1341 KEY_ZL;KEY_L;KEY_R 3425;32587 0;0
1342 KEY_ZL;KEY_R 3425;32587 0;0
1343 KEY_ZL;KEY_L;KEY_R 3425;32587 0;0
1344 KEY_ZL;KEY_R 3425;32587 0;0
1345 KEY_ZL;KEY_L;KEY_R 3425;32587 0;0
1346 KEY_ZL;KEY_R 3425;32587 0;0
1347 KEY_ZL;KEY_L;KEY_R 3425;32587 0;0
1348 KEY_ZL;KEY_R 3425;32587 0;0
1349 KEY_ZL;KEY_L;KEY_R 3425;32587 0;0
1350 KEY_ZL;KEY_R 3425;32587 0;0
1351 KEY_ZL;KEY_L;KEY_R 3425;32587 0;0
1352 KEY_ZL;KEY_R 3425;32587 0;0
1353 KEY_ZL;KEY_L;KEY_R 3425;32587 0;0
1354 KEY_ZL;KEY_R 3425;32587 0;0
1355 KEY_ZL;KEY_L;KEY_R 3425;32587 0;0
1356 KEY_ZL;KEY_R 3425;32587 0;0
1357 KEY_ZL;KEY_L;KEY_R 3425;32587 0;0
1358 KEY_ZL;KEY_R 3425;32587 0;0
1359 KEY_ZL;KEY_L;KEY_R 3425;32587 0;0
1360 KEY_ZL;KEY_R 3425;32587 0;0
1361 KEY_ZL;KEY_L;KEY_R 3425;32587 0;0
1362 KEY_ZL;KEY_R 3425;32587 0;0
1363 KEY_ZL;KEY_L;KEY_R 3425;32587 0;0
1364 KEY_ZL;KEY_R 3425;32587 0;0
1365 KEY_ZL;KEY_L;KEY_R 3425;32587 0;0
1366 KEY_ZL;KEY_R 3425;32587 0;0
1367 KEY_ZL;KEY_L;KEY_R 3425;32587 0;0
1368 KEY_ZL;KEY_R 3425;32587 0;0
