1 NONE 8480;31650 0;0
2 NONE 8480;31650 0;0
3 NONE 8480;31650 0;0
4 NONE 8480;31650 0;0
5 NONE 8480;31650 0;0
6 NONE 8480;31650 0;0
7 NONE 8480;31650 0;0
8 NONE 8480;31650 0;0
9 NONE 8480;31650 0;0
10 NONE 8480;31650 0;0
11 NONE 8480;31650 0;0
12 NONE 8480;31650 0;0
13 KEY_ZL 0;0 0;0
14 KEY_ZL;KEY_Y 0;0 0;0
101 NONE 0;0 -32767;0
102 NONE 0;0 -32767;0
103 NONE 0;0 -32767;0
104 NONE 0;0 -32767;0
105 NONE 0;0 -32767;0
106 NONE 0;0 -32767;0
107 NONE 0;0 -32767;0
108 NONE 0;0 -32767;0
109 NONE 0;0 -32767;0
110 NONE 0;0 -32767;0
111 NONE 0;0 -32767;0
112 NONE 0;0 -32767;0
113 NONE 0;0 -32767;0
114 NONE 0;0 -32767;0
115 NONE 0;0 -32767;0
116 NONE 0;0 -32767;0
117 NONE 0;0 -32767;0
118 NONE 0;0 -32767;0
119 NONE 0;0 -32767;0
120 NONE 0;0 -32767;0
121 NONE 0;0 -32767;0
122 NONE 0;0 -32767;0
123 NONE 0;0 -32767;0
124 NONE 0;0 -32767;0
125 NONE 0;0 -32767;0
126 NONE 0;0 -32767;0
127 NONE 0;0 -32767;0
128 NONE 0;0 -32767;0
129 NONE 0;0 -32767;0
130 NONE 0;0 -32767;0
131 NONE 0;0 -32767;0
132 NONE 0;0 -32767;0
133 NONE 0;0 -32767;0
134 NONE 0;0 -32767;0
135 NONE 0;0 -32767;0
136 NONE 0;0 -32767;0
137 NONE 0;0 -32767;0
138 NONE 0;0 -32767;0
139 NONE 0;0 -32767;0
140 NONE 0;0 -32767;0
141 NONE 0;0 -32767;0
142 NONE 0;0 -32767;0
143 NONE 0;0 -32767;0
144 NONE 0;0 -32767;0
145 NONE 0;0 -32767;0
146 NONE 0;0 -32767;0
147 NONE 0;0 -32767;0
148 NONE 0;0 -32767;0
149 NONE 0;0 -32767;0
150 NONE 0;0 -32767;0
171 KEY_A 0;0 0;0
172 KEY_L -11206;30790 0;0
173 KEY_L -11206;30790 0;0
174 KEY_L -11206;30790 0;0
175 KEY_L -11206;30790 0;0
176 KEY_L -11206;30790 0;0
177 KEY_L -11206;30790 0;0
178 KEY_L -11206;30790 0;0
179 KEY_L -11206;30790 0;0
180 KEY_ZL 0;0 0;0
181 KEY_ZL;KEY_Y 0;0 0;0
182 KEY_ZL;KEY_Y 8965;-24632 0;0
183 KEY_ZL;KEY_Y 8965;-24632 0;0
184 KEY_ZL;KEY_Y 8965;-24632 0;0
185 KEY_ZL;KEY_Y 8965;-24632 0;0
186 KEY_ZL;KEY_Y 0;0 0;0
187 KEY_ZL;KEY_Y 0;0 0;0
188 KEY_ZL;KEY_Y 0;0 0;0
189 KEY_ZL;KEY_Y 0;0 0;0
190 KEY_ZL;KEY_Y 0;0 0;0
191 KEY_ZL;KEY_Y 0;0 0;0
192 KEY_ZL;KEY_Y 0;0 0;0
193 KEY_ZL;KEY_Y 0;0 0;0
194 KEY_ZL;KEY_Y 0;0 0;0
195 KEY_ZL;KEY_Y 0;0 0;0
196 KEY_ZL;KEY_Y 0;0 0;0
197 KEY_ZL;KEY_Y 0;0 0;0
198 KEY_ZL;KEY_Y 0;0 0;0
199 KEY_ZL;KEY_Y 0;0 0;0
200 KEY_ZL;KEY_Y 0;0 0;0
201 KEY_ZL;KEY_Y 0;0 0;0
202 KEY_ZL;KEY_Y 0;0 0;0
203 KEY_ZL;KEY_Y 0;0 0;0
204 KEY_ZL;KEY_Y 0;0 0;0
205 KEY_ZL;KEY_Y 0;0 0;0
206 KEY_ZL;KEY_Y 0;0 0;0
207 KEY_ZL;KEY_Y 0;0 0;0
208 KEY_ZL;KEY_Y 0;0 0;0
209 KEY_ZL;KEY_Y 0;0 0;0
210 KEY_ZL;KEY_Y 0;0 0;0
211 KEY_ZL;KEY_Y 0;0 0;0
212 KEY_ZL;KEY_Y;KEY_X 5689;32269 0;0
213 KEY_ZL;KEY_Y;KEY_X 5689;32269 0;0
214 NONE 5689;32269 0;0
215 NONE 5689;32269 0;0
216 NONE 5689;32269 0;0
217 NONE 5689;32269 0;0
218 NONE 5689;32269 0;0
219 NONE 5689;32269 0;0
220 NONE 5689;32269 0;0
221 NONE 5689;32269 0;0
222 NONE 5689;32269 0;0
223 NONE 5689;32269 0;0
224 NONE 5689;32269 0;0
225 NONE 5689;32269 0;0
226 NONE 5689;32269 0;0
227 NONE 5689;32269 0;0
228 NONE 5689;32269 0;0
229 NONE 5689;32269 0;0
230 NONE 5689;32269 0;0
231 NONE 5689;32269 0;0
232 NONE 5689;32269 0;0
233 NONE 5689;32269 0;0
234 NONE 5689;32269 0;0
235 NONE 5689;32269 0;0
236 NONE 5689;32269 0;0
237 NONE 5689;32269 0;0
238 NONE 5689;32269 0;0
239 NONE 5689;32269 0;0
240 NONE 5689;32269 0;0
241 NONE 5689;32269 0;0
242 NONE 5689;32269 0;0
243 NONE 5689;32269 0;0
244 KEY_L -17120;27938 0;0
245 KEY_L -17120;27938 0;0
246 KEY_L -17120;27938 0;0
247 KEY_L -17120;27938 0;0
248 KEY_L -17120;27938 0;0
249 KEY_L -17120;27938 0;0
250 KEY_L -17120;27938 0;0
251 KEY_L -17120;27938 0;0
252 KEY_ZL 0;0 0;0
253 KEY_ZL;KEY_Y 0;0 0;0
254 KEY_Y 25100;21062 0;0
255 KEY_Y 25100;21062 0;0
256 KEY_Y 25100;21062 0;0
257 KEY_Y 25100;21062 0;0
258 KEY_Y 25100;21062 0;0
259 KEY_Y 25100;21062 0;0
260 KEY_Y 25100;21062 0;0
261 KEY_Y 25100;21062 0;0
262 KEY_Y 25100;21062 0;0
263 KEY_Y 25100;21062 0;0
264 KEY_Y 25100;21062 0;0
265 KEY_Y 25100;21062 0;0
266 KEY_Y 25100;21062 0;0
267 KEY_Y 25100;21062 0;0
268 KEY_Y 25100;21062 0;0
269 KEY_Y 25100;21062 0;0
270 KEY_Y 25100;21062 0;0
271 KEY_Y 25100;21062 0;0
272 KEY_Y 25100;21062 0;0
273 KEY_Y 25100;21062 0;0
274 KEY_Y 25100;21062 0;0
275 KEY_Y 25100;21062 0;0
276 KEY_Y 25100;21062 0;0
277 KEY_Y 25100;21062 0;0
278 KEY_Y 25100;21062 0;0
279 KEY_Y 25100;21062 0;0
280 KEY_Y 25100;21062 0;0
281 KEY_Y 25100;21062 0;0
282 KEY_Y 25100;21062 0;0
283 KEY_Y 25100;21062 0;0
284 KEY_Y 25100;21062 0;0
285 KEY_Y 25100;21062 0;0
286 KEY_Y 25100;21062 0;0
287 KEY_Y 25100;21062 0;0
288 KEY_Y 25100;21062 0;0
289 KEY_Y 25100;21062 0;0
290 KEY_Y 25100;21062 0;0
291 KEY_ZL 0;0 0;0
292 KEY_ZL;KEY_Y 0;0 0;0
293 KEY_ZL 0;0 0;0
294 KEY_ZL 0;0 0;0
295 KEY_ZL 0;0 0;0
296 KEY_ZL 0;0 0;0
297 KEY_ZL 0;0 0;0
298 KEY_ZL 0;0 0;0
299 KEY_ZL 0;0 0;0
300 KEY_ZL 0;0 0;0
301 KEY_ZL 0;0 0;0
302 KEY_ZL 0;0 0;0
303 KEY_ZL 0;0 0;0
304 KEY_ZL 0;0 0;0
305 KEY_ZL 0;0 0;0
306 KEY_ZL 0;0 0;0
307 KEY_ZL 0;0 0;0
308 KEY_ZL 0;0 0;0
309 KEY_ZL 0;0 0;0
310 KEY_ZL 31650;8480 0;0
311 KEY_ZL;KEY_L 31650;8480 0;0
312 KEY_ZL 31650;8480 0;0
313 KEY_ZL 31650;8480 0;0
314 KEY_ZL 31650;8480 0;0
315 KEY_ZL 31650;8480 0;0
316 KEY_ZL 31650;8480 0;0
317 KEY_ZL 31650;8480 0;0
318 KEY_ZL 31650;8480 0;0
319 KEY_ZL 31650;8480 0;0
320 KEY_ZL 31650;8480 0;0
321 KEY_ZL 31650;8480 0;0
322 KEY_ZL 31650;8480 0;0
323 KEY_ZL 31650;8480 0;0
324 KEY_ZL 31650;8480 0;0
325 KEY_ZL 31650;8480 0;0
326 KEY_ZL 31650;8480 0;0
327 KEY_ZL 31650;8480 0;0
328 KEY_ZL;KEY_L 31650;8480 0;0
329 KEY_ZL 0;0 0;0
330 KEY_ZL 0;0 0;0
331 KEY_ZL 0;0 0;0
332 KEY_ZL 0;0 0;0
333 KEY_ZL 0;0 0;0
334 KEY_ZL 0;0 0;0
335 KEY_ZL 0;0 0;0
336 KEY_ZL 0;0 0;0
337 KEY_ZL 0;0 0;0
338 KEY_ZL 0;0 0;0
339 KEY_ZL 0;0 0;0
340 KEY_ZL 0;0 0;0
341 KEY_ZL 0;0 0;0
342 KEY_ZL 0;0 0;0
343 KEY_ZL 0;0 0;0
344 KEY_ZL 0;0 0;0
345 KEY_DLEFT;KEY_A 0;0 0;0
346 KEY_DLEFT 0;32767 0;0
347 KEY_DLEFT 5689;32269 0;0
348 KEY_DLEFT 5689;32269 0;0
349 KEY_DLEFT 5689;32269 0;0
350 KEY_DLEFT 5689;32269 0;0
351 KEY_DLEFT 5689;32269 0;0
352 KEY_DLEFT 5689;32269 0;0
353 KEY_DLEFT 5689;32269 0;0
354 KEY_DLEFT 5689;32269 0;0
359 NONE -28377;16383 0;0
360 NONE -28377;16383 0;0
361 KEY_A -28377;16383 0;0
362 KEY_A -28377;16383 0;0
363 KEY_A -28377;16383 0;0
364 KEY_A -28377;16383 0;0
365 KEY_A -28377;16383 0;0
366 KEY_A -28377;16383 0;0
367 KEY_A -28377;16383 0;0
368 KEY_A -28377;16383 0;0
369 NONE -28377;16383 0;0
370 NONE -28377;16383 0;0
371 NONE -28377;16383 0;0
372 NONE -28377;16383 0;0
373 NONE -28377;16383 0;0
374 NONE -28377;16383 0;0
375 NONE -28377;16383 0;0
376 NONE -28377;16383 0;0
377 NONE -28377;16383 0;0
378 NONE -28377;16383 0;0
379 NONE -28377;16383 0;0
380 NONE -28377;16383 0;0
381 NONE 27787;17363 0;0
382 NONE 27787;17363 0;0
383 NONE 27787;17363 0;0
384 NONE 27787;17363 0;0
385 NONE 27787;17363 0;0
386 NONE 27787;17363 0;0
387 NONE 27787;17363 0;0
388 NONE 27787;17363 0;0
389 NONE 27787;17363 0;0
390 NONE 27787;17363 0;0
391 NONE 27787;17363 0;0
392 NONE 27787;17363 0;0
393 NONE 27787;17363 0;0
394 NONE 27787;17363 0;0
395 NONE 27787;17363 0;0
396 NONE 27787;17363 0;0
397 NONE 27787;17363 0;0
398 NONE 27787;17363 0;0
399 NONE 27787;17363 0;0
400 NONE 27787;17363 0;0
401 NONE 27787;17363 0;0
402 NONE 27787;17363 0;0
403 NONE 27787;17363 0;0
404 NONE 27787;17363 0;0
405 NONE 27787;17363 0;0
406 NONE 27787;17363 0;0
407 NONE 27787;17363 0;0
408 NONE 27787;17363 0;0
409 NONE 27787;17363 0;0
410 NONE 27787;17363 0;0
411 NONE 27787;17363 0;0
412 NONE 27787;17363 0;0
413 NONE 27787;17363 0;0
414 NONE 27787;17363 0;0
415 NONE 27787;17363 0;0
416 NONE 27787;17363 0;0
417 NONE 27787;17363 0;0
418 NONE 27787;17363 0;0
419 NONE 27787;17363 0;0
420 NONE 27787;17363 0;0
421 NONE 27787;17363 0;0
422 NONE 27787;17363 0;0
423 NONE 27787;17363 0;0
424 NONE 27787;17363 0;0
425 NONE 27787;17363 0;0
426 NONE 27787;17363 0;0
427 NONE 27787;17363 0;0
428 NONE 27787;17363 0;0
429 NONE 27787;17363 0;0
430 NONE 27787;17363 0;0
431 NONE 27787;17363 0;0
432 NONE 27787;17363 0;0
433 NONE 27787;17363 0;0
434 NONE 27787;17363 0;0
435 NONE 27787;17363 0;0
436 NONE 27787;17363 0;0
437 NONE 27787;17363 0;0
438 NONE 27787;17363 0;0
439 NONE 27787;17363 0;0
440 NONE 27787;17363 0;0
441 NONE 27787;17363 0;0
442 NONE 27787;17363 0;0
443 NONE 27787;17363 0;0
444 NONE 27787;17363 0;0
445 NONE 27787;17363 0;0
446 NONE 27787;17363 0;0
447 NONE 27787;17363 0;0
448 NONE 27787;17363 0;0
449 NONE 27787;17363 0;0
450 KEY_L 27787;17363 0;0
451 NONE 27787;17363 0;0
452 NONE 27787;17363 0;0
453 NONE 27787;17363 0;0
454 NONE 27787;17363 0;0
455 NONE 27787;17363 0;0
456 NONE 27787;17363 0;0
457 NONE 27787;17363 0;0
458 NONE 27787;17363 0;0
459 NONE 27787;17363 0;0
460 NONE 27787;17363 0;0
461 NONE 27787;17363 0;0
462 NONE 27787;17363 0;0
463 NONE 27787;17363 0;0
464 NONE 27787;17363 0;0
465 NONE 27787;17363 0;0
466 NONE 27787;17363 0;0
467 NONE 27787;17363 0;0
468 NONE 27787;17363 0;0
469 NONE 27787;17363 0;0
470 NONE 27787;17363 0;0
471 KEY_A 27787;17363 0;0
472 NONE 27787;17363 0;0
473 NONE 27787;17363 0;0
474 NONE 27787;17363 0;0
475 NONE 27787;17363 0;0
476 NONE 27787;17363 0;0
477 NONE 27787;17363 0;0
478 NONE 27787;17363 0;0
479 NONE 27787;17363 0;0
480 NONE 27787;17363 0;0
481 NONE 27787;17363 0;0
482 NONE 27787;17363 0;0
483 NONE 27787;17363 0;0
484 NONE 27787;17363 0;0
485 NONE 27787;17363 0;0
486 NONE 27787;17363 0;0
487 NONE 27787;17363 0;0
488 NONE 27787;17363 0;0
489 NONE 27787;17363 0;0
490 KEY_L 27787;-17363 0;0
491 NONE 27787;-17363 0;0
492 NONE 27787;-17363 0;0
493 NONE 27787;-17363 0;0
494 NONE 27787;-17363 0;0
495 NONE 27787;-17363 0;0
496 NONE 27787;-17363 0;0
497 NONE 27787;-17363 0;0
498 NONE 27787;-17363 0;0
499 NONE 27787;-17363 0;0
500 NONE 27787;-17363 0;0
501 NONE 27787;-17363 0;0
502 KEY_A 27787;-17363 0;0
503 NONE 27787;-17363 0;0
504 NONE 27787;-17363 0;0
505 NONE 27787;-17363 0;0
506 NONE 27787;-17363 0;0
507 NONE 27787;-17363 0;0
508 NONE 27787;-17363 0;0
509 NONE 27787;-17363 0;0
510 NONE 27787;-17363 0;0
511 NONE 27787;-17363 0;0
512 NONE 27787;-17363 0;0
513 NONE 27787;-17363 0;0
514 NONE 27787;-17363 0;0
515 NONE 27787;-17363 0;0
516 NONE 27787;-17363 0;0
517 NONE 27787;-17363 0;0
518 NONE 27787;-17363 0;0
519 NONE 27787;-17363 0;0
520 NONE 27787;-17363 0;0
521 NONE 27787;-17363 0;0
522 NONE 27787;-17363 0;0
523 NONE 27787;-17363 0;0
524 NONE 27787;-17363 0;0
525 NONE 27787;-17363 0;0
526 NONE 27787;-17363 0;0
527 NONE 27787;-17363 0;0
528 NONE 27787;-17363 0;0
529 NONE 27787;-17363 0;0
530 NONE 27787;-17363 0;0
531 NONE 27787;-17363 0;0
532 NONE 27787;-17363 0;0
533 NONE 27787;-17363 0;0
534 KEY_L 28377;-16383 0;0
535 KEY_L 28377;-16383 0;0
536 KEY_A 28377;-16383 0;0
537 NONE 28377;-16383 0;0
538 NONE 28377;-16383 0;0
539 NONE 28377;-16383 0;0
540 NONE 28377;-16383 0;0
541 NONE 28377;-16383 0;0
542 NONE 28377;-16383 0;0
543 NONE 28377;-16383 0;0
544 NONE 28377;-16383 0;0
545 NONE 28377;-16383 0;0
546 NONE 28377;-16383 0;0
547 NONE 28377;-16383 0;0
548 NONE 28377;-16383 0;0
549 NONE 28377;-16383 0;0
550 NONE 28377;-16383 0;0
551 NONE 28377;-16383 0;0
552 NONE 28377;-16383 0;0
553 NONE 28377;-16383 0;0
554 NONE 28377;-16383 0;0
555 NONE 28377;-16383 0;0
556 NONE 28377;-16383 0;0
557 NONE 28377;-16383 0;0
558 NONE 28377;-16383 0;0
559 NONE 28377;-16383 0;0
560 NONE 28377;-16383 0;0
561 NONE 28377;-16383 0;0
562 NONE 28377;-16383 0;0
563 NONE 28377;-16383 0;0
564 NONE 28377;-16383 0;0
565 NONE 28377;-16383 0;0
566 NONE 28377;-16383 0;0
567 NONE 28377;-16383 0;0
568 NONE 28377;-16383 0;0
569 NONE 28377;-16383 0;0
570 NONE 28377;-16383 0;0
571 KEY_L 28377;-16383 0;0
572 KEY_L 28377;-16383 0;0
573 KEY_L 28377;-16383 0;0
574 KEY_A 28377;-16383 0;0
575 NONE 28377;-16383 0;0
576 NONE 28377;-16383 0;0
577 NONE 28377;-16383 0;0
578 NONE 28377;-16383 0;0
579 NONE 28377;-16383 0;0
580 NONE 28377;-16383 0;0
581 NONE 28377;-16383 0;0
582 NONE 28377;-16383 0;0
583 NONE 28377;-16383 0;0
584 NONE 28377;-16383 0;0
585 NONE 28377;-16383 0;0
586 NONE 28377;-16383 0;0
587 NONE 28377;-16383 0;0
588 NONE 28377;-16383 0;0
589 NONE 28377;-16383 0;0
590 NONE 28377;-16383 0;0
591 NONE 28377;-16383 0;0
592 NONE 28377;-16383 0;0
593 NONE 28377;-16383 0;0
594 NONE 28377;-16383 0;0
595 NONE 28377;-16383 0;0
596 NONE 28377;-16383 0;0
597 NONE 28377;-16383 0;0
598 NONE 28377;-16383 0;0
599 NONE 28377;-16383 0;0
600 NONE 28377;-16383 0;0
601 NONE 28377;-16383 0;0
602 NONE 28377;-16383 0;0
603 NONE 28377;-16383 0;0
604 NONE 28377;-16383 0;0
605 NONE 28377;-16383 0;0
606 KEY_L 32050;-6812 0;0
607 KEY_L 32050;-6812 0;0
608 KEY_L 32050;-6812 0;0
609 KEY_L 32050;-6812 0;0
610 KEY_L 32050;-6812 0;0
611 KEY_A 32050;-6812 0;0
612 NONE 32050;-6812 0;0
613 NONE 32050;-6812 0;0
614 NONE 32050;-6812 0;0
615 NONE 32050;-6812 0;0
616 NONE 32050;-6812 0;0
617 NONE 32050;-6812 0;0
618 NONE 23169;23169 0;0
619 NONE 23169;23169 0;0
620 NONE 23169;23169 0;0
621 NONE 23169;23169 0;0
622 NONE 23169;23169 0;0
623 NONE 23169;23169 0;0
624 NONE 23169;23169 0;0
625 NONE 23169;23169 0;0
626 NONE 23169;23169 0;0
627 NONE 23169;23169 0;0
628 NONE 23169;23169 0;0
629 NONE 23169;23169 0;0
630 NONE 23169;23169 0;0
631 NONE 23169;23169 0;0
632 NONE 23169;23169 0;0
633 NONE 23169;23169 0;0
634 NONE 23169;23169 0;0
635 NONE 23169;23169 0;0
636 NONE 23169;23169 0;0
637 NONE 23169;23169 0;0
638 KEY_L 18794;26841 0;0
639 NONE 18794;26841 0;0
640 NONE 18794;26841 0;0
641 NONE 18794;26841 0;0
642 NONE 18794;26841 0;0
643 NONE 18794;26841 0;0
644 NONE 18794;26841 0;0
645 NONE 18794;26841 0;0
646 NONE 18794;26841 0;0
647 NONE 18794;26841 0;0
648 NONE 18794;26841 0;0
649 NONE 18794;26841 0;0
650 NONE 18794;26841 0;0
651 NONE 18794;26841 0;0
652 NONE 18794;26841 0;0
653 NONE 18794;26841 0;0
654 NONE 18794;26841 0;0
655 NONE 18794;26841 0;0
656 NONE 18794;26841 0;0
657 NONE 18794;26841 0;0
658 NONE 18794;26841 0;0
659 NONE 18794;26841 0;0
660 NONE 18794;26841 0;0
661 NONE 18794;26841 0;0
662 NONE 18794;26841 0;0
663 NONE 18794;26841 0;0
664 NONE 18794;26841 0;0
665 NONE 18794;26841 0;0
666 NONE 18794;26841 0;0
667 NONE 18794;26841 0;0
668 NONE 18794;26841 0;0
669 NONE 18794;26841 0;0
670 NONE 18794;26841 0;0
671 NONE 18794;26841 0;0
672 NONE 18794;26841 0;0
673 NONE 18794;26841 0;0
674 NONE 18794;26841 0;0
675 NONE 18794;26841 0;0
676 NONE 18794;26841 0;0
677 NONE 18794;26841 0;0
678 NONE 18794;26841 0;0
679 NONE 18794;26841 0;0
680 NONE 18794;26841 0;0
681 NONE 18794;26841 0;0
682 NONE 18794;26841 0;0
683 NONE 18794;26841 0;0
684 NONE 18794;26841 0;0
685 NONE 18794;26841 0;0
686 NONE 18794;26841 0;0
687 NONE 18794;26841 0;0
688 NONE 18794;26841 0;0
689 NONE 18794;26841 0;0
690 NONE 18794;26841 0;0
691 NONE 18794;26841 0;0
692 NONE 18794;26841 0;0
693 NONE 18794;26841 0;0
694 NONE 18794;26841 0;0
695 NONE 18794;26841 0;0
696 NONE 18794;26841 0;0
697 KEY_A -3159;-3765 0;0
698 KEY_A -21062;-25100 0;0
699 KEY_A -21062;-25100 0;0
700 KEY_A -21062;-25100 0;0
701 KEY_A -21062;-25100 0;0
702 KEY_A -21062;-25100 0;0
703 KEY_A;KEY_R -21062;-25100 0;0
704 KEY_A;KEY_R -19784;-26119 0;0
705 KEY_A;KEY_R -18458;-27073 0;0
706 KEY_A;KEY_R -17085;-27959 0;0
707 KEY_A;KEY_R -15670;-28776 0;0
708 KEY_A;KEY_R -14217;-29522 0;0
709 KEY_A;KEY_R -12727;-30194 0;0
710 KEY_A;KEY_R -11206;-30790 0;0
711 KEY_A;KEY_R -9658;-31311 0;0
712 KEY_A;KEY_R -8085;-31753 0;0
713 KEY_A;KEY_R -6492;-32117 0;0
714 KEY_A;KEY_R -4883;-32401 0;0
715 KEY_A;KEY_R -3262;-32604 0;0
716 KEY_A;KEY_R -1633;-32726 0;0
717 KEY_A;KEY_R 0;-32767 0;0
718 KEY_A 1714;-32722 0;0
719 KEY_A 1714;-32722 0;0
720 KEY_A 1714;-32722 0;0
721 KEY_A 1714;-32722 0;0
722 KEY_A 1714;-32722 0;0
723 KEY_A 1714;-32722 0;0
724 KEY_A 1714;-32722 0;0
725 KEY_A 1714;-32722 0;0
726 KEY_A 1714;-32722 0;0
727 KEY_A 1714;-32722 0;0
728 KEY_A 1714;-32722 0;0
909 KEY_A -2855;-32642 0;0
910 KEY_A -2855;-32642 0;0
911 KEY_A -2855;-32642 0;0
912 KEY_A -2855;-32642 0;0
913 KEY_A -2855;-32642 0;0
914 KEY_A -2855;-32642 0;0
915 KEY_A -2855;-32642 0;0
916 KEY_A -2855;-32642 0;0
917 KEY_A -2855;-32642 0;0
918 KEY_A -2855;-32642 0;0
919 KEY_A -2855;-32642 0;0
920 KEY_A -2855;-32642 0;0
921 KEY_A -2855;-32642 0;0
922 KEY_A -2855;-32642 0;0
923 KEY_A -2855;-32642 0;0
924 KEY_A -2855;-32642 0;0
925 KEY_A -2855;-32642 0;0
926 KEY_A -2855;-32642 0;0
927 KEY_A -2855;-32642 0;0
928 KEY_A -2855;-32642 0;0
929 KEY_A -2855;-32642 0;0
930 KEY_A -2855;-32642 0;0
931 KEY_A -2855;-32642 0;0
932 KEY_A -2855;-32642 0;0
933 KEY_A -2855;-32642 0;0
934 KEY_A -2855;-32642 0;0
935 KEY_A -2855;-32642 0;0
936 KEY_A -2855;-32642 0;0
937 KEY_A -2855;-32642 0;0
938 KEY_A -2855;-32642 0;0
939 KEY_A -2855;-32642 0;0
940 KEY_A -2855;-32642 0;0
941 KEY_A -2855;-32642 0;0
942 KEY_A -2855;-32642 0;0
943 KEY_A -2855;-32642 0;0
944 KEY_A -2855;-32642 0;0
945 KEY_A -2855;-32642 0;0
946 KEY_A -2855;-32642 0;0
947 KEY_A -2855;-32642 0;0
948 KEY_A -2855;-32642 0;0
949 KEY_A -2855;-32642 0;0
950 KEY_A -2855;-32642 0;0
951 KEY_A -2855;-32642 0;0
952 KEY_A;KEY_L -2855;-32642 0;0
953 KEY_A -2855;-32642 0;-32767
954 KEY_A -2855;-32642 0;-32767
955 KEY_A 2855;32642 0;-32767
956 KEY_A 2855;32642 0;-32767
957 KEY_A 2855;32642 0;-32767
958 KEY_A 2855;32642 0;-32767
959 KEY_A 2855;32642 0;-32767
960 KEY_A 2855;32642 0;-32767
961 KEY_A 2855;32642 0;-32767
962 KEY_A 2855;32642 0;-32767
963 KEY_A 2855;32642 0;-32767
964 KEY_A 2855;32642 0;-32767
965 NONE 2855;32642 0;-32767
966 NONE 2855;32642 0;-32767
967 NONE 2855;32642 0;-32767
968 NONE 2855;32642 0;-32767
969 NONE 2855;32642 0;-32767
970 NONE 2855;32642 0;-32767
971 NONE 2855;32642 0;-32767
972 NONE 2855;32642 32050;-6812
973 NONE 2855;32642 32050;-6812
974 NONE 2855;32642 32050;-6812
975 NONE 2855;32642 32050;-6812
976 NONE 2855;32642 32050;-6812
977 NONE 2855;32642 32050;-6812
978 NONE 2855;32642 32050;-6812
979 NONE 2855;32642 32050;-6812
980 NONE 2855;32642 32050;-6812
981 NONE 2855;32642 32050;-6812
982 NONE 2855;32642 32050;-6812
983 NONE 2855;32642 32050;-6812
984 NONE 2855;32642 32050;-6812
985 NONE 2855;32642 32050;-6812
986 NONE 2855;32642 32050;-6812
987 NONE 2855;32642 32050;-6812
988 KEY_L 2855;32642 32050;-6812
989 NONE 2855;32642 32050;-6812
990 NONE 1339;32739 32050;-6812
991 NONE -178;32766 32050;-6812
992 NONE -1697;32723 32050;-6812
993 NONE -3211;32609 32050;-6812
994 NONE -4719;32425 32050;-6812
995 NONE -6217;32171 32050;-6812
996 NONE -7701;31849 32050;-6812
997 NONE -9169;31457 32050;-6812
998 NONE -10617;30999 32050;-6812
999 NONE -12042;30473 32050;-6812
1000 NONE -13441;29883 32050;-6812
1001 NONE -14812;29227 32050;-6812
1002 NONE -16150;28510 32050;-6812
1003 NONE -17454;27731 32050;-6812
1004 NONE -18721;26892 32050;-6812
1005 NONE -19947;25995 32050;-6812
1006 NONE -21130;25043 32050;-6812
1007 NONE -22268;24037 32050;-6812
1008 NONE -23358;22979 32050;-6812
1009 NONE -24398;21872 32050;-6812
1010 NONE -25385;20718 32050;-6812
1011 NONE -26318;19519 32050;-6812
1012 NONE -27195;18278 32050;-6812
1013 NONE -28012;16998 32050;-6812
1014 NONE -28770;15682 32050;-6812
1015 NONE -29466;14331 32050;-6812
1016 NONE -30098;12950 32050;-6812
1017 NONE -30666;11542 32050;-6812
1018 NONE -31168;10108 32050;-6812
1019 NONE -31603;8653 32050;-6812
1020 NONE -31970;7179 32050;-6812
1021 NONE -32269;5689 32050;-6812
1022 KEY_A -32522;3993 32050;-6812
1023 KEY_A -32522;3993 32050;-6812
1024 NONE -32687;2285 32050;-6812
1025 NONE -32762;519 32050;-6812
1026 NONE -32743;-1247 32050;-6812
1027 NONE -32628;-3011 32050;-6812
1028 NONE -32418;-4766 32050;-6812
1029 NONE -32114;-6507 32050;-6812
1030 NONE -31716;-8229 32050;-6812
1031 NONE -31226;-9927 32050;-6812
1032 NONE -30646;-11596 32050;-6812
1033 NONE -29976;-13232 32050;-6812
1034 NONE -29219;-14829 32050;-6812
1035 NONE -28377;-16383 32050;-6812
1036 KEY_ZL -26509;-19259 32050;-6812
1037 KEY_ZR -25464;-20620 32050;-6812
1038 KEY_ZR;KEY_Y -25464;-20620 32050;-6812
1039 NONE 0;0 32050;-6812
1040 NONE 0;0 32050;-6812
1041 NONE 0;0 32050;-6812
1042 NONE 0;0 32050;-6812
1043 NONE 0;0 32050;-6812
1044 NONE 0;0 32050;-6812
1045 NONE 0;0 32050;-6812
1046 NONE 0;0 32050;-6812
1047 NONE 0;0 32050;-6812
1048 NONE 0;0 32050;-6812
1249 NONE 0;-32767 0;0
1250 NONE 0;-32767 0;0
1251 NONE 0;-32767 0;0
1252 NONE 0;-32767 0;0
1253 NONE 0;-32767 0;0
1254 KEY_ZL 0;-32767 0;0
1255 KEY_ZL;KEY_Y 0;-32767 0;0
1256 KEY_ZL;KEY_R 0;0 0;0
1257 KEY_ZL 0;0 0;0
1258 KEY_ZL 0;0 0;0
1259 KEY_ZL 0;0 0;0
1260 KEY_ZL 0;0 0;0
1261 KEY_ZL 0;0 0;0
1262 KEY_ZL 0;0 0;0
1263 KEY_ZL 0;0 0;0
1264 KEY_ZL 0;0 0;0
1265 KEY_ZL 0;0 0;0
1266 KEY_ZL 0;0 0;0
1267 KEY_ZL 0;0 0;0
1268 KEY_ZL 0;0 0;0
1269 KEY_ZL 0;0 0;0
1270 KEY_ZL 0;0 0;0
1271 KEY_ZL 0;0 0;0
1272 KEY_ZL 0;0 0;0
1273 KEY_ZL 0;0 0;0
1274 KEY_ZL 0;0 0;0
1275 KEY_ZL 0;0 0;0
1276 KEY_ZL 0;0 0;0
1277 KEY_ZL 0;0 0;0
1278 KEY_ZL 0;0 0;0
1279 KEY_ZL 0;0 0;0
1280 KEY_ZL 0;0 0;0
1281 KEY_ZL 0;0 0;0
1282 KEY_ZL 0;0 0;0
1283 KEY_ZL 0;0 0;0
1284 KEY_ZL 0;0 0;0
1285 KEY_ZL 0;0 0;0
1286 KEY_ZL 0;0 0;0
1287 KEY_ZL 0;0 0;0
1288 KEY_ZL 0;0 0;0
1289 KEY_ZL 0;32767 0;0
1290 KEY_ZL 0;32767 0;0
1291 KEY_ZL 0;32767 0;0
1292 KEY_ZL 0;32767 0;0
1293 KEY_ZL 0;32767 0;0
1294 KEY_ZL 0;32767 0;0
1295 KEY_ZL 0;32767 0;0
1296 KEY_ZL 0;32767 0;0
1297 KEY_ZL 0;32767 0;0
1298 KEY_ZL 0;32767 0;0
1299 KEY_ZL 0;32767 0;0
1300 KEY_ZL 0;32767 0;0
1301 KEY_ZL 0;32767 0;0
1302 KEY_ZL 0;32767 0;0
1303 KEY_ZL 0;32767 0;0
1304 KEY_ZL 0;32767 0;0
1305 KEY_ZL 0;32767 0;0
1306 KEY_ZL 0;32767 0;0
1307 KEY_ZL 0;32767 0;0
1308 KEY_ZL 0;32767 0;0
1309 KEY_ZL 0;32767 0;0
1310 KEY_ZL 0;32767 0;0
1311 KEY_ZL 0;32767 0;0
1312 KEY_ZL 0;32767 0;0
1313 KEY_ZL 0;32767 0;0
1314 KEY_ZL 0;32767 0;0
1315 KEY_ZL 0;32767 0;0
1316 KEY_ZL 0;32767 0;0
1317 KEY_ZL 0;32767 0;0
1318 KEY_ZL 0;32767 0;0
1319 KEY_ZL;KEY_L 0;32767 0;0
1320 KEY_ZL 0;32767 0;0
1321 KEY_ZL 0;32767 0;0
1322 KEY_ZL 0;32767 0;0
1323 KEY_ZL 0;32767 0;0
1324 KEY_ZL 0;32767 0;0
1325 KEY_ZL 0;32767 0;0
1326 KEY_ZL 0;32767 0;0
1327 KEY_ZL 0;32767 0;0
1328 KEY_ZL 0;32767 0;0
1329 KEY_ZL 0;32767 0;0
1330 KEY_ZL 0;32767 0;0
1331 KEY_ZL 0;32767 0;0
1332 KEY_ZL 0;32767 0;0
1333 KEY_ZL 0;32767 0;0
1334 KEY_ZL 0;32767 0;0
1335 KEY_ZL;KEY_L 0;32767 0;0
1336 KEY_ZL 0;32767 0;0
1337 KEY_ZL 0;32767 0;0
1338 KEY_ZL 0;32767 0;0
1339 KEY_ZL 0;32767 0;0
1340 KEY_ZL 0;32767 0;0
1341 KEY_ZL 0;32767 0;0
1342 KEY_ZL 0;32767 0;0
1343 KEY_ZL 0;32767 0;0
1344 KEY_ZL 0;32767 0;0
1345 KEY_ZL 0;32767 0;0
1346 KEY_ZL 0;32767 0;0
1347 KEY_ZL 0;32767 0;0
1348 KEY_ZL 0;32767 0;0
1349 KEY_ZL 0;32767 0;0
1350 KEY_ZL 0;32767 0;0
1351 KEY_ZL;KEY_L 0;32767 0;0
