1 NONE -23169;23169 0;0
2 NONE -23169;23169 0;0
3 NONE -23169;23169 0;0
4 NONE -23169;23169 0;0
5 NONE -23169;23169 0;0
6 NONE -23169;23169 0;0
7 NONE -23169;23169 0;0
8 NONE -23169;23169 0;0
9 NONE -23169;23169 0;0
10 NONE -23169;23169 0;0
11 KEY_ZL 0;0 0;0
12 KEY_ZL;KEY_Y 0;0 0;0
195 NONE 0;32767 0;0
196 NONE -28377;-16383 0;0
197 NONE 28377;-16383 0;0
198 NONE 0;32767 0;0
199 NONE -28377;-16383 0;0
200 NONE 28377;-16383 0;0
201 NONE 0;32767 0;0
202 NONE -28377;-16383 0;0
203 NONE 28377;-16383 0;0
204 NONE 0;32767 0;0
205 NONE -28377;-16383 0;0
206 NONE 28377;-16383 0;0
207 NONE 0;32767 0;0
208 NONE -28377;-16383 0;0
209 NONE 28377;-16383 0;0
210 NONE 0;32767 0;0
211 NONE -28377;-16383 0;0
212 NONE 28377;-16383 0;0
213 NONE 0;32767 0;0
214 NONE -28377;-16383 0;0
215 NONE 28377;-16383 0;0
216 NONE 0;32767 0;0
217 NONE -28377;-16383 0;0
218 NONE 28377;-16383 0;0
219 NONE 0;32767 0;0
220 NONE -28377;-16383 0;0
221 NONE 28377;-16383 0;0
222 NONE 0;32767 0;0
223 NONE -28377;-16383 0;0
224 NONE 28377;-16383 0;0
225 NONE 0;32767 0;0
226 NONE -28377;-16383 0;0
227 KEY_A 0;0 0;0
228 KEY_ZL 5689;-32269 0;0
229 KEY_ZL 5689;-32269 0;0
230 KEY_ZL 5689;-32269 0;0
231 KEY_ZL 5689;-32269 0;0
232 KEY_ZL 5689;-32269 0;0
233 KEY_ZL 5689;-32269 0;0
234 KEY_ZL 5689;-32269 0;0
235 KEY_ZL;KEY_Y 0;0 0;0
236 KEY_ZL 0;0 0;0
237 KEY_ZL 0;0 0;0
238 KEY_ZL 0;0 0;0
239 KEY_ZL 0;0 0;0
240 KEY_ZL 0;0 0;0
241 KEY_ZL 0;32767 0;-32767
242 KEY_ZL -28377;-16383 0;-32767
243 KEY_ZL 28377;-16383 0;-32767
244 KEY_ZL 0;32767 0;-32767
245 KEY_ZL -28377;-16383 0;-32767
246 KEY_ZL 28377;-16383 0;-32767
247 KEY_ZL 0;32767 0;-32767
248 KEY_ZL -28377;-16383 0;-32767
249 KEY_ZL 28377;-16383 0;-32767
250 KEY_ZL 0;32767 0;-32767
251 KEY_ZL -28377;-16383 0;-32767
252 KEY_ZL 28377;-16383 0;-32767
253 KEY_ZL 0;32767 0;-32767
254 KEY_ZL -28377;-16383 0;-32767
255 KEY_ZL 28377;-16383 0;-32767
256 KEY_ZL 0;32767 0;-32767
257 KEY_ZL -28377;-16383 0;-32767
258 KEY_ZL 28377;-16383 0;-32767
259 KEY_ZL 0;32767 0;-32767
260 KEY_ZL -28377;-16383 0;-32767
261 KEY_ZL 28377;-16383 0;-32767
262 KEY_ZL 0;32767 0;-32767
263 KEY_ZL -28377;-16383 0;-32767
264 KEY_ZL 28377;-16383 0;-32767
265 KEY_ZL 0;32767 0;-32767
266 KEY_L;KEY_A 0;0 0;-32767
267 NONE 32269;5689 0;-32767
268 NONE 5689;-32269 0;-32767
269 NONE 5689;-32269 0;-32767
270 NONE 5689;-32269 0;-32767
271 NONE 5689;-32269 0;-32767
272 NONE 5689;-32269 0;-32767
273 NONE 5689;-32269 0;-32767
274 KEY_A 5689;-32269 0;-32767
275 KEY_A 5689;-32269 0;-32767
276 KEY_A 5689;-32269 0;-32767
277 KEY_A 5689;-32269 0;-32767
278 KEY_A 5689;-32269 0;-32767
279 KEY_A 5689;-32269 0;-32767
280 NONE 5689;-32269 0;-32767
281 NONE 5689;-32269 0;-32767
282 NONE 5689;-32269 0;-32767
283 NONE 5689;-32269 0;-32767
284 NONE 5689;-32269 0;-32767
285 NONE 5689;-32269 0;-32767
286 NONE 0;32767 0;-32767
287 NONE -28377;-16383 0;-32767
288 NONE 28377;-16383 0;-32767
289 NONE 0;32767 0;-32767
290 NONE -28377;-16383 0;-32767
291 NONE 28377;-16383 0;-32767
292 NONE 0;32767 0;-32767
293 NONE -28377;-16383 0;-32767
294 NONE 28377;-16383 0;-32767
295 KEY_A 0;0 0;-32767
296 KEY_ZL 17266;-27848 0;-32767
297 KEY_ZL 17266;-27848 0;-32767
298 KEY_ZL 17266;-27848 0;-32767
299 KEY_ZL 17266;-27848 0;-32767
300 KEY_ZL 17266;-27848 0;-32767
301 KEY_ZL 17266;-27848 0;-32767
302 KEY_ZL 17266;-27848 0;-32767
303 KEY_ZL;KEY_Y 0;0 0;0
304 KEY_R 0;0 0;0
305 KEY_R 0;0 0;0
306 KEY_R 0;0 0;0
307 KEY_R 0;0 0;0
308 KEY_R 0;0 0;0
309 KEY_R 0;0 0;0
310 KEY_R 0;0 0;0
311 KEY_R 0;0 0;0
312 KEY_R 0;0 0;0
313 KEY_R 0;0 0;0
314 KEY_R 0;0 0;0
315 NONE 0;0 -32767;0
316 NONE 0;0 0;-32767
317 NONE 0;0 0;-32767
318 NONE 0;0 0;-32767
319 NONE 0;0 0;-32767
320 NONE 0;0 0;-32767
321 NONE -25100;21062 0;0
322 NONE -25100;21062 0;0
323 NONE -25100;21062 0;0
324 NONE -25100;21062 0;0
325 NONE -25100;21062 0;0
326 NONE -25100;21062 0;0
327 NONE -25100;21062 0;0
328 NONE -25100;21062 0;0
329 NONE -25100;21062 0;0
330 NONE -25100;21062 0;0
331 NONE -25100;21062 0;0
332 NONE -25100;21062 0;0
333 NONE -25100;21062 0;0
334 NONE -25100;21062 0;0
335 NONE -25100;21062 0;0
336 NONE -25100;21062 0;0
337 NONE -25100;21062 0;0
338 NONE -25100;21062 0;0
339 NONE -25100;21062 0;0
340 NONE -25100;21062 0;0
341 NONE -25100;21062 0;0
342 NONE -25100;21062 0;0
343 NONE -25100;21062 0;0
344 NONE -25100;21062 0;0
345 NONE -25100;21062 0;0
346 NONE -25100;21062 0;0
347 NONE -25100;21062 0;0
348 NONE -25100;21062 0;0
349 NONE -25100;21062 0;0
350 NONE -25100;21062 0;0
351 NONE -25100;21062 0;0
352 NONE -25100;21062 0;0
353 NONE -25100;21062 0;0
354 NONE -25100;21062 0;0
355 NONE -25100;21062 0;0
356 NONE -25100;21062 0;0
357 NONE -25100;21062 0;0
358 NONE -25100;21062 0;0
359 NONE -25100;21062 0;0
360 NONE -25100;21062 0;0
361 NONE -25100;21062 0;0
362 NONE -25100;21062 0;0
363 NONE -25100;21062 0;0
364 NONE -25100;21062 0;0
365 NONE -25100;21062 0;0
366 NONE -25100;21062 0;0
367 NONE -25100;21062 0;0
368 NONE -25100;21062 0;0
369 NONE -25100;21062 0;0
370 NONE -25100;21062 0;0
371 NONE -25100;21062 0;0
372 NONE -25100;21062 0;0
373 NONE -25100;21062 0;0
374 NONE -25100;21062 0;0
375 NONE -25100;21062 0;0
376 NONE -25100;21062 0;0
377 NONE -25100;21062 0;0
378 NONE -25100;21062 0;0
379 NONE -25100;21062 0;0
380 NONE -25100;21062 0;0
381 NONE -25100;21062 0;0
382 NONE -25100;21062 0;0
383 NONE -25100;21062 0;0
384 NONE -25100;21062 0;0
385 NONE -25100;21062 0;0
386 NONE -25100;21062 0;0
387 NONE -25100;21062 0;0
388 NONE -25100;21062 0;0
389 NONE -25100;21062 0;0
390 NONE -25100;21062 0;0
391 NONE -25100;21062 0;0
392 NONE -25100;21062 0;0
393 NONE -25100;21062 0;0
394 NONE -25100;21062 0;0
395 NONE -25100;21062 0;0
396 NONE -25100;21062 0;0
397 NONE -25100;21062 0;0
398 NONE -25100;21062 0;0
399 NONE -25100;21062 0;0
400 NONE -25100;21062 0;0
401 NONE -25100;21062 0;0
402 NONE -25100;21062 0;0
403 NONE -25100;21062 0;0
404 NONE -25100;21062 0;0
405 NONE -25100;21062 0;0
406 NONE -25100;21062 0;0
407 NONE -25100;21062 0;0
408 NONE -25100;21062 0;0
409 NONE -25100;21062 0;0
410 NONE -25100;21062 0;0
411 NONE -25100;21062 0;0
412 NONE -25100;21062 0;0
413 NONE -25100;21062 0;0
414 NONE -25100;21062 0;0
415 NONE -25100;21062 0;0
416 NONE -25100;21062 0;0
417 NONE -25100;21062 0;0
418 NONE -25100;21062 0;0
419 NONE -25100;21062 0;0
420 NONE -25100;21062 0;0
421 NONE -25100;21062 0;0
422 NONE -25100;21062 0;0
423 NONE -25100;21062 0;0
424 NONE -25100;21062 0;0
425 NONE -25100;21062 0;0
426 NONE -25100;21062 0;0
427 NONE -25100;21062 0;0
428 NONE -25100;21062 0;0
429 NONE -25100;21062 0;0
430 NONE -25100;21062 0;0
431 NONE -25100;21062 0;0
432 NONE -25100;21062 0;0
433 NONE -25100;21062 0;0
434 NONE -25100;21062 0;0
435 NONE -25100;21062 0;0
436 NONE -25100;21062 0;0
437 NONE -25100;21062 0;0
438 NONE -25100;21062 0;0
439 NONE -25100;21062 0;0
440 NONE -25100;21062 0;0
441 NONE -25100;21062 0;0
442 NONE -25100;21062 0;0
443 NONE -25100;21062 0;0
444 NONE -25100;21062 0;0
445 NONE -25100;21062 0;0
446 NONE -25100;21062 0;0
447 NONE -25100;21062 0;0
448 NONE -25100;21062 0;0
449 NONE -25100;21062 0;0
450 NONE -25100;21062 0;0
451 NONE -25100;21062 0;0
452 NONE -25100;21062 0;0
453 NONE -25100;21062 0;0
454 NONE -25100;21062 0;0
455 NONE -25100;21062 0;0
456 NONE -25100;21062 0;0
457 NONE -25100;21062 0;0
458 NONE -25100;21062 0;0
459 NONE -25100;21062 0;0
460 NONE -25100;21062 0;0
461 NONE -25100;21062 0;0
462 NONE -25100;21062 0;0
463 NONE -25100;21062 0;0
464 NONE -25100;21062 0;0
465 NONE -25100;21062 0;0
466 NONE -25100;21062 0;0
467 NONE -25100;21062 0;0
468 NONE -25100;21062 0;0
469 NONE -25100;21062 0;0
470 NONE -25100;21062 0;0
471 NONE -25100;21062 0;0
472 NONE -25100;21062 0;0
473 NONE -25100;21062 0;0
474 NONE -25100;21062 0;0
475 NONE -25100;21062 0;0
476 NONE -25100;21062 0;0
477 NONE -25100;21062 0;0
478 NONE -25100;21062 0;0
479 NONE -25100;21062 0;0
480 NONE -25100;21062 0;0
481 NONE -25100;21062 0;0
482 NONE -25100;21062 0;0
483 NONE -25100;21062 0;0
484 NONE -25100;21062 0;0
485 NONE -25100;21062 0;0
486 NONE -25100;21062 0;0
487 NONE -25100;21062 0;0
488 NONE -25100;21062 0;0
489 NONE -25100;21062 0;0
490 NONE -25100;21062 0;0
491 NONE -25100;21062 0;0
492 NONE -25100;21062 0;0
493 NONE -25100;21062 0;0
494 NONE -25100;21062 0;0
495 NONE -25100;21062 0;0
496 NONE -25100;21062 0;0
497 NONE -25100;21062 0;0
498 NONE -25100;21062 0;0
499 NONE -25100;21062 0;0
500 NONE -25100;21062 0;0
501 NONE -25100;21062 0;0
502 NONE -25100;21062 0;0
503 NONE -25100;21062 0;0
504 NONE -25100;21062 0;0
505 NONE -25100;21062 0;0
506 NONE -25100;21062 0;0
507 NONE -25100;21062 0;0
508 KEY_L -25100;21062 0;0
509 KEY_Y -32642;-2855 0;0
510 KEY_Y 571;32762 0;0
511 KEY_Y 571;32762 0;0
512 KEY_Y 571;32762 0;0
513 KEY_Y 571;32762 0;0
514 KEY_Y 571;32762 0;0
515 KEY_Y 571;32762 0;0
516 KEY_Y 571;32762 0;0
517 KEY_Y 571;32762 0;0
518 KEY_Y 571;32762 0;0
519 KEY_Y 571;32762 0;0
520 KEY_Y 571;32762 0;0
521 KEY_Y 571;32762 0;0
522 KEY_Y 571;32762 0;0
523 KEY_A;KEY_Y 21062;25100 0;0
524 KEY_A;KEY_Y 21062;25100 0;0
525 KEY_A;KEY_Y 21062;25100 0;0
526 KEY_A;KEY_Y 21062;25100 0;0
527 KEY_A;KEY_Y 21062;25100 0;0
528 KEY_A;KEY_Y 21062;25100 0;0
529 KEY_A;KEY_Y 21062;25100 0;0
530 KEY_Y 21062;25100 0;0
531 KEY_Y 21062;25100 0;0
532 KEY_Y 21062;25100 0;0
533 KEY_Y 21062;25100 0;0
534 KEY_Y 21062;25100 0;0
535 KEY_Y 21062;25100 0;0
536 KEY_Y 21062;25100 0;0
537 KEY_Y 21062;25100 0;0
538 KEY_Y 21062;25100 0;0
539 KEY_Y 21062;25100 0;0
540 KEY_Y 21062;25100 0;0
541 KEY_Y 21062;25100 0;0
542 KEY_Y 21062;25100 0;0
543 KEY_Y 21062;25100 0;0
544 KEY_Y 21062;25100 0;0
545 KEY_Y 0;32767 0;0
546 KEY_Y 0;32767 0;0
547 KEY_Y 0;32767 0;0
548 KEY_Y 0;32767 0;0
549 KEY_Y 0;32767 0;0
550 KEY_A;KEY_Y -26841;18794 0;0
551 KEY_A;KEY_Y -26841;18794 0;0
552 KEY_A;KEY_Y -26841;18794 0;0
553 KEY_A;KEY_Y -26841;18794 0;0
554 KEY_A;KEY_Y -26841;18794 0;0
555 KEY_A;KEY_Y -26841;18794 0;0
556 KEY_A;KEY_Y -26841;18794 0;0
557 KEY_A;KEY_Y -26841;18794 0;0
558 KEY_A;KEY_Y -26841;18794 0;0
559 KEY_A;KEY_Y -26841;18794 0;0
560 KEY_Y -26841;18794 0;0
561 KEY_Y -26841;18794 0;0
562 KEY_Y -26841;18794 0;0
563 KEY_Y -26841;18794 0;0
564 KEY_Y -26841;18794 0;0
565 KEY_Y -26841;18794 0;0
566 KEY_Y -26841;18794 0;0
567 KEY_Y -26841;18794 0;0
568 KEY_Y -26841;18794 0;0
569 KEY_Y -26841;18794 0;0
570 KEY_Y -26841;18794 0;0
571 KEY_Y -26841;18794 0;0
572 KEY_Y -26841;18794 0;0
573 KEY_Y -26841;18794 0;0
574 KEY_Y -26841;18794 0;0
575 KEY_Y -26841;18794 0;0
576 KEY_Y -26841;18794 0;0
577 KEY_Y -26841;18794 0;0
578 KEY_Y -26841;18794 0;0
579 KEY_Y 9830;0 0;0
580 KEY_A;KEY_Y 25100;21062 0;0
581 KEY_A;KEY_Y 25100;21062 0;0
582 KEY_A;KEY_Y 25100;21062 0;0
583 KEY_A;KEY_Y 25100;21062 0;0
584 KEY_A;KEY_Y 25100;21062 0;0
585 KEY_A;KEY_Y 25100;21062 0;0
586 KEY_A;KEY_Y 25100;21062 0;0
587 KEY_A;KEY_Y 25100;21062 0;0
588 KEY_A;KEY_Y 25100;21062 0;0
589 KEY_Y 25100;21062 0;0
590 KEY_Y 25100;21062 0;0
591 KEY_Y 25100;21062 0;0
592 NONE 25100;21062 0;0
593 NONE 25100;21062 0;0
594 NONE 25100;21062 0;0
595 NONE 25100;21062 0;0
596 NONE 25100;21062 0;0
597 NONE 25100;21062 0;0
598 NONE 25100;21062 0;0
599 NONE 25100;21062 0;0
600 NONE 25100;21062 0;0
601 NONE 25100;21062 0;0
602 NONE 25100;21062 0;0
603 NONE 25100;21062 0;0
604 NONE 25100;21062 0;0
605 NONE 25100;21062 0;0
606 NONE 25100;21062 0;0
607 NONE 25100;21062 0;0
608 NONE 25100;21062 0;0
609 NONE 25100;21062 0;0
610 NONE 25100;21062 0;0
611 NONE 25100;21062 0;0
612 NONE 25100;21062 0;0
613 NONE 25100;21062 0;0
614 NONE 25100;21062 0;0
615 NONE 25100;21062 0;0
616 NONE 25100;21062 0;0
617 NONE 25100;21062 0;0
618 NONE 25100;21062 0;0
619 NONE 25100;21062 0;0
620 NONE 25100;21062 0;0
621 NONE 25100;21062 0;0
622 NONE 25100;21062 0;0
623 NONE 25100;21062 0;0
624 NONE 25100;21062 0;0
625 NONE 25100;21062 0;0
626 NONE 25100;21062 0;0
627 NONE 25100;21062 0;0
628 NONE 25100;21062 0;0
629 NONE 25100;21062 0;0
630 NONE 25100;21062 0;0
631 NONE 25100;21062 0;0
632 NONE 25100;21062 0;0
633 NONE 25100;21062 0;0
634 NONE 21062;25100 0;0
635 NONE 21062;25100 0;0
636 NONE 21062;25100 0;0
637 KEY_A 21062;25100 0;0
638 KEY_A 21062;25100 0;0
639 KEY_A 21062;25100 0;0
640 KEY_A 21062;25100 0;0
641 KEY_A 21062;25100 0;0
642 KEY_A 21062;25100 0;0
643 KEY_A 21062;25100 0;0
644 KEY_A 21062;25100 0;0
645 KEY_A 21062;25100 0;0
646 KEY_A 21062;25100 0;0
647 KEY_A 21062;25100 0;0
648 KEY_A 21062;25100 0;0
649 KEY_A 21062;25100 0;0
650 KEY_A 21062;25100 0;0
651 KEY_A 21062;25100 0;0
652 NONE 21062;25100 0;0
653 NONE 21062;25100 0;0
654 NONE 21062;25100 0;0
655 NONE 21062;25100 0;0
656 NONE -21062;25100 0;0
657 NONE -21062;25100 0;0
658 NONE -21062;25100 0;0
659 NONE -21062;25100 0;0
660 NONE -21062;25100 0;0
661 NONE -21062;25100 0;0
662 NONE -21062;25100 0;0
663 NONE -21062;25100 0;0
664 NONE -21062;25100 0;0
665 NONE -21062;25100 0;0
666 NONE -21062;25100 0;0
667 KEY_A -21062;25100 0;0
668 KEY_A -21062;25100 0;0
669 KEY_A -21062;25100 0;0
670 KEY_A -21062;25100 0;0
671 KEY_A -21062;25100 0;0
672 KEY_A -21062;25100 0;0
673 KEY_A -21062;25100 0;0
674 KEY_A -21062;25100 0;0
675 KEY_A -21062;25100 0;0
676 KEY_A -21062;25100 0;0
677 NONE -21062;25100 -23169;23169
678 NONE -20747;25361 -23169;23169
679 NONE -20429;25618 -23169;23169
680 NONE -20108;25870 -23169;23169
681 NONE -19784;26119 -23169;23169
682 NONE -19457;26364 -23169;23169
683 NONE -19127;26604 -23169;23169
684 NONE -18794;26841 -23169;23169
685 NONE -18458;27073 -23169;23169
686 NONE -18119;27301 -23169;23169
687 NONE -17777;27525 -23169;23169
688 NONE -17433;27744 -23169;23169
689 NONE -17085;27959 -23169;23169
690 NONE -16735;28170 -23169;23169
691 NONE -16383;28377 -23169;23169
692 NONE -16383;28377 0;0
693 NONE -16383;28377 0;0
694 NONE -16383;28377 0;0
695 NONE -16383;28377 0;0
696 NONE -16383;28377 0;0
697 NONE -16383;28377 0;0
698 NONE -16383;28377 0;0
699 NONE -16383;28377 0;0
700 NONE -16383;28377 0;0
701 NONE -16383;28377 0;0
702 NONE -16383;28377 0;0
703 NONE -16383;28377 0;0
704 NONE -16383;28377 0;0
705 NONE -16383;28377 0;0
706 NONE -16383;28377 0;0
707 NONE -16383;28377 0;0
708 NONE -16383;28377 0;0
709 NONE -16383;28377 0;0
710 NONE -16383;28377 0;0
711 NONE -16383;28377 0;0
712 KEY_A -16383;28377 0;0
713 KEY_A -21062;25100 0;0
714 KEY_A -21062;25100 0;0
715 KEY_A -21062;25100 0;0
716 KEY_A -21062;25100 0;0
717 KEY_A -21062;25100 0;0
718 KEY_A -21062;25100 0;0
719 KEY_A -21062;25100 0;0
720 KEY_A -21062;25100 0;0
721 KEY_A -21062;25100 0;0
722 KEY_A -21062;25100 0;0
723 NONE -21062;25100 0;0
724 NONE -21062;25100 0;0
725 NONE -21062;25100 0;0
726 NONE -21062;25100 0;0
727 NONE -21062;25100 0;0
728 NONE -21062;25100 0;0
729 NONE -21062;25100 0;0
730 NONE -21062;25100 0;0
731 NONE -21062;25100 0;0
732 NONE -21062;25100 0;0
733 NONE -21062;25100 0;0
734 NONE -21062;25100 0;0
735 NONE -21062;25100 0;0
736 NONE -21062;25100 0;0
737 NONE -21062;25100 0;0
738 NONE -21062;25100 0;0
739 NONE -21062;25100 0;0
740 NONE -21062;25100 0;0
741 NONE -21062;25100 0;0
742 NONE -21062;25100 0;0
743 NONE -21062;25100 0;0
744 NONE -21062;25100 0;0
745 NONE -21062;25100 0;0
746 NONE -21062;25100 0;0
747 NONE -21062;25100 0;0
748 NONE -21062;25100 0;0
749 NONE -21062;25100 0;0
750 KEY_L -16383;28377 0;0
751 NONE -4560;32448 0;0
752 NONE -4560;32448 0;0
753 NONE -4560;32448 0;0
754 NONE -4560;32448 0;0
755 NONE -4560;32448 0;0
756 NONE -4560;32448 0;0
757 NONE -4560;32448 0;0
758 KEY_ZL -4560;32448 0;0
759 KEY_ZL;KEY_Y -4560;32448 0;0
760 KEY_Y -4560;32448 0;0
761 KEY_Y -4560;32448 0;0
762 KEY_Y -4560;32448 0;0
763 KEY_Y -4560;32448 0;0
764 KEY_Y -4560;32448 0;0
765 KEY_ZL 0;0 0;0
766 KEY_ZL;KEY_Y 0;0 0;0
786 KEY_A -2855;32642 0;0
787 KEY_A -2855;32642 0;0
788 KEY_A -2855;32642 0;0
789 KEY_A -2855;32642 0;0
790 KEY_A -2855;32642 0;0
791 KEY_A -2855;32642 0;0
792 KEY_A -2855;32642 0;0
793 KEY_A -2855;32642 0;0
794 KEY_A -2855;32642 0;0
795 KEY_A -2855;32642 0;0
796 KEY_A -2855;32642 0;0
797 KEY_A -2855;32642 0;0
798 KEY_A -2855;32642 0;0
799 KEY_A -2855;32642 0;0
800 KEY_A -2855;32642 0;0
801 NONE -2855;32642 0;0
802 NONE -2855;32642 0;0
803 NONE -2855;32642 0;0
804 NONE -2855;32642 0;0
805 NONE -2855;32642 0;0
806 NONE -2855;32642 0;0
807 NONE -2855;32642 0;0
808 NONE -2855;32642 0;0
809 NONE -2855;32642 0;0
810 KEY_DUP 0;32767 0;0
811 NONE 0;-32767 0;0
812 NONE -32767;0 0;0
813 NONE -32767;0 0;0
814 NONE -32767;0 0;0
815 NONE -32767;0 0;0
816 NONE -32767;0 0;0
817 NONE -32767;0 0;0
818 NONE -32767;0 0;0
819 NONE -32767;0 0;0
820 NONE -32767;0 0;0
821 NONE -32767;0 0;0
822 NONE -32767;0 0;0
823 NONE -32767;0 0;0
824 NONE -32767;0 0;0
825 NONE -32767;0 0;0
826 NONE -32767;0 0;0
827 NONE -32767;0 0;0
828 NONE -32767;0 0;0
829 NONE -32767;0 0;0
830 NONE -32767;0 0;0
831 NONE -32767;0 0;0
832 NONE -32767;0 0;0
833 NONE -32767;0 0;0
834 NONE -32767;0 0;0
835 NONE -32767;0 0;0
836 NONE -32767;0 0;0
837 KEY_A -32767;0 0;0
852 KEY_L 0;0 0;0
853 NONE -28233;-16630 0;0
865 KEY_ZL 0;0 0;0
866 KEY_ZL;KEY_Y 0;0 0;0
867 NONE 0;0 32767;0
1092 KEY_ZL 0;0 0;0
1093 KEY_ZL;KEY_Y 0;0 0;0
1094 KEY_ZL 0;0 -31650;-8480
1095 KEY_ZL 0;0 -31650;-8480
1096 KEY_ZL 0;0 -31650;-8480
1097 KEY_ZL 0;0 -31650;-8480
1098 KEY_ZL 0;0 -31650;-8480
1099 KEY_ZL 0;0 -31650;-8480
1100 KEY_ZL 0;0 -31650;-8480
1101 KEY_ZL 0;0 -31650;-8480
1102 KEY_ZL 0;0 -31650;-8480
1103 KEY_ZL 0;0 -31650;-8480
1104 KEY_ZL 0;0 -31650;-8480
1105 KEY_ZL 0;0 -31650;-8480
1106 KEY_ZL 0;0 -31650;-8480
1107 KEY_ZL 0;0 -31650;-8480
1108 KEY_ZL 0;0 -31650;-8480
1109 KEY_ZL 0;0 -31650;-8480
1110 KEY_ZL 0;0 -31650;-8480
1111 KEY_ZL 0;0 -31650;-8480
1112 KEY_ZL 0;0 -31650;-8480
1113 KEY_ZL 0;0 -31650;-8480
1114 KEY_ZL 0;0 -31650;-8480
1115 KEY_ZL 0;0 -31650;-8480
1116 KEY_ZL 0;0 -31650;-8480
1117 KEY_ZL 0;0 -31650;-8480
1118 KEY_ZL 0;0 -31650;-8480
1119 KEY_ZL 0;0 -31650;-8480
1120 KEY_ZL 0;0 -31650;-8480
1121 KEY_ZL 0;0 -31650;-8480
1122 KEY_ZL 0;0 -31650;-8480
1123 KEY_ZL 0;0 -31650;-8480
1124 KEY_ZL 0;0 -31650;-8480
1125 KEY_ZL 0;0 -31650;-8480
1126 KEY_ZL 0;0 -31650;-8480
1127 KEY_ZL 0;0 -31650;-8480
1128 KEY_ZL 0;0 -31650;-8480
1129 KEY_ZL 0;0 -31650;-8480
1130 KEY_ZL 0;0 -31650;-8480
1131 KEY_ZL 0;0 -31650;-8480
1132 KEY_ZL 0;0 -31650;-8480
1133 KEY_ZL 0;0 -31650;-8480
1134 KEY_ZL 0;0 0;0
1135 KEY_ZL 0;0 0;0
1136 KEY_ZL 0;0 0;0
1137 KEY_ZL 0;0 0;0
1138 KEY_ZL 0;0 0;0
1139 KEY_ZL 0;0 0;0
1140 KEY_ZL 0;0 0;0
1141 KEY_ZL 0;0 0;0
1142 KEY_ZL 0;0 0;0
1143 KEY_ZL 0;0 0;0
1144 KEY_ZL 0;0 0;0
1145 KEY_ZL 0;0 0;0
1146 KEY_ZL 0;0 0;0
1147 KEY_ZL 0;0 0;0
1148 KEY_ZL 0;0 0;0
1149 KEY_ZL 0;0 0;0
1150 KEY_ZL 0;0 0;0
1151 KEY_ZL 0;0 0;0
1152 KEY_ZL 0;0 0;0
1153 KEY_ZL 0;0 0;0
1154 KEY_ZL 0;0 0;0
1155 KEY_ZL 0;0 0;0
1156 KEY_ZL 0;0 0;0
1157 KEY_ZL 0;0 0;0
1158 KEY_ZL 0;0 0;0
1159 KEY_ZL 0;0 0;0
1160 KEY_ZL 0;0 0;0
1161 KEY_ZL 0;0 0;0
1162 KEY_ZL 0;0 0;0
1163 KEY_ZL 0;0 0;0
1164 KEY_ZL 0;0 0;0
1165 KEY_ZL 0;0 0;0
1166 KEY_ZL;KEY_L 0;0 0;0
1167 KEY_ZL 0;0 0;0
1168 KEY_ZL 0;0 0;0
1169 KEY_ZL 0;0 0;0
1170 KEY_ZL 0;0 0;0
1171 KEY_ZL 0;0 0;0
1172 KEY_ZL 0;0 0;0
1173 KEY_ZL 0;0 0;0
1174 KEY_ZL 0;0 0;0
1175 KEY_ZL 0;0 0;0
1176 KEY_ZL 0;0 0;0
1177 KEY_ZL 0;0 0;0
1178 KEY_ZL 0;0 0;0
1179 KEY_ZL 0;0 0;0
1180 KEY_ZL 0;0 0;0
1181 KEY_ZL 0;0 0;0
1182 KEY_ZL;KEY_L 0;0 0;0
1183 KEY_ZL 0;0 0;0
1184 KEY_ZL 0;0 0;0
1185 KEY_ZL 0;0 0;0
1186 KEY_ZL 0;0 0;0
1187 KEY_ZL 0;0 0;0
1188 KEY_ZL 0;0 0;0
1189 KEY_ZL 0;0 0;0
1190 KEY_ZL 0;0 0;0
1191 KEY_ZL 0;0 0;0
1192 KEY_ZL 0;0 0;0
1193 KEY_ZL 0;0 0;0
1194 KEY_ZL 0;0 0;0
1195 KEY_ZL 0;0 0;0
1196 KEY_ZL 0;0 0;0
1197 KEY_ZL 0;0 0;0
1198 KEY_ZL 0;0 0;0
1199 KEY_L;KEY_A -15383;28931 0;0
1200 NONE -15383;28931 0;0
1201 NONE -32767;0 0;0
1202 NONE -32767;0 0;0
1203 NONE -32767;0 0;0
1204 NONE -32767;0 0;0
1205 NONE -32767;0 0;0
1206 NONE -32767;0 0;0
1207 NONE -32767;0 0;0
1208 NONE -32767;0 0;0
1209 NONE -32767;0 0;0
1210 NONE -32767;0 0;0
1211 NONE -32767;0 0;0
1212 NONE -32767;0 0;0
1213 NONE -32767;0 0;0
1214 NONE -32767;0 0;0
1215 NONE -32767;0 0;0
1216 NONE -32767;0 0;0
1217 NONE -32767;0 0;0
1218 KEY_ZL -32767;0 0;0
1219 KEY_ZL;KEY_L 0;0 0;0
1220 KEY_ZL 0;0 0;0
1221 KEY_ZL 0;0 0;0
1222 KEY_ZL 0;0 0;0
1223 KEY_ZL 0;0 0;0
1224 KEY_ZL 0;0 0;0
1225 KEY_ZL 0;0 0;0
1226 KEY_ZL 0;0 0;0
1227 KEY_ZL 0;0 0;0
1228 KEY_ZL 0;0 0;0
1229 KEY_ZL 0;0 0;0
1230 KEY_ZL 0;0 0;0
1231 KEY_ZL 0;0 0;0
1232 KEY_ZL 0;0 0;0
1233 KEY_ZL 0;0 0;0
1234 KEY_ZL 0;0 0;0
1235 KEY_ZL 0;0 0;0
1236 KEY_ZL;KEY_L 0;0 0;0
1237 KEY_ZL 0;0 0;0
1238 KEY_ZL 0;0 0;0
1239 KEY_ZL 0;0 0;0
1240 KEY_ZL 0;0 0;0
1241 KEY_ZL 0;0 0;0
1242 KEY_ZL 0;0 0;0
1243 KEY_ZL 0;0 0;0
1244 KEY_ZL 0;0 0;0
1245 KEY_ZL 0;0 0;0
1246 KEY_ZL 0;0 0;0
1247 KEY_ZL 0;0 0;0
1248 KEY_ZL 0;0 0;0
1249 KEY_ZL 0;0 0;0
1250 KEY_ZL 0;0 0;0
1251 KEY_ZL 0;0 0;0
1252 KEY_ZL 0;0 0;0
1253 KEY_ZL;KEY_L 0;0 0;0
1254 KEY_ZL -32767;0 0;0
1255 KEY_ZL;KEY_L -32767;0 0;0
1256 KEY_ZL -32767;0 0;0
1257 KEY_ZL;KEY_L -32767;0 0;0
1258 KEY_ZL -32767;0 0;0
1259 KEY_ZL;KEY_L -32767;0 0;0
1260 KEY_ZL -32767;0 0;0
1261 KEY_ZL;KEY_L -32767;0 0;0
1262 KEY_ZL -32767;0 0;0
1263 KEY_ZL;KEY_L -32767;0 0;0
1264 KEY_ZL -32767;0 0;0
1265 KEY_ZL;KEY_L -32767;0 0;0
1266 KEY_ZL -32767;0 0;0
1267 KEY_ZL;KEY_L -32767;0 0;0
1268 KEY_ZL -32767;0 0;0
1269 KEY_ZL;KEY_L -32767;0 0;0
1270 KEY_ZL -32767;0 0;0
1271 KEY_ZL;KEY_L -32767;0 0;0
1272 KEY_ZL -32767;0 0;0
1273 KEY_ZL;KEY_L -32767;0 0;0
1274 KEY_ZL -32767;0 0;0
1275 KEY_ZL;KEY_L -32767;0 0;0
1276 KEY_ZL -32767;0 0;0
1277 KEY_ZL;KEY_L -32767;0 0;0
1278 KEY_ZL -32767;0 0;0
1279 KEY_ZL;KEY_L -32767;0 0;0
1280 KEY_ZL -32767;0 0;0
1281 KEY_ZL;KEY_L -32767;0 0;0
1282 KEY_ZL -32767;0 0;0
1283 KEY_ZL;KEY_L -32767;0 0;0
1284 KEY_ZL -32767;0 0;0
1285 KEY_ZL;KEY_L -32767;0 0;0
1286 KEY_ZL -32767;0 0;0
1287 KEY_ZL;KEY_L -32767;0 0;0
1288 KEY_ZL -32767;0 0;0
1289 KEY_ZL;KEY_L -32767;0 0;0
1290 KEY_ZL -32767;0 0;0
1291 KEY_ZL;KEY_L -32767;0 0;0
1292 KEY_ZL -32767;0 0;0
1293 KEY_ZL;KEY_L -32767;0 0;0
1294 KEY_ZL -32767;0 0;0
1295 KEY_ZL;KEY_L -32767;0 0;0
1296 KEY_ZL -32767;0 0;0
1297 KEY_ZL;KEY_L -32767;0 0;0
1298 KEY_ZL -32767;0 0;0
1299 KEY_ZL;KEY_L -32767;0 0;0
1300 KEY_ZL -32767;0 0;0
1301 KEY_ZL;KEY_L -32767;0 0;0
1302 KEY_ZL -32767;0 0;0
1303 KEY_ZL;KEY_L -32767;0 0;0
1304 KEY_ZL -32767;0 0;0
1305 KEY_ZL;KEY_L -32767;0 0;0
1306 KEY_ZL -32767;0 0;0
1307 KEY_ZL;KEY_L -32767;0 0;0
1308 KEY_ZL -32767;0 0;0
1309 KEY_ZL;KEY_L -32767;0 0;0
1310 KEY_ZL -32767;0 0;0
1311 KEY_ZL;KEY_L -32767;0 0;0
1312 KEY_ZL -32767;0 0;0
1313 KEY_ZL;KEY_L -32767;0 0;0
1314 KEY_ZL -32767;0 0;0
1315 KEY_ZL;KEY_L -32767;0 0;0
1316 KEY_ZL -32767;0 0;0
1317 KEY_ZL;KEY_L -32767;0 0;0
1318 KEY_ZL -32767;0 0;0
1319 KEY_ZL;KEY_L -32767;0 0;0
1320 KEY_ZL -32767;0 0;0
1321 KEY_ZL;KEY_L -32767;0 0;0
1322 KEY_ZL -32767;0 0;0
1323 KEY_ZL;KEY_L -32767;0 0;0
1324 KEY_ZL -32767;0 0;0
1325 KEY_ZL;KEY_L -32767;0 0;0
1326 KEY_ZL -32767;0 0;0
1327 KEY_ZL;KEY_L -32767;0 0;0
1328 KEY_ZL -32767;0 0;0
1329 KEY_ZL;KEY_L -32767;0 0;0
1330 KEY_ZL -32767;0 0;0
1331 KEY_ZL;KEY_L -32767;0 0;0
1332 KEY_ZL -32767;0 0;0
1333 KEY_ZL;KEY_L -32767;0 0;0
1334 KEY_ZL -32767;0 0;0
1335 KEY_ZL;KEY_L -32767;0 0;0
1336 KEY_ZL -32767;0 0;0
1337 KEY_ZL;KEY_L -32767;0 0;0
1338 KEY_ZL -32767;0 0;0
1339 KEY_ZL;KEY_L -32767;0 0;0
1340 KEY_ZL -32767;0 0;0
1341 KEY_ZL;KEY_L -32767;0 0;0
1342 KEY_ZL -32767;0 0;0
1343 KEY_ZL;KEY_L -32767;0 0;0
1344 KEY_ZL -32767;0 0;0
1345 KEY_ZL;KEY_L -32767;0 0;0
1346 KEY_ZL -32767;0 0;0
1347 KEY_ZL;KEY_L -32767;0 0;0
1348 KEY_ZL -32767;0 0;0
1349 KEY_ZL;KEY_L -32767;0 0;0
1350 KEY_ZL -32767;0 0;0
1351 KEY_ZL;KEY_L -32767;0 0;0
1352 KEY_ZL -32767;0 0;0
1353 KEY_ZL;KEY_L -32767;0 0;0
1354 KEY_ZL -32767;0 0;0
1355 KEY_ZL;KEY_L -32767;0 0;0
1356 KEY_ZL -32767;0 0;0
1357 KEY_ZL;KEY_L -32767;0 0;0
1358 KEY_ZL -32767;0 0;0
1359 KEY_ZL;KEY_L -32767;0 0;0
1360 KEY_ZL -32767;0 0;0
1361 KEY_ZL;KEY_L -32767;0 0;0
1362 KEY_ZL -32767;0 0;0
1363 KEY_ZL;KEY_L -32767;0 0;0
1364 KEY_ZL -32767;0 0;0
1365 KEY_ZL;KEY_L -32767;0 0;0
1366 KEY_ZL -32767;0 0;0
1367 KEY_ZL;KEY_L -32767;0 0;0
1368 KEY_ZL -32767;0 0;0
1369 KEY_ZL;KEY_L -32767;0 0;0
1370 KEY_ZL -32767;0 0;0
1371 KEY_ZL;KEY_L -32767;0 0;0
1372 KEY_ZL -32767;0 0;0
1373 KEY_ZL;KEY_L -32767;0 0;0
1374 KEY_ZL -32767;0 0;0
1375 KEY_ZL;KEY_L -32767;0 0;0
1376 KEY_ZL -32767;0 0;0
1377 KEY_ZL;KEY_L -32767;0 0;0
1378 KEY_ZL -32767;0 0;0
1379 KEY_ZL;KEY_L -32767;0 0;0
1380 KEY_ZL -32767;0 0;0
1381 KEY_ZL;KEY_L -32767;0 0;0
1382 KEY_ZL -32767;0 0;0
1383 KEY_ZL;KEY_L -32767;0 0;0
1384 KEY_ZL -32767;0 0;0
1385 KEY_ZL;KEY_L -32767;0 0;0
1386 KEY_ZL -32767;0 0;0
1387 KEY_ZL;KEY_L -32767;0 0;0
1388 KEY_ZL -32767;0 0;0
1389 KEY_ZL;KEY_L -32767;0 0;0
1390 KEY_ZL 0;0 0;0
1391 KEY_ZL;KEY_L 0;0 0;0
1392 KEY_ZL 0;0 0;0
1393 KEY_ZL;KEY_L 0;0 0;0
1394 KEY_ZL 0;0 0;0
1395 KEY_ZL;KEY_L 0;0 0;0
1396 KEY_ZL 0;0 0;0
1397 KEY_ZL;KEY_L 0;0 0;0
1398 KEY_ZL 0;0 0;0
1399 KEY_ZL;KEY_L 0;0 0;0
1400 KEY_ZL 32767;0 0;0
1401 KEY_ZL 32767;0 0;0
1402 KEY_ZL 32767;0 0;0
1403 KEY_ZL 32767;0 0;0
1404 KEY_ZL 32767;0 0;0
1405 KEY_ZL 32767;0 0;0
1406 KEY_ZL 32767;0 0;0
1407 KEY_ZL 32767;0 0;0
1408 KEY_ZL 32767;0 0;0
1409 KEY_ZL 32767;0 0;0
1410 KEY_ZL 32767;0 0;0
1411 KEY_ZL 32767;0 0;0
1412 KEY_ZL 32767;0 0;0
1413 KEY_ZL 32767;0 0;0
1414 KEY_ZL 32767;0 0;0
1415 KEY_ZL 32767;0 0;0
1416 NONE 32767;0 32767;0
1417 NONE 32767;0 32767;0
1418 NONE 32767;0 32767;0
1419 NONE 32767;0 32767;0
1420 NONE 32767;0 32767;0
1421 NONE 32767;0 32767;0
1422 NONE 32767;0 32767;0
1423 NONE 32767;0 32767;0
1424 NONE 32767;0 32767;0
1425 NONE 0;0 32767;0
1426 NONE 0;0 32767;0
1427 NONE 0;0 32767;0
1428 NONE 0;0 32767;0
1429 NONE 0;0 32767;0
1430 NONE 0;0 32767;0
1431 NONE 0;0 32767;0
1432 NONE 0;0 32767;0
1433 NONE 0;32767 32767;0
1434 NONE -28377;-16383 32767;0
1435 NONE 28377;-16383 32767;0
1436 NONE 0;32767 32767;0
1437 NONE -28377;-16383 32767;0
1438 NONE 28377;-16383 32767;0
1439 NONE 0;32767 32767;0
1440 NONE -28377;-16383 32767;0
1441 NONE 28377;-16383 32767;0
1442 NONE 0;32767 32767;0
1443 NONE -28377;-16383 32767;0
1444 NONE 28377;-16383 32767;0
1445 NONE 0;32767 32767;0
1446 NONE 0;32767 0;0
1447 NONE -28377;-16383 0;0
1448 NONE 28377;-16383 0;0
1449 NONE 0;32767 0;0
1450 NONE -28377;-16383 0;0
1451 NONE 28377;-16383 0;0
1452 NONE 0;32767 0;0
1453 NONE -28377;-16383 0;0
1454 NONE 28377;-16383 0;0
1455 NONE 0;32767 0;0
1456 NONE -28377;-16383 0;0
1457 NONE 28377;-16383 0;0
1458 NONE 0;32767 0;0
1459 NONE -28377;-16383 0;0
1460 NONE 28377;-16383 0;0
1461 NONE 0;32767 0;0
1462 NONE -28377;-16383 0;0
1463 NONE 28377;-16383 0;0
1464 NONE 21062;-25100 0;0
1465 NONE 21062;-25100 0;0
1466 KEY_A 21062;-25100 0;0
1467 KEY_ZL 21062;-25100 0;0
1468 KEY_ZL 21062;-25100 0;0
1469 KEY_ZL 21062;-25100 0;0
1470 KEY_ZL 21062;-25100 0;0
1471 KEY_ZL 21062;-25100 0;0
1472 KEY_ZL 21062;-25100 0;0
1473 KEY_ZL 21062;-25100 0;0
1474 KEY_ZL 21062;-25100 0;0
1475 KEY_ZL 21062;-25100 0;0
1476 KEY_ZL 21062;-25100 0;0
1477 KEY_ZL 21062;-25100 0;0
1478 KEY_ZL 21062;-25100 0;0
1479 KEY_ZL 21062;-25100 0;0
1480 KEY_ZL 21062;-25100 0;0
1481 KEY_ZL 21062;-25100 0;0
1482 KEY_ZL 21062;-25100 0;0
1483 KEY_ZL 21062;-25100 0;0
1484 KEY_ZL 21062;-25100 0;0
1485 KEY_ZL 21062;-25100 0;0
1486 KEY_ZL 21062;-25100 0;0
1487 KEY_ZL 21062;-25100 0;0
1488 KEY_ZL 21062;-25100 0;0
1489 KEY_ZL 21062;-25100 0;0
1490 KEY_ZL 21062;-25100 0;0
1491 KEY_ZL 21062;-25100 0;0
1492 KEY_ZL 21062;-25100 0;0
1493 KEY_ZL 21062;-25100 0;0
1494 KEY_ZL 21062;-25100 0;0
1495 KEY_ZL 21062;-25100 0;0
1496 KEY_ZL;KEY_Y 0;0 0;0
