0 NONE 23169;23169 0;0
1 NONE 23169;23169 0;0
2 NONE 23169;23169 0;0
3 NONE 23169;23169 0;0
4 NONE 23169;23169 0;0
5 NONE 23169;23169 0;0
6 NONE 23169;23169 0;0
7 NONE 23169;23169 0;0
8 KEY_ZL 23169;23169 0;0
9 KEY_ZL 23169;23169 0;0
10 KEY_ZL 23169;23169 0;0
11 KEY_Y;KEY_ZL 23169;23169 0;0
12 KEY_ZL 23169;23169 0;0
13 KEY_ZL 23169;23169 0;0
14 KEY_ZL 23169;23169 0;0
15 KEY_ZL 23169;23169 0;0
16 KEY_ZL 23169;23169 0;0
17 KEY_ZL 23169;23169 0;0
18 NONE 0;0 0;0
19 NONE 0;0 0;0
20 NONE 0;0 0;0
21 NONE 0;0 0;0
22 NONE 0;0 0;0
23 NONE 0;0 0;0
24 NONE 0;0 0;0
25 NONE 0;0 0;0
26 NONE 0;0 0;0
27 NONE 0;0 0;0
28 NONE 0;0 0;0
29 NONE 0;0 0;0
30 NONE 0;0 0;0
31 NONE 0;0 0;0
32 NONE 0;0 0;0
33 NONE 0;0 0;0
34 NONE 0;0 0;0
35 NONE 0;0 0;0
36 NONE 0;0 0;0
37 NONE 0;0 0;0
38 NONE 0;0 0;0
39 NONE 0;0 0;0
40 NONE 0;0 0;0
41 NONE 0;0 0;0
42 NONE 0;0 0;0
43 NONE 0;0 0;0
44 NONE 0;0 0;0
45 NONE 0;0 0;0
46 NONE 0;0 0;0
47 NONE 0;0 0;0
48 NONE 0;0 0;0
49 NONE 0;0 0;0
50 NONE 0;0 0;0
51 NONE 0;0 0;0
52 NONE 0;0 0;0
53 NONE 0;0 0;0
54 NONE 0;0 0;0
55 NONE 0;0 0;0
56 NONE 0;0 0;0
57 NONE 0;0 0;0
58 NONE 0;0 0;0
59 NONE 0;0 0;0
60 NONE 0;0 0;0
61 NONE 0;0 0;0
62 NONE 0;0 0;0
63 NONE 0;0 0;0
64 NONE 0;0 0;0
65 NONE 0;0 0;0
66 NONE 0;0 0;0
67 NONE 0;0 0;0
68 NONE 0;0 0;0
69 NONE 0;0 0;0
70 NONE 0;0 0;0
71 NONE 0;0 0;0
72 NONE 0;0 0;0
73 NONE 0;0 0;0
74 NONE 0;0 0;0
75 NONE 0;0 0;0
76 NONE 0;0 0;0
77 NONE 0;0 0;0
78 NONE 0;0 0;0
79 NONE 0;0 0;0
80 NONE 0;0 0;0
81 NONE 0;0 0;0
82 NONE 0;0 0;0
83 NONE 0;0 0;0
84 NONE 0;0 0;0
85 NONE 0;0 0;0
86 NONE 0;0 0;0
87 NONE 0;0 0;0
88 NONE 0;0 0;0
89 NONE 0;0 0;0
90 NONE 0;0 0;0
91 NONE 0;0 0;0
92 NONE 0;0 0;0
93 NONE 0;0 0;0
94 NONE 0;0 0;0
95 NONE 0;0 0;0
96 NONE 0;0 0;0
97 NONE 0;0 0;0
98 NONE 0;0 0;0
99 NONE 0;0 0;0
100 NONE 0;0 0;0
101 NONE 0;0 0;0
102 NONE 0;0 0;0
103 NONE 0;0 0;0
104 NONE 0;0 0;0
105 NONE 0;0 0;0
106 NONE 0;0 0;0
107 NONE 0;0 0;0
108 NONE 0;0 0;0
109 NONE 0;0 0;0
110 NONE 0;0 0;0
111 NONE 0;0 0;0
112 NONE 0;0 0;0
113 NONE 0;0 0;0
114 NONE 0;0 0;0
115 NONE 0;0 0;0
116 NONE 0;0 0;0
117 NONE 0;0 0;0
118 NONE 0;0 0;0
119 NONE 0;0 0;0
120 NONE 0;0 0;0
121 NONE 0;0 0;0
122 NONE 0;0 0;0
123 NONE 0;0 0;0
124 NONE 0;0 0;0
125 NONE 0;0 0;0
126 NONE 0;0 0;0
127 NONE 0;0 0;0
128 NONE 0;0 0;0
129 NONE 0;0 0;0
130 NONE 0;0 0;0
131 NONE 0;0 0;0
132 NONE 0;0 0;0
133 NONE 0;0 0;0
134 NONE 0;0 0;0
135 NONE 0;0 0;0
136 NONE 0;0 0;0
137 NONE 0;0 0;0
138 NONE 0;0 0;0
139 NONE 0;32767 0;0
140 NONE -28377;-16383 0;0
141 NONE 28375;-16382 0;0
142 NONE 0;32767 0;0
143 NONE -28377;-16383 0;0
144 NONE 27788;-17363 0;0
145 NONE 0;32767 0;0
146 NONE -28377;-16383 0;0
147 NONE 27788;-17363 0;0
148 NONE 0;32767 0;0
149 NONE -28377;-16383 0;0
150 NONE 27788;-17363 0;0
151 NONE 0;32767 0;0
152 NONE -28377;-16383 0;0
153 NONE 27788;-17363 0;0
154 NONE 0;32767 0;0
155 NONE -28377;-16383 0;0
156 NONE 27788;-17363 0;0
157 NONE 0;32767 0;0
158 NONE -28377;-16383 0;0
159 NONE 27788;-17363 0;0
160 NONE 0;32767 0;0
161 NONE -28377;-16383 0;0
162 NONE 27788;-17363 0;0
163 NONE 0;32767 0;0
164 NONE -28377;-16383 0;0
165 NONE 27788;-17363 0;0
166 NONE 0;32767 0;0
167 NONE -28377;-16383 0;0
168 NONE 27788;-17363 0;0
169 NONE 0;32767 0;0
170 NONE -28377;-16383 0;0
171 NONE 27788;-17363 0;0
172 NONE 0;32767 0;0
173 NONE -28377;-16383 0;0
174 NONE 27788;-17363 0;0
175 NONE 0;32767 0;0
176 NONE -28377;-16383 0;0
177 NONE 27788;-17363 0;0
178 NONE 0;32767 0;0
179 NONE -28377;-16383 0;0
180 NONE 27788;-17363 0;0
181 NONE 0;32767 0;0
182 NONE -28377;-16383 0;0
183 NONE 27788;-17363 0;0
184 NONE 0;32767 0;0
185 NONE -28377;-16383 0;0
186 NONE 27788;-17363 0;0
187 NONE 0;32767 0;0
188 NONE -28377;-16383 0;0
189 NONE 28377;-16383 0;0
190 NONE 0;32765 0;0
191 NONE 27788;-17363 0;0
192 NONE -12274;30379 0;0
193 KEY_B 12802;30162 0;0
194 KEY_ZL 12802;30162 0;0
195 KEY_ZL 12802;30162 0;0
196 KEY_X;KEY_ZL 12802;30162 0;0
197 KEY_Y;KEY_ZL 12802;30162 0;0
198 KEY_X;KEY_ZL 12802;30162 0;0
199 KEY_Y;KEY_ZL 12802;30162 0;0
200 KEY_X;KEY_ZL 12802;30162 0;0
201 KEY_Y;KEY_ZL 12802;30162 0;0
202 KEY_ZL 13847;29697 0;0
203 KEY_ZL 13847;29697 0;0
204 KEY_ZL 13847;29697 0;0
205 KEY_ZL 13847;29697 0;0
206 KEY_ZL 13847;29697 0;0
207 KEY_ZL 13847;29697 0;0
208 KEY_ZL 13847;29697 0;0
209 KEY_ZL 13847;29697 0;0
210 KEY_ZL 13847;29697 0;0
211 KEY_ZL 13847;29697 0;0
212 KEY_ZL 13847;29697 0;0
213 KEY_ZL 13847;29697 0;0
214 KEY_ZL 13847;29697 0;0
215 KEY_ZL 13847;29697 0;0
216 KEY_ZL 13847;29697 0;0
217 KEY_ZL 13847;29697 0;0
218 KEY_ZL 13847;29697 0;0
219 KEY_ZL 13847;29697 0;0
220 KEY_ZL 13847;29697 0;0
221 KEY_ZL 13847;29697 0;0
222 KEY_ZL 13847;29697 0;0
223 KEY_ZL 13847;29697 0;0
224 KEY_ZL 13847;29697 0;0
225 KEY_ZL 13847;29697 0;0
226 KEY_ZL 13847;29697 0;0
227 KEY_ZL 13847;29697 0;0
228 KEY_ZL 13847;29697 0;0
229 KEY_ZL 13847;29697 0;0
230 KEY_ZL 13847;29697 0;0
231 KEY_ZL 13847;29697 0;0
232 KEY_ZL 13847;29697 0;0
233 KEY_ZL 13847;29697 0;0
234 KEY_ZL 13847;29697 0;0
235 KEY_ZL 13847;29697 0;0
236 KEY_ZL 13847;29697 0;0
237 KEY_ZL 13847;29697 0;0
238 KEY_ZL 13847;29697 0;0
239 KEY_ZL;KEY_L 0;0 0;0
240 NONE 0;0 0;0
241 NONE 0;0 0;0
242 NONE 0;0 0;0
243 NONE 0;0 0;0
244 NONE 0;0 0;0
245 NONE 0;0 0;0
246 NONE 0;0 0;0
247 NONE 0;0 0;0
248 NONE 0;0 0;0
249 NONE 0;0 0;0
250 NONE 0;0 0;0
251 NONE 0;0 0;0
252 NONE 0;0 0;0
253 NONE 0;0 0;0
254 NONE 0;0 0;0
255 NONE 0;0 0;0
256 NONE 0;0 0;0
257 NONE 0;0 0;0
258 NONE 0;0 0;0
259 NONE 0;0 0;0
260 NONE 0;0 0;0
261 KEY_B;KEY_DRIGHT -21062;25101 0;0
262 KEY_DRIGHT -21062;25101 0;0
263 KEY_DRIGHT 7370;31927 0;0
264 KEY_DRIGHT 7370;31927 0;0
265 KEY_DRIGHT 7370;31927 0;0
266 KEY_DRIGHT 7370;31927 0;0
267 KEY_DRIGHT 7370;31927 0;0
268 KEY_DRIGHT 7370;31927 0;0
269 KEY_DRIGHT 7370;31927 0;0
270 KEY_Y 7370;31927 0;0
271 KEY_Y 7370;31927 0;0
272 KEY_Y 7370;31927 0;0
273 KEY_Y 7370;31927 0;0
274 KEY_Y 7370;31927 0;0
275 KEY_B 7370;31925 0;0
276 KEY_B 8504;31642 0;0
277 KEY_B 9628;31318 0;0
278 KEY_B 10740;30955 0;0
279 KEY_B 11838;30552 0;0
280 NONE 12921;30110 0;0
281 NONE 13988;29629 0;0
282 NONE 15036;29111 0;0
283 NONE 16066;28556 0;0
284 NONE 17075;27964 0;0
285 NONE 18062;27337 0;0
286 NONE 19026;26675 0;0
287 NONE 19966;25979 0;0
288 NONE 20881;25249 0;0
289 NONE 21769;24488 0;0
290 NONE 22629;23695 0;0
291 NONE 23461;22872 0;0
292 NONE 24262;22020 0;0
293 NONE 25033;21140 0;0
294 NONE 25771;20233 0;0
295 NONE 26477;19301 0;0
296 NONE 27149;18343 0;0
297 NONE 27787;17363 0;0
298 KEY_ZL 0;0 0;0
299 KEY_Y 0;0 0;0
300 NONE 0;0 0;0
301 NONE 0;0 0;0
302 NONE 0;0 0;0
303 NONE 0;0 0;0
304 NONE 0;0 0;0
305 NONE 0;0 0;0
306 NONE 0;0 0;0
307 NONE 0;0 0;0
308 NONE 0;0 0;0
309 NONE 0;0 0;0
310 NONE 0;0 0;0
311 NONE 0;0 0;0
312 NONE 0;0 0;0
313 NONE 0;0 0;0
314 NONE 0;0 0;0
315 NONE 0;0 0;0
316 NONE 0;0 0;0
317 NONE 0;0 0;0
318 NONE 0;0 0;0
319 NONE 0;0 0;0
320 NONE 0;0 0;0
321 NONE 0;0 0;0
322 NONE 0;0 0;0
323 NONE 0;0 0;0
324 NONE 0;0 0;0
325 NONE 0;0 0;0
326 KEY_PLUS 0;0 0;0
327 NONE 0;0 0;0
328 NONE 0;0 0;0
329 NONE 0;0 0;0
330 NONE 0;0 0;0
331 NONE 0;0 0;0
332 NONE 0;0 0;0
333 NONE 0;0 0;0
334 NONE 0;0 0;0
335 KEY_PLUS 0;0 0;0
336 NONE 0;0 0;0
337 NONE 0;0 0;0
338 NONE 0;0 0;0
339 NONE 0;0 0;0
340 NONE 0;0 0;0
341 NONE 0;0 0;0
342 NONE 0;0 0;0
343 NONE 0;0 0;0
344 NONE 0;0 0;0
345 NONE 0;0 0;0
346 NONE 0;0 0;0
347 NONE 0;0 0;0
348 NONE 0;0 0;0
349 NONE 0;0 0;0
350 NONE 0;0 0;0
351 NONE 0;0 0;0
352 NONE 0;0 0;0
353 NONE 0;0 0;0
354 NONE 0;0 0;0
355 NONE 0;0 0;0
356 NONE 0;0 0;0
357 NONE 0;0 0;0
358 KEY_A 0;0 0;0
359 NONE 25464;20620 0;0
360 NONE 25464;20620 0;0
361 NONE 25464;20620 0;0
362 NONE 25464;20620 0;0
363 NONE 25464;20620 0;0
364 NONE 25464;20620 0;0
365 NONE 25464;20620 0;0
366 NONE 25464;20620 0;0
367 NONE 25464;20620 0;0
368 NONE 25464;20620 0;0
369 NONE 25464;20620 0;0
370 NONE 25464;20620 0;0
371 NONE 25464;20620 0;0
372 NONE 25464;20620 0;0
373 NONE 25464;20620 0;0
374 NONE 25464;20620 0;0
375 NONE 25464;20620 0;0
376 NONE 25464;20620 0;0
377 NONE 25464;20620 0;0
378 NONE 25464;20620 0;0
379 NONE 25464;20620 0;0
380 NONE 25464;20620 0;0
381 NONE 25464;20620 0;0
382 NONE 25464;20620 0;0
383 NONE 25464;20620 0;0
384 NONE 25464;20620 0;0
385 NONE 25464;20620 0;0
386 NONE 25464;20620 0;0
387 NONE 25464;20620 0;0
388 NONE 25464;20620 0;0
389 NONE 25464;20620 0;0
390 NONE 25464;20620 0;0
391 KEY_Y 25464;20620 0;0
392 KEY_Y 25464;20620 0;0
393 KEY_Y 25464;20620 0;0
394 KEY_Y 25464;20620 0;0
395 KEY_Y 25464;20620 0;0
396 KEY_Y 25464;20620 0;0
397 KEY_Y 25464;20620 0;0
398 KEY_Y 25464;20620 0;0
399 KEY_Y 25464;20620 0;0
400 KEY_Y 25464;20620 0;0
401 KEY_Y 25464;20620 0;0
402 KEY_Y 25464;20620 0;0
403 KEY_Y 25464;20620 0;0
404 KEY_Y 25464;20620 0;0
405 KEY_Y 25464;20620 0;0
406 KEY_Y 25464;20620 0;0
407 KEY_Y 25464;20620 0;0
408 KEY_Y 25464;20620 0;0
409 KEY_Y 25464;20620 0;0
410 KEY_Y 25464;20620 0;0
411 KEY_Y 25464;20620 0;0
412 KEY_Y 25464;20620 0;0
413 KEY_Y 25464;20620 0;0
414 KEY_Y 25464;20620 0;0
415 KEY_Y 25464;20620 0;0
416 KEY_Y 25464;20620 0;0
417 KEY_Y 25464;20620 0;0
418 KEY_Y 25464;20620 0;0
419 KEY_B;KEY_Y 25464;20620 0;0
420 KEY_B;KEY_Y 25464;20620 0;0
421 KEY_B;KEY_Y 25464;20620 0;0
422 KEY_B;KEY_Y 25464;20620 0;0
423 KEY_B;KEY_Y 25464;20620 0;0
424 KEY_B;KEY_Y 25464;20620 0;0
425 KEY_Y 25464;20620 0;0
426 KEY_Y 25464;20620 0;0
427 KEY_Y 25464;20620 0;0
428 KEY_Y 25464;20620 0;0
429 KEY_Y 25464;20620 0;0
430 KEY_Y 25464;20620 0;0
431 KEY_Y 25464;20620 0;0
432 KEY_Y 25464;20620 0;0
433 KEY_Y 25464;20620 0;0
434 KEY_Y 25464;20620 0;0
435 KEY_Y 25464;20620 0;0
436 KEY_Y 25464;20620 0;0
437 KEY_Y 25464;20620 0;0
438 KEY_Y 25464;20620 0;0
439 KEY_Y 25464;20620 0;0
440 KEY_Y 25464;20620 0;0
441 KEY_Y 25464;20620 0;0
442 KEY_Y 25464;20620 0;0
443 KEY_Y 25464;20620 0;0
444 KEY_Y 25464;20620 0;0
445 KEY_Y 25464;20620 0;0
446 KEY_Y 25464;20620 0;0
447 KEY_Y 25464;20620 0;0
448 KEY_Y 25464;20620 0;0
449 KEY_Y 25464;20620 0;0
450 KEY_Y 25464;20620 0;0
451 KEY_Y 25464;20620 0;0
452 KEY_Y 25464;20620 0;0
453 KEY_Y 25464;20620 0;0
454 KEY_Y 25464;20620 0;0
455 KEY_Y 25464;20620 0;0
456 KEY_Y 25464;20620 0;0
457 KEY_Y 25464;20620 0;0
458 KEY_Y 25464;20620 0;0
459 KEY_Y 25464;20620 0;0
460 KEY_Y 25464;20620 0;0
461 KEY_Y 25464;20620 0;0
462 KEY_Y 25464;20620 0;0
463 KEY_Y 25464;20620 0;0
464 KEY_Y 25464;20620 0;0
465 KEY_Y 25464;20620 0;0
466 KEY_Y 25464;20620 0;0
467 KEY_Y 25464;20620 0;0
468 KEY_Y 25464;20620 0;0
469 KEY_Y 25464;20620 0;0
470 KEY_Y 25465;20620 0;0
471 KEY_Y 25465;20620 0;0
472 KEY_Y 25465;20620 0;0
473 KEY_Y 25465;20620 0;0
474 KEY_Y 25465;20620 0;0
475 KEY_Y 25465;20620 0;0
476 KEY_Y 25465;20620 0;0
477 KEY_Y 25465;20620 0;0
478 KEY_Y 25465;20620 0;0
479 KEY_Y 25465;20620 0;0
480 KEY_Y 25465;20620 0;0
481 KEY_Y 25465;20620 0;0
482 KEY_Y 25465;20620 0;0
483 KEY_Y 25465;20620 0;0
484 KEY_Y 25465;20620 0;0
485 KEY_Y 25465;20620 0;0
486 KEY_Y 25465;20620 0;0
487 KEY_Y 25465;20620 0;0
488 KEY_B;KEY_Y 25465;20620 0;0
489 KEY_B;KEY_Y 25465;20620 0;0
490 KEY_B;KEY_Y 25465;20620 0;0
491 KEY_B;KEY_Y 25465;20620 0;0
492 KEY_B;KEY_Y 25465;20620 0;0
493 KEY_B;KEY_Y 25465;20620 0;0
494 KEY_B;KEY_Y 25465;20620 0;0
495 KEY_B;KEY_Y 25465;20620 0;0
496 KEY_B;KEY_Y 25465;20620 0;0
497 KEY_B;KEY_Y 25465;20620 0;0
498 KEY_Y 8325;31691 0;0
499 KEY_Y 8325;31691 0;0
500 KEY_Y 8325;31691 0;0
501 KEY_Y 8325;31691 0;0
502 KEY_Y 8325;31691 0;0
503 KEY_Y 8325;31691 0;0
504 KEY_Y 8325;31691 0;0
505 KEY_Y 8325;31691 0;0
506 KEY_Y 8325;31691 0;0
507 KEY_Y 8325;31691 0;0
508 KEY_Y 8325;31691 0;0
509 KEY_Y 8325;31691 0;0
510 KEY_Y 8325;31691 0;0
511 KEY_Y 8325;31691 0;0
512 KEY_Y 8325;31691 0;0
513 KEY_Y 8325;31691 0;0
514 KEY_Y 8325;31691 0;0
515 KEY_Y 8325;31691 0;0
516 KEY_Y 8325;31691 0;0
517 KEY_Y 8325;31691 0;0
518 KEY_Y 8325;31691 0;0
519 KEY_Y 8325;31691 0;0
520 KEY_Y 8325;31691 0;0
521 KEY_Y 8325;31691 0;0
522 KEY_Y 8325;31691 0;0
523 KEY_Y 8325;31691 0;0
524 KEY_Y 8325;31691 0;0
525 KEY_Y 8325;31691 0;0
526 KEY_Y 8325;31691 0;0
527 KEY_Y 8325;31691 0;0
528 KEY_Y 8325;31691 0;0
529 KEY_Y 8325;31691 0;0
530 KEY_Y 8325;31691 0;0
531 KEY_Y 8325;31691 0;0
532 KEY_Y 8325;31691 0;0
533 KEY_Y 8325;31691 0;0
534 KEY_Y 8325;31691 0;0
535 KEY_Y 8325;31691 0;0
536 KEY_Y 8325;31691 0;0
537 KEY_Y 8325;31691 0;0
538 KEY_Y 8325;31691 0;0
539 KEY_Y 8325;31691 0;0
540 KEY_Y 8325;31691 0;0
541 KEY_Y 8325;31691 0;0
542 KEY_Y 8325;31691 0;0
543 KEY_Y 8325;31691 0;0
544 KEY_Y 8325;31691 0;0
545 KEY_Y 8325;31691 0;0
546 KEY_Y 8325;31691 0;0
547 KEY_Y 8325;31691 0;0
548 KEY_Y 8325;31691 0;0
549 KEY_Y 8325;31691 0;0
550 KEY_Y 8325;31691 0;0
551 KEY_Y 7370;31927 0;0
552 KEY_Y 7370;31927 0;0
553 KEY_Y 7370;31927 0;0
554 KEY_Y;KEY_L 7370;31927 0;0
555 KEY_Y 7370;31927 0;0
556 KEY_Y 31650;-8480 0;0
557 KEY_Y 31650;-8480 0;0
558 KEY_Y 31650;-8480 0;0
559 KEY_Y 31650;-8480 0;0
560 KEY_Y 31650;-8480 0;0
561 KEY_Y 31650;-8480 0;0
562 KEY_Y 31650;-8480 0;0
563 KEY_Y 31650;-8480 0;0
564 KEY_Y 31650;-8480 0;0
565 KEY_Y 31650;-8480 0;0
566 KEY_Y 31650;-8480 0;0
567 KEY_Y 31650;-8480 0;0
568 KEY_Y 31650;-8480 0;0
569 KEY_Y 31650;-8480 0;0
570 KEY_Y 31650;-8480 0;0
571 KEY_Y 31650;-8480 0;0
572 KEY_Y 31650;-8480 0;0
573 KEY_Y 31650;-8480 0;0
574 KEY_Y 31650;-8480 0;0
575 KEY_Y 31650;-8480 0;0
576 KEY_Y 31650;-8480 0;0
577 KEY_Y 31650;-8480 0;0
578 KEY_Y 31650;-8480 0;0
579 KEY_Y 31650;-8480 0;0
580 KEY_Y 31650;-8480 0;0
581 KEY_Y 31650;-8480 0;0
582 KEY_Y 31650;-8480 0;0
583 KEY_Y 31650;-8480 0;0
584 KEY_Y 31650;-8480 0;0
585 KEY_Y 31650;-8480 0;0
586 KEY_Y 31650;-8480 0;0
587 KEY_Y 31650;-8480 0;0
588 KEY_Y 31650;-8480 0;0
589 KEY_Y 31650;-8480 0;0
590 KEY_Y 31650;-8480 0;0
591 KEY_Y 31650;-8480 0;0
592 KEY_Y 31650;-8480 0;0
593 KEY_Y 31650;-8480 0;0
594 KEY_Y 31650;-8480 0;0
595 KEY_Y 31650;-8480 0;0
596 KEY_Y 31650;-8480 0;0
597 KEY_Y 31650;-8480 0;0
598 KEY_Y 31650;-8480 0;0
599 KEY_Y 31650;-8480 0;0
600 KEY_Y 31650;-8480 0;0
601 KEY_Y 31650;-8480 0;0
602 KEY_Y 31650;-8480 0;0
603 KEY_Y 31650;-8480 0;0
604 KEY_Y 31650;-8480 0;0
605 KEY_Y 31734;-8157 0;0
606 KEY_Y 31816;-7833 0;0
607 KEY_Y 31894;-7509 0;0
608 KEY_Y 31968;-7184 0;0
609 KEY_Y 32040;-6858 0;0
610 KEY_Y 32108;-6532 0;0
611 KEY_Y 32173;-6205 0;0
612 KEY_Y 32234;-5877 0;0
613 KEY_Y 32293;-5548 0;0
614 KEY_Y 32347;-5219 0;0
615 KEY_Y 32399;-4890 0;0
616 KEY_Y 32447;-4560 0;0
617 KEY_Y 32492;-4229 0;0
618 KEY_Y 32533;-3898 0;0
619 KEY_Y 32571;-3567 0;0
620 KEY_Y 32606;-3235 0;0
621 KEY_Y 32637;-2903 0;0
622 KEY_Y 32665;-2571 0;0
623 KEY_Y 32689;-2238 0;0
624 KEY_Y 32710;-1905 0;0
625 KEY_Y 32728;-1572 0;0
626 KEY_Y 32742;-1239 0;0
627 KEY_Y 32753;-905 0;0
628 KEY_Y 32761;-572 0;0
629 KEY_Y 32765;-238 0;0
630 KEY_Y 32766;94 0;0
631 KEY_Y 32763;428 0;0
632 KEY_Y 32757;761 0;0
633 KEY_Y 32748;1095 0;0
634 KEY_Y 32735;1428 0;0
635 KEY_Y 32718;1761 0;0
636 KEY_Y 32699;2094 0;0
637 KEY_Y 32676;2427 0;0
638 KEY_Y 32649;2759 0;0
639 KEY_Y 32620;3092 0;0
640 KEY_Y 32522;3993 0;0
641 KEY_Y 32522;3993 0;0
642 KEY_Y 32522;3993 0;0
643 KEY_Y 32522;3993 0;0
644 KEY_Y 32522;3993 0;0
645 KEY_Y 32522;3993 0;0
646 KEY_Y 32522;3993 0;0
647 KEY_Y 32522;3993 0;0
648 KEY_Y 32522;3993 0;0
649 KEY_Y 32522;3993 0;0
650 KEY_Y 32522;3993 0;0
651 KEY_Y 32522;3993 0;0
652 KEY_Y 32522;3993 0;0
653 KEY_Y 32522;3993 0;0
654 KEY_Y 32522;3993 0;0
655 KEY_Y 32522;3993 0;0
656 KEY_Y 32522;3993 0;0
657 KEY_Y 32522;3993 0;0
658 KEY_Y 32522;3993 0;0
659 KEY_Y 32522;3993 0;0
660 KEY_Y 32522;3993 0;0
661 KEY_Y 32522;3993 0;0
662 KEY_Y;KEY_L 32522;3993 0;0
663 KEY_Y 32522;3993 0;0
664 KEY_Y -8480;31650 0;0
665 KEY_Y -8480;31650 0;0
666 KEY_Y -8480;31650 0;0
667 KEY_Y -8480;31650 0;0
668 KEY_Y -8480;31650 0;0
669 KEY_Y -8480;31650 0;0
670 KEY_Y -8480;31650 0;0
671 KEY_Y -8480;31650 0;0
672 KEY_Y -8480;31650 0;0
673 KEY_Y -8480;31650 0;0
674 KEY_Y -8480;31650 0;0
675 KEY_Y -8480;31650 0;0
676 KEY_Y -8480;31650 0;0
677 KEY_Y -8480;31650 0;0
678 KEY_Y -8480;31650 0;0
679 KEY_Y -8480;31650 0;0
680 KEY_Y -8480;31650 0;0
681 KEY_Y -8480;31650 0;0
682 KEY_Y -8480;31650 0;0
683 KEY_Y -8480;31650 0;0
684 KEY_Y -8480;31650 0;0
685 KEY_Y -8480;31650 0;0
686 KEY_Y -8480;31650 0;0
687 KEY_Y -8480;31650 0;0
688 KEY_Y -8480;31650 0;0
689 KEY_Y -8480;31650 0;0
690 KEY_Y -8480;31650 0;0
691 KEY_Y -8480;31650 0;0
692 KEY_Y -8480;31650 0;0
693 KEY_Y -8480;31650 0;0
694 KEY_Y -8480;31650 0;0
695 KEY_Y -8480;31650 0;0
696 KEY_Y -8480;31650 0;0
697 KEY_Y -8480;31650 0;0
698 KEY_Y -8480;31650 0;0
699 KEY_Y -8480;31650 0;0
700 KEY_Y -8480;31650 0;0
701 KEY_Y -8480;31650 0;0
702 KEY_Y -8480;31650 0;0
703 KEY_Y -8480;31650 0;0
704 KEY_Y -8480;31650 0;0
705 KEY_Y -8480;31650 0;0
706 KEY_Y -8480;31650 0;0
707 KEY_Y -8480;31650 0;0
708 KEY_Y -8480;31649 0;0
709 KEY_Y -8414;31667 0;0
710 KEY_Y -8348;31684 0;0
711 KEY_Y -8282;31702 0;0
712 KEY_Y -8216;31719 0;0
713 KEY_Y -8150;31736 0;0
714 KEY_Y -8084;31753 0;0
715 KEY_Y -8018;31770 0;0
716 KEY_Y -7952;31786 0;0
717 KEY_Y -7886;31803 0;0
718 KEY_Y -7820;31819 0;0
719 KEY_Y -7754;31835 0;0
720 KEY_Y -7688;31851 0;0
721 KEY_Y -7622;31867 0;0
722 KEY_Y -7555;31883 0;0
723 KEY_Y -7489;31899 0;0
724 KEY_Y -7423;31914 0;0
725 KEY_Y -7356;31929 0;0
726 KEY_Y -7290;31945 0;0
727 KEY_Y -7224;31960 0;0
728 KEY_Y -7157;31975 0;0
729 KEY_Y -7091;31989 0;0
730 KEY_Y -7024;32004 0;0
731 KEY_Y -6958;32019 0;0
732 KEY_Y -6891;32033 0;0
733 KEY_Y -6825;32047 0;0
734 KEY_Y -6758;32061 0;0
735 KEY_Y -6691;32075 0;0
736 KEY_Y -6625;32089 0;0
737 KEY_Y -6558;32103 0;0
738 KEY_Y -6491;32117 0;0
739 KEY_Y -6425;32130 0;0
740 KEY_Y -6358;32143 0;0
741 KEY_Y -6291;32156 0;0
742 KEY_Y -6224;32169 0;0
743 KEY_Y -6157;32182 0;0
744 KEY_Y -6090;32195 0;0
745 KEY_Y -6023;32208 0;0
746 KEY_Y -5957;32220 0;0
747 KEY_Y -5890;32232 0;0
748 KEY_Y -5823;32245 0;0
749 KEY_Y -5756;32257 0;0
750 KEY_Y -5689;32269 0;0
751 KEY_Y -5689;32269 0;0
752 KEY_Y -5689;32269 0;0
753 KEY_Y -5689;32269 0;0
754 KEY_Y -5689;32269 0;0
755 KEY_Y -5689;32269 0;0
756 KEY_Y -5689;32269 0;0
757 KEY_Y -5689;32269 0;0
758 KEY_Y -5689;32269 0;0
759 KEY_Y -5689;32269 0;0
760 KEY_Y -5689;32269 0;0
761 KEY_Y -5689;32269 0;0
762 KEY_Y -5689;32269 0;0
763 KEY_Y -5689;32269 0;0
764 KEY_Y -5689;32269 0;0
765 KEY_Y -5689;32269 0;0
766 KEY_Y -5689;32269 0;0
767 KEY_Y -5689;32269 0;0
768 KEY_Y -5689;32269 0;0
769 KEY_Y -5689;32269 0;0
770 KEY_Y -5689;32269 0;0
771 KEY_Y -5689;32269 0;0
772 KEY_Y -5689;32269 0;0
773 KEY_Y -5689;32269 0;0
774 KEY_Y -5689;32269 0;0
775 KEY_Y -5689;32269 0;0
776 KEY_Y -5689;32269 0;0
777 KEY_Y -5689;32269 0;0
778 KEY_Y -5689;32269 0;0
779 KEY_Y -5689;32269 0;0
780 KEY_Y -5689;32269 0;0
781 KEY_Y -5689;32269 0;0
782 KEY_Y -5689;32269 0;0
783 KEY_Y -5689;32269 0;0
784 KEY_Y -5689;32269 0;0
785 KEY_Y -5689;32269 0;0
786 KEY_Y -5689;32269 0;0
787 KEY_Y -5689;32269 0;0
788 KEY_Y -5689;32269 0;0
789 KEY_Y -5689;32269 0;0
790 KEY_Y -5689;32269 0;0
791 KEY_Y -5689;32269 0;0
792 KEY_Y -5689;32269 0;0
793 KEY_Y -5689;32269 0;0
794 KEY_Y -5689;32269 0;0
795 KEY_Y -5689;32269 0;0
796 KEY_Y;KEY_L -5689;32269 0;0
797 KEY_Y -5689;32269 0;0
798 KEY_Y 31163;10125 0;0
799 KEY_Y 31163;10125 0;0
800 KEY_Y 31163;10125 0;0
801 KEY_Y 31163;10125 0;0
802 KEY_Y 31163;10125 0;0
803 KEY_Y 31163;10125 0;0
804 KEY_Y 31163;10125 0;0
805 KEY_Y 31163;10125 0;0
806 KEY_Y 31163;10125 0;0
807 KEY_Y 31163;10125 0;0
808 KEY_Y 31163;10125 0;0
809 KEY_Y 31163;10125 0;0
810 KEY_Y 31163;10125 0;0
811 KEY_Y 31163;10125 0;0
812 KEY_Y 31163;10125 0;0
813 KEY_Y 31163;10125 0;0
814 KEY_Y 31163;10125 0;0
815 KEY_Y 31163;10125 0;0
816 KEY_Y 31163;10125 0;0
817 KEY_Y 31163;10125 0;0
818 KEY_Y 31163;10125 0;0
819 KEY_Y 31163;10125 0;0
820 KEY_Y 31163;10125 0;0
821 KEY_Y 31163;10125 0;0
822 KEY_Y 31163;10125 0;0
823 KEY_Y 31163;10125 0;0
824 KEY_Y 31163;10125 0;0
825 KEY_Y 31163;10125 0;0
826 KEY_Y 31163;10125 0;0
827 KEY_Y 31163;10125 0;0
828 KEY_Y 31163;10125 0;0
829 KEY_Y 31163;10125 0;0
830 KEY_Y 31163;10125 0;0
831 KEY_Y 31163;10125 0;0
832 KEY_Y 31163;10125 0;0
833 KEY_Y 31163;10125 0;0
834 KEY_Y 31163;10125 0;0
835 KEY_Y 31163;10125 0;0
836 KEY_Y 31163;10125 0;0
837 KEY_Y 31163;10125 0;0
838 KEY_Y 31163;10125 0;0
839 KEY_Y 31163;10125 0;0
840 KEY_Y 31163;10125 0;0
841 KEY_Y 31163;10125 0;0
842 KEY_Y 31163;10125 0;0
843 KEY_Y 31163;10125 0;0
844 KEY_Y 31163;10125 0;0
845 KEY_Y 31163;10125 0;0
846 KEY_Y 31163;10125 0;0
847 KEY_Y 31163;10125 0;0
848 KEY_Y 31163;10125 0;0
849 KEY_Y 31163;10125 0;0
850 KEY_Y 31163;10125 0;0
851 KEY_Y 31163;10125 0;0
852 KEY_Y 31163;10125 0;0
853 KEY_Y 31163;10125 0;0
854 KEY_Y 31163;10125 0;0
855 KEY_Y 31163;10125 0;0
856 KEY_Y 31163;10125 0;0
857 KEY_Y 31163;10125 0;0
858 KEY_Y 31163;10125 0;0
859 KEY_Y 31163;10125 0;0
860 KEY_Y 31163;10125 0;0
861 KEY_Y 31163;10125 0;0
862 KEY_Y 31163;10125 0;0
863 KEY_Y 31163;10125 0;0
864 KEY_Y 31163;10125 0;0
865 KEY_Y 31163;10125 0;0
866 KEY_Y 31163;10125 0;0
867 KEY_Y 31163;10125 0;0
868 KEY_Y 31163;10125 0;0
869 KEY_Y 31163;10125 0;0
870 KEY_Y 31163;10125 0;0
871 KEY_Y 31163;10125 0;0
872 KEY_Y 31163;10125 0;0
873 KEY_Y 31163;10125 0;0
874 KEY_Y 31163;10125 0;0
875 KEY_Y 31163;10125 0;0
876 KEY_Y 31163;10125 0;0
877 KEY_Y 31163;10125 0;0
878 KEY_Y 31161;10125 0;0
879 KEY_Y 29911;13374 0;0
880 KEY_Y 28323;16472 0;0
881 KEY_Y 26416;19385 0;0
882 KEY_Y 24210;22078 0;0
883 KEY_Y 21730;24523 0;0
884 KEY_Y 19005;26690 0;0
885 KEY_Y 16066;28556 0;0
886 KEY_Y 12945;30100 0;0
887 KEY_Y 9678;31304 0;0
888 KEY_Y 6302;32154 0;0
889 KEY_Y 2855;32642 0;0
890 KEY_Y 2855;32642 0;0
891 KEY_Y 2855;32642 0;0
892 KEY_Y 2855;32642 0;0
893 KEY_Y 2855;32642 0;0
894 KEY_Y 2855;32642 0;0
895 KEY_Y 2855;32642 0;0
896 KEY_Y 2855;32642 0;0
897 KEY_Y 2855;32642 0;0
898 KEY_Y 2855;32642 0;0
899 KEY_Y 2855;32642 0;0
900 KEY_Y 2855;32642 0;0
901 KEY_Y 2855;32642 0;0
902 KEY_Y 2855;32642 0;0
903 KEY_Y 2855;32642 0;0
904 KEY_Y 2855;32642 0;0
905 KEY_Y 2855;32642 0;0
906 KEY_Y 2855;32642 0;0
907 KEY_Y 2855;32642 0;0
908 KEY_Y 2855;32642 0;0
909 KEY_Y 2855;32642 0;0
910 KEY_Y 2855;32642 0;0
911 KEY_Y 2855;32642 0;0
912 KEY_Y 2855;32642 0;0
913 KEY_Y 2855;32642 0;0
914 KEY_Y 2855;32642 0;0
915 KEY_Y 2855;32642 0;0
916 KEY_Y 2855;32642 0;0
917 KEY_Y 2855;32642 0;0
918 KEY_Y 2855;32642 0;0
919 KEY_Y 2855;32642 0;0
920 KEY_Y 2855;32642 0;0
921 KEY_Y 2855;32642 0;0
922 KEY_Y 2855;32642 0;0
923 KEY_Y 2855;32642 0;0
924 KEY_Y 2855;32642 0;0
925 KEY_Y 2855;32642 0;0
926 KEY_Y 2855;32642 0;0
927 KEY_Y 2855;32642 0;0
928 KEY_Y 2855;32642 0;0
929 KEY_B;KEY_Y 2855;32642 0;0
930 KEY_B;KEY_Y 2855;32642 0;0
931 KEY_B;KEY_Y 2855;32642 0;0
932 KEY_B;KEY_Y 2855;32642 0;0
933 KEY_B;KEY_Y 2855;32642 0;0
934 KEY_B;KEY_Y 2855;32642 0;0
935 KEY_B;KEY_Y 2855;32642 0;0
936 KEY_Y 2855;32642 0;0
937 KEY_Y -11206;30791 0;0
938 KEY_Y -11206;30791 0;0
939 KEY_Y -11206;30791 0;0
940 KEY_Y -11206;30791 0;0
941 KEY_Y -11206;30791 0;0
942 KEY_Y -11206;30791 0;0
943 KEY_Y -11206;30791 0;0
944 KEY_Y -11206;30791 0;0
945 KEY_Y -11206;30791 0;0
946 KEY_Y -11206;30791 0;0
947 KEY_Y -11206;30791 0;0
948 KEY_Y -11206;30791 0;0
949 KEY_Y -11206;30791 0;0
950 KEY_Y -11206;30791 0;0
951 KEY_Y -11206;30791 0;0
952 KEY_Y -11206;30791 0;0
953 KEY_Y -11206;30791 0;0
954 KEY_Y -11206;30791 0;0
955 KEY_Y -11206;30791 0;0
956 KEY_Y -11206;30791 0;0
957 KEY_Y -11206;30791 0;0
958 KEY_Y -11206;30791 0;0
959 KEY_Y -11206;30791 0;0
960 KEY_Y -11206;30791 0;0
961 KEY_Y -11206;30791 0;0
962 KEY_Y -11206;30791 0;0
963 KEY_Y -11206;30791 0;0
964 KEY_Y -11206;30791 0;0
965 KEY_Y -11206;30791 0;0
966 KEY_Y -11206;30791 0;0
967 KEY_Y -11206;30791 0;0
968 KEY_Y -11206;30791 0;0
969 KEY_Y -11206;30791 0;0
970 KEY_Y -11206;30791 0;0
971 KEY_Y -11206;30791 0;0
972 KEY_Y -11206;30791 0;0
973 KEY_Y -11206;30791 0;0
974 KEY_Y -11206;30791 0;0
975 KEY_Y -11206;30791 0;0
976 KEY_Y -11206;30791 0;0
977 KEY_Y -11206;30791 0;0
978 KEY_Y -11206;30791 0;0
979 KEY_Y -11206;30791 0;0
980 KEY_Y -11206;30791 0;0
981 KEY_Y -11206;30791 0;0
982 KEY_Y -11206;30791 0;0
983 KEY_Y -11206;30791 0;0
984 KEY_Y -11206;30791 0;0
985 KEY_Y -11206;30791 0;0
986 KEY_Y -11206;30791 0;0
987 KEY_Y -11206;30791 0;0
988 KEY_Y -11206;30791 0;0
989 KEY_Y -11206;30791 0;0
990 KEY_Y -11206;30791 0;0
991 KEY_Y -11206;30791 0;0
992 KEY_Y -11206;30791 0;0
993 KEY_Y;KEY_L -11206;30791 0;0
994 KEY_Y -11206;30791 0;0
995 KEY_Y 30981;10667 0;0
996 KEY_Y 30981;10667 0;0
997 KEY_Y 30981;10667 0;0
998 KEY_Y 30981;10667 0;0
999 KEY_Y 30981;10667 0;0
1000 KEY_Y 30981;10667 0;0
1001 KEY_Y 30981;10667 0;0
1002 KEY_Y 30981;10667 0;0
1003 KEY_Y 30981;10667 0;0
1004 KEY_Y 30981;10667 0;0
1005 KEY_Y 30981;10667 0;0
1006 KEY_Y 30981;10667 0;0
1007 KEY_Y 30981;10667 0;0
1008 KEY_Y 30981;10667 0;0
1009 KEY_Y 30981;10667 0;0
1010 KEY_Y 30981;10667 0;0
1011 KEY_Y 30981;10667 0;0
1012 KEY_Y 30981;10667 0;0
1013 KEY_Y 30981;10667 0;0
1014 KEY_Y 30981;10667 0;0
1015 KEY_Y 30981;10667 0;0
1016 KEY_Y 30981;10667 0;0
1017 KEY_Y 30981;10667 0;0
1018 KEY_Y 30981;10667 0;0
1019 KEY_Y 30981;10667 0;0
1020 KEY_Y 30981;10667 0;0
1021 KEY_Y 30981;10667 0;0
1022 KEY_Y 30981;10667 0;0
1023 KEY_Y 30981;10667 0;0
1024 KEY_Y 30981;10667 0;0
1025 KEY_Y 30981;10667 0;0
1026 KEY_Y 30981;10667 0;0
1027 KEY_Y 30981;10667 0;0
1028 KEY_Y 30981;10667 0;0
1029 KEY_Y 30981;10667 0;0
1030 KEY_Y 30981;10667 0;0
1031 KEY_Y 30981;10667 0;0
1032 KEY_Y 30981;10667 0;0
1033 KEY_Y 30981;10667 0;0
1034 KEY_Y 30981;10667 0;0
1035 KEY_Y 30981;10667 0;0
1036 KEY_Y 30981;10667 0;0
1037 KEY_Y 30981;10667 0;0
1038 KEY_Y 30981;10667 0;0
1039 KEY_Y 30981;10667 0;0
1040 KEY_Y 1714;32722 0;0
1041 KEY_Y 1714;32722 0;0
1042 KEY_Y 1714;32722 0;0
1043 KEY_Y 1714;32722 0;0
1044 KEY_Y 1714;32722 0;0
1045 KEY_Y 1714;32722 0;0
1046 KEY_Y 1714;32722 0;0
1047 KEY_Y 1714;32722 0;0
1048 KEY_Y 1714;32722 0;0
1049 KEY_Y 1714;32722 0;0
1050 KEY_Y 1714;32722 0;0
1051 KEY_Y 1714;32722 0;0
1052 KEY_Y 1714;32722 0;0
1053 KEY_Y 1714;32722 0;0
1054 KEY_Y 1714;32722 0;0
1055 KEY_Y 1714;32722 0;0
1056 KEY_Y 1714;32722 0;0
1057 KEY_Y 1714;32722 0;0
1058 KEY_Y 1714;32722 0;0
1059 KEY_Y 1714;32722 0;0
1060 KEY_Y 1714;32722 0;0
1061 KEY_B;KEY_Y 1714;32722 0;0
1062 KEY_B;KEY_Y 1714;32722 0;0
1063 KEY_B;KEY_Y 1714;32722 0;0
1064 KEY_B;KEY_Y 1714;32722 0;0
1065 KEY_B;KEY_Y 1714;32722 0;0
1066 KEY_B;KEY_Y 1714;32722 0;0
1067 KEY_B;KEY_Y 1714;32722 0;0
1068 KEY_B;KEY_Y 1714;32722 0;0
1069 KEY_B;KEY_Y 1714;32722 0;0
1070 KEY_Y 1714;32722 0;0
1071 KEY_Y 1714;32722 0;0
1072 KEY_Y 1714;32722 0;0
1073 KEY_Y 1714;32722 0;0
1074 KEY_Y 1714;32722 0;0
1075 KEY_Y 1714;32722 0;0
1076 KEY_Y 1714;32722 0;0
1077 KEY_Y 1714;32722 0;0
1078 KEY_Y 1714;32722 0;0
1079 KEY_Y 1714;32722 0;0
1080 KEY_Y 1714;32722 0;0
1081 KEY_Y 1714;32722 0;0
1082 KEY_Y 1714;32722 0;0
1083 KEY_Y 1714;32722 0;0
1084 KEY_Y 1714;32722 0;0
1085 KEY_Y 1714;32722 0;0
1086 KEY_Y 1714;32722 0;0
1087 KEY_Y 1714;32722 0;0
1088 KEY_Y 1714;32722 0;0
1089 KEY_Y 1714;32722 0;0
1090 KEY_Y 1714;32722 0;0
1091 KEY_Y 1714;32722 0;0
1092 KEY_Y 1714;32722 0;0
1093 KEY_Y 1714;32722 0;0
1094 KEY_Y 1714;32722 0;0
1095 KEY_Y 1714;32722 0;0
1096 KEY_Y 1714;32722 0;0
1097 KEY_Y 1714;32722 0;0
1098 KEY_Y 1714;32722 0;0
1099 KEY_Y 1714;32722 0;0
1100 KEY_Y 1714;32722 0;0
1101 KEY_Y 1714;32722 0;0
1102 KEY_Y 1714;32722 0;0
1103 KEY_Y 1714;32722 0;0
1104 KEY_Y 1714;32722 0;0
1105 KEY_Y 1714;32722 0;0
1106 KEY_Y 1714;32722 0;0
1107 KEY_Y 1714;32722 0;0
1108 KEY_Y 1714;32722 0;0
1109 KEY_Y 1714;32722 0;0
1110 KEY_Y 1714;32722 0;0
1111 KEY_Y 1714;32722 0;0
1112 KEY_Y 1714;32722 0;0
1113 KEY_Y 1714;32722 0;0
1114 KEY_Y 1714;32722 0;0
1115 KEY_Y 1714;32722 0;0
1116 KEY_Y 1714;32722 0;0
1117 KEY_Y 1714;32722 0;0
1118 KEY_Y 1714;32722 0;0
1119 KEY_Y 1714;32722 0;0
1120 KEY_Y 1714;32722 0;0
1121 KEY_Y 1714;32722 0;0
1122 KEY_Y 1714;32722 0;0
1123 KEY_Y 1714;32722 0;0
1124 KEY_Y 1714;32722 0;0
1125 KEY_Y 1714;32722 0;0
1126 KEY_Y 1714;32722 0;0
1127 KEY_Y 1714;32722 0;0
1128 KEY_Y 1714;32722 0;0
1129 KEY_Y 1714;32722 0;0
1130 KEY_Y 1714;32722 0;0
1131 KEY_Y 1714;32722 0;0
1132 KEY_Y 1714;32722 0;0
1133 KEY_Y 1714;32722 0;0
1134 KEY_Y;KEY_ZL 743;32758 0;0
1135 NONE 743;32758 0;0
1136 NONE 743;32758 0;0
1137 NONE 743;32758 0;0
1138 NONE 743;32758 0;0
1139 KEY_ZL 743;32758 0;0
1140 KEY_Y 743;32758 0;0
1141 NONE 743;32758 0;0
1142 NONE 743;32758 0;0
1143 NONE 743;32758 0;0
1144 NONE 743;32758 0;0
1145 NONE 743;32758 0;0
1146 NONE 743;32758 0;0
1147 NONE 743;32758 0;0
1148 NONE 743;32758 0;0
1149 NONE 743;32758 0;0
1150 NONE 743;32758 0;0
1151 NONE 743;32758 0;0
1152 NONE 743;32758 0;0
1153 NONE 743;32758 0;0
1154 NONE 743;32758 0;0
1155 NONE 743;32758 0;0
1156 NONE 743;32758 0;0
1157 NONE 743;32758 0;0
1158 NONE 743;32758 0;0
1159 NONE 743;32758 0;0
1160 NONE 743;32758 0;0
1161 NONE 743;32758 0;0
1162 NONE 743;32758 0;0
1163 NONE 743;32758 0;0
1164 NONE 743;32758 0;0
1165 NONE 743;32758 0;0
1166 NONE 743;32758 0;0
1167 NONE 743;32758 0;0
1168 NONE 743;32758 0;0
1169 NONE 743;32758 0;0
1170 NONE 743;32758 0;0
1171 NONE 743;32758 0;0
1172 NONE 743;32758 0;0
1173 NONE 743;32758 0;0
1174 NONE 743;32758 0;0
1175 KEY_L 743;32758 0;0
1176 NONE -25100;21062 0;0
1177 NONE 743;32758 0;0
1178 NONE 743;32758 0;0
1179 NONE 743;32758 0;0
1180 NONE 743;32758 0;0
1181 NONE 743;32758 0;0
1182 NONE 743;32758 0;0
1183 KEY_B 743;32758 0;0
1184 KEY_B 743;32758 0;0
1185 KEY_B 743;32758 0;0
1186 KEY_B 743;32758 0;0
1187 KEY_B 743;32758 0;0
