1 KEY_A 0;0 0;0
441 NONE 32767;0 0;0
442 NONE -16383;28377 0;0
443 NONE -16383;-28377 0;0
444 NONE 32767;0 0;0
445 NONE -16383;28377 0;0
446 NONE -16383;-28377 0;0
447 NONE 32767;0 0;0
448 NONE -16383;28377 0;0
449 NONE -16383;-28377 0;0
450 NONE 32767;0 0;0
451 NONE -16383;28377 0;0
452 NONE -16383;-28377 0;0
453 NONE 32767;0 0;0
454 NONE -16383;28377 0;0
455 NONE -16383;-28377 0;0
456 NONE 32767;0 0;0
457 NONE -16383;28377 0;0
458 NONE -16383;-28377 0;0
459 NONE 32767;0 0;0
460 NONE -16383;28377 0;0
461 NONE -16383;-28377 0;0
462 NONE 32767;0 0;0
463 NONE -16383;28377 0;0
464 NONE -16383;-28377 0;0
465 NONE 32767;0 0;0
466 NONE -16383;28377 0;0
467 NONE -16383;-28377 0;0
468 NONE 32767;0 0;0
469 NONE -16383;28377 0;0
470 NONE -16383;-28377 0;0
471 NONE 32767;0 0;0
472 NONE -16383;28377 0;0
473 KEY_A 0;32767 0;0
474 KEY_ZL 0;32767 0;0
475 KEY_ZL 0;32767 0;0
476 KEY_ZL 0;32767 0;0
477 KEY_ZL 0;32767 0;0
478 KEY_ZL 0;32767 0;0
479 KEY_ZL 0;32767 0;0
480 KEY_ZL 0;32767 0;0
481 KEY_ZL;KEY_Y 0;0 0;0
482 KEY_ZL 0;0 0;0
483 KEY_ZL 0;0 0;0
484 KEY_ZL 0;0 0;0
485 KEY_ZL 0;0 0;0
486 KEY_ZL 0;0 0;0
487 KEY_ZL 0;0 0;0
488 KEY_ZL 0;0 0;0
489 KEY_ZL 0;0 0;0
490 KEY_ZL 0;0 0;0
491 KEY_ZL 0;0 0;0
492 KEY_ZL 0;0 0;0
493 KEY_ZL 0;0 0;0
494 KEY_ZL 0;0 0;0
495 KEY_ZL 0;0 0;0
496 KEY_ZL 0;0 0;0
497 KEY_ZL 0;0 0;0
498 KEY_ZL 0;0 0;0
499 KEY_ZL 0;0 0;0
500 KEY_ZL 0;0 0;0
501 KEY_ZL 0;0 0;0
502 KEY_ZL 0;0 0;0
503 KEY_ZL 0;0 0;0
504 KEY_ZL 0;0 0;0
505 KEY_ZL 0;0 0;0
506 KEY_ZL 0;0 0;0
507 KEY_ZL 0;0 0;0
508 KEY_ZL 0;0 0;0
509 KEY_ZL 0;0 0;0
510 KEY_ZL 0;0 0;0
511 KEY_ZL 0;0 0;0
512 KEY_ZL 0;0 0;0
513 KEY_ZL;KEY_L 0;0 0;0
514 KEY_ZL 0;0 0;0
515 KEY_ZL 0;0 0;0
516 KEY_ZL 0;0 0;0
517 KEY_ZL 0;0 0;0
518 KEY_ZL 0;0 0;0
519 KEY_ZL 0;0 0;0
520 KEY_ZL 0;0 0;0
521 KEY_ZL 0;0 0;0
522 KEY_ZL 0;0 0;0
523 KEY_ZL 0;0 0;0
524 KEY_ZL 0;0 0;0
525 KEY_ZL 0;0 0;0
526 KEY_ZL 0;0 0;0
527 KEY_ZL 0;0 0;0
528 KEY_ZL 0;0 0;0
529 KEY_ZL 0;0 0;0
530 KEY_ZL 0;0 0;0
531 KEY_ZL 0;0 0;0
532 KEY_ZL;KEY_L 0;0 0;0
533 KEY_ZL 0;0 0;0
534 KEY_ZL 0;0 0;0
535 KEY_ZL 0;0 0;0
536 KEY_ZL 0;0 0;0
537 KEY_ZL 0;0 0;0
538 KEY_ZL 0;0 0;0
539 KEY_ZL 0;0 0;0
540 KEY_ZL 0;0 0;0
541 KEY_ZL 0;0 0;0
542 KEY_ZL 0;0 0;0
543 KEY_ZL 0;0 0;0
544 KEY_ZL 0;0 0;0
545 KEY_ZL 0;0 0;0
546 KEY_ZL 0;0 0;0
547 KEY_ZL 0;0 0;0
548 KEY_ZL 0;0 0;0
549 KEY_ZL 0;0 0;0
550 KEY_ZL 0;0 0;0
551 KEY_ZL;KEY_L 0;0 0;0
552 NONE 0;32767 0;0
553 NONE 0;32767 0;0
554 NONE 0;32767 0;0
555 NONE 0;32767 0;0
556 NONE 0;32767 0;0
557 NONE 0;32767 0;0
558 NONE 0;32767 0;0
559 NONE 0;32767 0;0
560 NONE 0;32767 0;0
561 NONE 0;32767 0;0
562 NONE 0;32767 0;0
563 NONE 0;32767 0;0
564 NONE 0;32767 0;0
565 NONE 0;32767 0;0
566 NONE 0;32767 0;0
567 NONE 0;32767 0;0
568 NONE 0;32767 0;0
569 NONE 0;32767 0;0
570 NONE 0;32767 0;0
571 NONE 0;32767 0;0
572 NONE 0;32767 0;0
573 NONE 0;32767 0;0
574 NONE 0;32767 0;0
575 NONE 0;32767 0;0
576 NONE 0;32767 0;0
577 NONE 0;32767 0;0
578 NONE 0;32767 0;0
579 NONE 0;32767 0;0
580 NONE 0;32767 0;0
581 NONE 0;32767 0;0
582 NONE 0;32767 0;0
583 NONE 0;32767 0;0
584 NONE 0;32767 0;0
585 NONE 0;32767 0;0
586 NONE 0;32767 0;0
587 NONE 0;32767 0;0
588 NONE 0;32767 0;0
589 NONE 0;32767 0;0
590 NONE 0;32767 0;0
591 NONE 0;32767 0;0
592 NONE 0;32767 0;0
593 NONE 0;32767 0;0
594 NONE 0;32767 0;0
595 NONE 0;32767 0;0
596 NONE 0;32767 0;0
597 NONE 0;32767 0;0
598 NONE 0;32767 0;0
599 NONE 0;32767 0;0
600 NONE 0;32767 0;0
601 NONE 0;32767 0;0
602 NONE 0;32767 0;0
603 NONE 0;32767 0;0
604 NONE 0;32767 0;0
605 NONE 0;32767 0;0
606 NONE 0;32767 0;0
607 NONE 0;32767 0;0
608 NONE 0;32767 0;0
609 NONE 0;32767 0;0
610 NONE 0;32767 0;0
611 NONE 0;32767 0;0
612 NONE 0;32767 0;0
613 KEY_A 0;0 0;0
1744 KEY_PLUS 0;0 0;0
1753 KEY_PLUS 0;0 0;0
1776 KEY_A 0;0 0;0
1877 NONE 0;32767 0;0
1878 NONE -28377;-16383 0;0
1879 NONE 28377;-16383 0;0
1880 NONE 0;32767 0;0
1881 NONE -28377;-16383 0;0
1882 NONE 28377;-16383 0;0
1883 NONE 0;32767 0;0
1884 NONE -28377;-16383 0;0
1885 NONE 28377;-16383 0;0
1886 NONE 0;32767 0;0
1887 NONE -28377;-16383 0;0
1888 NONE 28377;-16383 0;0
1889 NONE 0;32767 0;0
1890 NONE -28377;-16383 0;0
1891 NONE 28377;-16383 0;0
1892 NONE 0;32767 0;0
1893 NONE -28377;-16383 0;0
1894 NONE 28377;-16383 0;0
1895 NONE 0;32767 0;0
1896 NONE -28377;-16383 0;0
1897 NONE 28377;-16383 0;0
1898 NONE 0;32767 0;0
1899 NONE -28377;-16383 0;0
1900 NONE 28377;-16383 0;0
1901 NONE 0;32767 0;0
1902 NONE -28377;-16383 0;0
1903 NONE 28377;-16383 0;0
1904 NONE 0;32767 0;0
1905 NONE -28377;-16383 0;0
1906 NONE 28377;-16383 0;0
1907 NONE 0;32767 0;0
1908 NONE -28377;-16383 0;0
1909 NONE 28377;-16383 0;0
1910 NONE 0;32767 0;0
1911 NONE -28377;-16383 0;0
1912 NONE 28377;-16383 0;0
1913 NONE 0;32767 0;0
1914 NONE -28377;-16383 0;0
1915 NONE 28377;-16383 0;0
1916 NONE 0;32767 0;0
1917 NONE -28377;-16383 0;0
1918 NONE 28377;-16383 0;0
1919 NONE 0;32767 0;0
1920 NONE -28377;-16383 0;0
1921 KEY_A 0;32767 0;0
1922 KEY_ZL 0;32767 0;0
1923 KEY_ZL 0;32767 0;0
1924 KEY_ZL 0;32767 0;0
1925 KEY_ZL 0;32767 0;0
1926 KEY_ZL 0;32767 0;0
1927 KEY_ZL 0;32767 0;0
1928 KEY_ZL;KEY_Y 0;0 0;0
1929 KEY_ZL 0;0 0;0
1930 KEY_ZL 0;0 0;0
1931 KEY_ZL 0;0 0;0
1932 KEY_ZL 0;0 0;0
1933 KEY_ZL 0;0 0;0
1934 KEY_ZL 0;0 0;0
1935 KEY_ZL 0;0 0;0
1936 KEY_ZL 0;0 0;0
1937 KEY_ZL 0;0 0;0
1938 KEY_ZL 0;0 0;0
1939 KEY_ZL 0;0 0;0
1940 KEY_ZL 0;0 0;0
1941 KEY_ZL 0;0 0;0
1942 KEY_ZL 0;0 0;0
1943 KEY_ZL 0;0 0;0
1944 KEY_ZL 0;0 0;0
1945 KEY_ZL 0;0 0;0
1946 KEY_ZL 0;0 0;0
1947 KEY_ZL 0;0 0;0
1948 KEY_ZL 0;0 0;0
1949 KEY_ZL 0;0 0;0
1950 KEY_ZL 0;0 0;0
1951 KEY_ZL 0;0 0;0
1952 KEY_ZL 0;0 0;0
1953 KEY_ZL 0;0 0;0
1954 KEY_ZL 0;0 0;0
1955 KEY_ZL 0;0 0;0
1956 KEY_ZL 0;0 0;0
1957 KEY_ZL 0;0 0;0
1958 KEY_ZL 0;0 0;0
1959 KEY_ZL 0;0 0;0
1960 KEY_ZL;KEY_L 0;0 0;0
1961 KEY_ZL 0;0 0;0
1962 KEY_ZL 0;0 0;0
1963 KEY_ZL 0;0 0;0
1964 KEY_ZL 0;0 0;0
1965 KEY_ZL 0;0 0;0
1966 KEY_ZL 0;0 0;0
1967 KEY_ZL 0;0 0;0
1968 KEY_ZL 0;0 0;0
1969 KEY_ZL 0;0 0;0
1970 KEY_ZL 0;0 0;0
1971 KEY_ZL 0;0 0;0
1972 KEY_ZL 0;0 0;0
1973 KEY_ZL 0;0 0;0
1974 KEY_ZL 0;0 0;0
1975 KEY_ZL 0;0 0;0
1976 KEY_ZL 0;0 0;0
1977 KEY_ZL 0;0 0;0
1978 KEY_ZL 0;0 0;0
1979 KEY_ZL 0;0 0;0
1980 KEY_ZL 0;0 0;0
1981 KEY_ZL 0;0 0;0
1982 KEY_ZL 0;0 0;0
1983 KEY_ZL;KEY_L 0;0 0;0
1984 KEY_ZL 0;0 0;0
1985 KEY_ZL 0;0 0;0
1986 KEY_ZL 0;0 0;0
1987 KEY_ZL 0;0 0;0
1988 KEY_ZL 0;0 0;0
1989 KEY_ZL 0;0 0;0
1990 KEY_ZL 0;0 0;0
1991 KEY_ZL 0;0 0;0
1992 KEY_ZL 0;0 0;0
1993 KEY_ZL 0;0 0;0
1994 KEY_ZL 0;0 0;0
1995 KEY_ZL 0;0 0;0
1996 KEY_ZL 0;0 0;0
1997 KEY_ZL 0;0 0;0
1998 KEY_ZL 0;0 0;0
1999 KEY_ZL;KEY_L 0;0 0;0
2000 KEY_ZL 0;0 0;0
2001 KEY_ZL 0;0 0;0
2002 KEY_ZL 0;0 0;0
2003 KEY_ZL 0;0 0;0
2004 KEY_ZL 0;0 0;0
2005 KEY_ZL 0;0 0;0
2006 KEY_ZL 0;0 0;0
2007 KEY_ZL 0;0 0;0
2008 KEY_ZL 0;0 0;0
2009 KEY_ZL 0;0 0;0
2010 KEY_ZL 0;0 0;0
2011 KEY_ZL 0;0 0;0
2012 KEY_ZL 0;0 0;0
2013 KEY_ZL 0;0 0;0
2014 KEY_ZL 0;0 0;0
2015 KEY_ZL 0;0 0;0
2016 KEY_ZL;KEY_L 0;0 0;0
2017 KEY_ZL 0;0 0;0
2018 KEY_ZL 0;0 0;0
2019 KEY_ZL 0;0 0;0
2020 KEY_ZL 0;0 0;0
2021 KEY_ZL 0;0 0;0
2022 KEY_ZL 0;0 0;0
2023 KEY_ZL 0;0 0;0
2024 KEY_ZL 0;0 0;0
2025 KEY_ZL 0;0 0;0
2026 KEY_ZL 0;0 0;0
2027 KEY_ZL 0;0 0;0
2028 KEY_ZL 0;0 0;0
2029 KEY_ZL 0;0 0;0
2030 KEY_ZL 0;0 0;0
2031 KEY_ZL 0;0 0;0
2032 KEY_ZL 0;0 0;0
2033 KEY_ZL;KEY_L 0;0 0;0
2034 KEY_ZL 0;0 0;0
2035 KEY_ZL 0;0 0;0
2036 KEY_ZL 0;0 0;0
2037 KEY_ZL 0;0 0;0
2038 KEY_ZL 0;0 0;0
2039 KEY_ZL 0;0 0;0
2040 KEY_ZL 0;0 0;0
2041 KEY_ZL 0;0 0;0
2042 KEY_ZL 0;0 0;0
2043 KEY_ZL 0;0 0;0
2044 KEY_ZL 0;0 0;0
2045 KEY_ZL 0;0 0;0
2046 KEY_ZL 0;0 0;0
2047 KEY_ZL 0;0 0;0
2048 KEY_ZL 0;0 0;0
2049 KEY_ZL 0;0 0;0
2050 KEY_ZL;KEY_L 0;0 0;0
2051 KEY_ZL 0;0 0;0
2052 KEY_ZL 0;0 0;0
2053 KEY_ZL 0;0 0;0
2054 KEY_ZL 0;0 0;0
2055 KEY_ZL 0;0 0;0
2056 KEY_ZL 0;0 0;0
2057 KEY_ZL 0;0 0;0
2058 KEY_ZL 0;0 0;0
2059 KEY_ZL 0;0 0;0
2060 KEY_ZL 0;0 0;0
2061 KEY_ZL 0;0 0;0
2062 KEY_ZL 0;0 0;0
2063 KEY_ZL 0;0 0;0
2064 KEY_ZL 0;0 0;0
2065 KEY_ZL 0;0 0;0
2066 KEY_L;KEY_A 0;0 0;0
2067 NONE 32767;0 0;0
2068 NONE 0;32767 0;0
2069 NONE 0;32767 0;0
2070 NONE 0;32767 0;0
2071 NONE 0;32767 0;0
2072 NONE 0;32767 0;0
2073 NONE 0;32767 0;0
2074 KEY_A 0;32767 0;0
2075 NONE -32762;571 0;0
2076 NONE -32762;571 0;0
2077 NONE -32762;571 0;0
2078 KEY_ZL -32762;571 0;0
2079 KEY_ZL;KEY_Y 0;0 0;0
2080 KEY_ZL 0;0 0;0
2081 KEY_ZL 0;0 0;0
2082 KEY_ZL 0;0 0;0
2083 KEY_ZL 0;0 0;0
2084 KEY_ZL 0;0 0;0
2085 KEY_ZL 0;0 0;0
2086 KEY_ZL 0;0 0;0
2087 KEY_ZL 0;0 0;0
2088 KEY_ZL 0;0 0;0
2089 KEY_ZL 0;0 0;0
2090 KEY_ZL 0;0 0;0
2091 KEY_ZL 0;0 0;0
2092 KEY_ZL 0;0 0;0
2093 KEY_ZL 0;0 0;0
2094 KEY_ZL 0;0 0;0
2095 KEY_ZL 0;0 0;0
2096 KEY_ZL 0;0 0;0
2097 KEY_ZL 0;0 0;0
2098 KEY_ZL 0;0 0;0
2099 KEY_ZL 0;0 0;0
2100 KEY_ZL 0;0 0;0
2101 KEY_ZL;KEY_L 0;0 0;0
2102 KEY_ZL 0;0 0;0
2103 KEY_ZL 0;0 0;0
2104 KEY_ZL 0;0 0;0
2105 KEY_ZL 0;0 0;0
2106 KEY_ZL 0;0 0;0
2107 KEY_ZL 0;0 0;0
2108 KEY_ZL 0;0 0;0
2109 KEY_ZL 0;0 0;0
2110 KEY_ZL 0;0 0;0
2111 KEY_ZL 0;0 0;0
2112 KEY_ZL 0;0 0;0
2113 KEY_ZL 0;0 0;0
2114 KEY_ZL 0;0 0;0
2115 KEY_ZL 0;0 0;0
2116 KEY_ZL 0;0 0;0
2117 KEY_ZL;KEY_L 0;0 0;0
2118 KEY_ZL 0;0 0;0
2119 KEY_ZL 0;0 0;0
2120 KEY_ZL 0;0 0;0
2121 KEY_ZL 0;0 0;0
2122 KEY_ZL 0;0 0;0
2123 KEY_ZL 0;0 0;0
2124 KEY_ZL 0;0 0;0
2125 KEY_ZL 0;0 0;0
2126 KEY_ZL 0;0 0;0
2127 KEY_ZL 0;0 0;0
2128 KEY_ZL 0;0 0;0
2129 KEY_ZL 0;0 0;0
2130 KEY_ZL 0;0 0;0
2131 KEY_ZL 0;0 0;0
2132 KEY_ZL 0;0 0;0
2133 KEY_ZL;KEY_L 0;0 0;0
2134 KEY_ZL 0;0 0;0
2135 KEY_ZL 0;0 0;0
2136 KEY_ZL 0;0 0;0
2137 KEY_ZL 0;0 0;0
2138 KEY_ZL 0;0 0;0
2139 KEY_ZL 0;0 0;0
2140 KEY_ZL 0;0 0;0
2141 KEY_ZL 0;0 0;0
2142 KEY_ZL 0;0 0;0
2143 KEY_ZL 0;0 0;0
2144 KEY_ZL 0;0 0;0
2145 KEY_ZL 0;0 0;0
2146 KEY_ZL 0;0 0;0
2147 KEY_ZL 0;0 0;0
2148 KEY_ZL 0;0 0;0
2149 KEY_ZL;KEY_L 0;0 0;0
2150 KEY_ZL 0;0 0;0
2151 KEY_ZL 0;0 0;0
2152 KEY_ZL 0;0 0;0
2153 KEY_ZL 0;0 0;0
2154 KEY_ZL 0;0 0;0
2155 KEY_ZL 0;0 0;0
2156 KEY_ZL 0;0 0;0
2157 KEY_ZL 0;0 0;0
2158 KEY_ZL 0;0 0;0
2159 KEY_ZL 0;0 0;0
2160 KEY_ZL 0;0 0;0
2161 KEY_ZL 0;0 0;0
2162 KEY_ZL 0;0 0;0
2163 KEY_ZL 0;0 0;0
2164 KEY_ZL 0;0 0;0
2165 KEY_ZL;KEY_L 0;0 0;0
2166 KEY_ZL 0;0 0;0
2167 KEY_ZL 0;0 0;0
2168 KEY_ZL 0;0 0;0
2169 KEY_ZL 0;0 0;0
2170 KEY_ZL 0;0 0;0
2171 KEY_ZL 0;0 0;0
2172 KEY_ZL 0;0 0;0
2173 KEY_ZL 0;0 0;0
2174 KEY_ZL 0;0 0;0
2175 KEY_ZL 0;0 0;0
2176 KEY_ZL 0;0 0;0
2177 KEY_ZL 0;0 0;0
2178 KEY_ZL 0;0 0;0
2179 KEY_ZL 0;0 0;0
2180 KEY_ZL 0;0 0;0
2181 KEY_ZL;KEY_L 0;0 0;0
2182 KEY_ZL 0;0 0;0
2183 KEY_ZL 0;0 0;0
2184 KEY_ZL 0;0 0;0
2185 KEY_ZL 0;0 0;0
2186 KEY_ZL 0;0 0;0
2187 KEY_ZL 0;0 0;0
2188 KEY_ZL 0;0 0;0
2189 KEY_ZL 0;0 0;0
2190 KEY_ZL 0;0 0;0
2191 KEY_ZL 0;0 0;0
2192 KEY_ZL 0;0 0;0
2193 KEY_ZL 0;0 0;0
2194 KEY_ZL 0;0 0;0
2195 KEY_ZL 0;0 0;0
2196 KEY_ZL 0;0 0;0
2197 KEY_ZL;KEY_L 0;0 0;0
2198 KEY_ZL 32767;0 0;0
2199 KEY_ZL 32767;0 0;0
2200 KEY_ZL 32767;0 0;0
2201 KEY_ZL 32767;0 0;0
2202 KEY_ZL 32767;0 0;0
2203 KEY_ZL 32767;0 0;0
2204 KEY_ZL 32767;0 0;0
2205 KEY_ZL 32767;0 0;0
2206 KEY_ZL 32767;0 0;0
2207 KEY_ZL 32767;0 0;0
2208 KEY_ZL 32767;0 0;0
2209 KEY_ZL 32767;0 0;0
2210 KEY_ZL 32767;0 0;0
2211 KEY_ZL 32767;0 0;0
2212 KEY_ZL;KEY_L 32767;0 0;0
2213 KEY_ZL 0;0 0;0
2214 KEY_ZL 0;0 0;0
2215 KEY_ZL 0;0 0;0
2216 KEY_ZL 0;0 0;0
2217 KEY_ZL 0;0 0;0
2218 KEY_ZL 0;0 0;0
2219 KEY_ZL 0;0 0;0
2220 KEY_ZL 0;0 0;0
2221 KEY_ZL 0;0 0;0
2222 KEY_ZL 0;0 0;0
2223 KEY_ZL 0;0 0;0
2224 KEY_ZL 0;0 0;0
2225 KEY_ZL 0;0 0;0
2226 KEY_ZL 0;0 0;0
2227 KEY_ZL;KEY_L 0;0 0;0
2228 KEY_ZL 0;0 0;0
2229 KEY_ZL 0;0 0;0
2230 KEY_ZL 0;0 0;0
2231 KEY_ZL 0;0 0;0
2232 KEY_ZL 0;0 0;0
2233 KEY_ZL 0;0 0;0
2234 KEY_ZL 0;0 0;0
2235 KEY_ZL 0;0 0;0
2236 KEY_ZL 0;0 0;0
2237 KEY_ZL 0;0 0;0
2238 KEY_ZL 0;0 0;0
2239 KEY_ZL 0;0 0;0
2240 KEY_ZL 0;0 0;0
2241 KEY_ZL 0;0 0;0
2242 KEY_ZL 0;0 0;0
2243 KEY_ZL 0;0 0;0
2244 KEY_ZL;KEY_L 0;0 0;0
2245 KEY_ZL 0;0 0;0
2246 KEY_ZL 0;0 0;0
2247 KEY_ZL 0;0 0;0
2248 KEY_ZL 0;0 0;0
2249 KEY_ZL 0;0 0;0
2250 KEY_ZL 0;0 0;0
2251 KEY_ZL 0;0 0;0
2252 KEY_ZL 0;0 0;0
2253 KEY_ZL 0;0 0;0
2254 KEY_ZL 0;0 0;0
2255 KEY_ZL 0;0 0;0
2256 KEY_ZL 0;0 0;0
2257 KEY_ZL 0;0 0;0
2258 KEY_ZL 0;0 0;0
2259 KEY_ZL 0;0 0;0
2260 KEY_ZL 0;0 0;0
2261 KEY_ZL 0;0 0;0
2262 KEY_ZL 0;0 0;0
2263 KEY_ZL 0;0 0;0
2264 KEY_ZL 0;0 0;0
2265 KEY_ZL 0;0 0;0
2266 KEY_ZL 0;0 0;0
2267 KEY_ZL 0;0 0;0
2268 KEY_ZL 0;0 0;0
2269 KEY_ZL 0;0 0;0
2270 KEY_ZL 0;0 0;0
2271 KEY_ZL 0;0 0;0
2272 KEY_ZL 0;0 0;0
2273 KEY_ZL 0;0 0;0
2274 KEY_ZL 0;0 0;0
2275 KEY_ZL 0;0 0;0
2276 KEY_ZL;KEY_L 0;0 0;0
2277 KEY_ZL 0;0 0;0
2278 KEY_ZL 0;0 0;0
2279 KEY_ZL 0;0 0;0
2280 KEY_ZL 0;0 0;0
2281 KEY_ZL 0;0 0;0
2282 KEY_ZL 0;0 0;0
2283 KEY_ZL 0;0 0;0
2284 KEY_ZL 0;0 0;0
2285 KEY_ZL 0;0 0;0
2286 KEY_ZL 0;0 0;0
2287 KEY_ZL 0;0 0;0
2288 KEY_ZL 0;0 0;0
2289 KEY_ZL 0;0 0;0
2290 KEY_ZL 0;0 0;0
2291 KEY_ZL 0;0 0;0
2292 KEY_ZL 0;0 0;0
2293 KEY_ZL 0;0 0;0
2294 KEY_ZL 0;0 0;0
2295 KEY_L;KEY_A 0;0 0;0
2296 NONE 32767;0 0;0
2297 NONE 3282;32602 0;0
2298 NONE 3282;32602 0;0
2299 NONE 3282;32602 0;0
2300 NONE 3282;32602 0;0
2301 NONE 3282;32602 0;0
2302 NONE 3282;32602 0;0
2303 KEY_A 3282;32602 0;0
2304 NONE 3282;32602 0;0
2305 NONE 3282;32602 0;0
2306 NONE 3282;32602 0;0
2307 NONE 3282;32602 0;0
2308 NONE 3282;32602 0;0
2309 NONE 3282;32602 0;0
2310 NONE 3282;32602 0;0
2311 NONE 3282;32602 0;0
2312 NONE 3282;32602 0;0
2313 NONE 3282;32602 0;0
2314 NONE 3282;32602 0;0
2315 NONE 3282;32602 0;0
2316 NONE 3282;32602 0;0
2317 NONE 3282;32602 0;0
2318 NONE 3282;32602 0;0
2319 NONE 3282;32602 0;0
2320 NONE 3282;32602 0;0
2321 NONE 3282;32602 0;0
2322 NONE 3282;32602 0;0
2323 NONE 3282;32602 0;0
2324 NONE 3282;32602 0;0
2325 NONE 3282;32602 0;0
2326 NONE 3282;32602 0;0
2327 NONE 3282;32602 0;0
2328 KEY_A 3282;32602 0;0
2329 NONE 28377;16383 0;0
2330 NONE 28377;16383 0;0
2331 NONE 28377;16383 0;0
2332 NONE 28377;16383 0;0
2333 NONE 28377;16383 0;0
2334 NONE 28377;16383 0;0
2335 NONE 28377;16383 0;0
2336 NONE 28377;16383 0;0
2337 NONE 28377;16383 0;0
2338 NONE 28377;16383 0;0
2339 NONE 28377;16383 0;0
2340 NONE 28377;16383 0;0
2341 NONE 28377;16383 0;0
2342 NONE 28377;16383 0;0
2343 NONE 28377;16383 0;0
2344 NONE 28377;16383 0;0
2345 NONE 28377;16383 0;0
2346 NONE 28377;16383 0;0
2347 NONE 28377;16383 0;0
2348 NONE 28377;16383 0;0
2349 NONE 28377;16383 0;0
2350 NONE 28377;16383 0;0
2351 NONE 28377;16383 0;0
2352 NONE -30790;-11206 0;0
2353 KEY_A 0;0 0;0
2354 KEY_A -28377;16383 0;0
2355 KEY_A -28377;16383 0;0
2356 KEY_A -28377;16383 0;0
2357 NONE -28377;16383 0;0
2358 NONE -28377;16383 0;0
2359 NONE -28377;16383 0;0
2360 NONE -28377;16383 0;0
2361 NONE -28377;16383 0;0
2362 NONE -28377;16383 0;0
2363 NONE -28377;16383 0;0
2364 NONE -28377;16383 0;0
2365 NONE -28377;16383 0;0
2366 NONE -28377;16383 0;0
2367 NONE -28377;16383 0;0
2368 NONE -28377;16383 0;0
2369 NONE -28377;16383 0;0
2370 NONE -28377;16383 0;0
2371 NONE -28377;16383 0;0
2372 NONE -28377;16383 0;0
2373 NONE -28377;16383 0;0
2374 NONE -28377;16383 0;0
2375 NONE -28377;16383 0;0
2376 NONE -28377;16383 0;0
2377 NONE -28377;16383 0;0
2378 NONE -28377;16383 0;0
2379 NONE -28377;16383 0;0
2380 NONE -28377;16383 0;0
2381 NONE -28377;16383 0;0
2382 NONE -28377;16383 0;0
2383 NONE -28377;16383 0;0
2384 NONE -28377;16383 0;0
2385 NONE -28377;16383 0;0
2386 NONE -28377;16383 0;0
2387 NONE -28377;16383 0;0
2388 NONE -28377;16383 0;0
2389 NONE -28377;16383 0;0
2390 NONE -28377;16383 0;0
2391 NONE -28377;16383 0;0
2392 NONE -28377;16383 0;0
2393 NONE -28377;16383 0;0
2394 NONE -28377;16383 0;0
2395 KEY_L -28377;16383 0;0
2396 NONE -32407;4843 0;0
2397 NONE -32407;4843 0;0
2398 NONE -32407;4843 0;0
2399 NONE -32407;4843 0;0
2400 NONE -32407;4843 0;0
2401 NONE -32407;4843 0;0
2402 NONE -32407;4843 0;0
2403 KEY_ZL;KEY_R 0;0 0;0
2404 KEY_ZL;KEY_Y 0;0 0;0
2405 KEY_Y 0;0 0;0
2406 KEY_Y 0;0 0;0
2407 KEY_Y 0;0 0;0
2408 KEY_Y 0;0 0;0
2409 KEY_Y 0;0 0;0
2410 KEY_Y 0;0 0;0
2411 KEY_Y 0;0 0;0
2412 KEY_Y 0;0 0;0
2413 KEY_Y 0;0 0;0
2414 KEY_Y 0;0 0;0
2415 KEY_Y -26841;18794 0;0
2416 KEY_Y -26841;18794 0;0
2417 KEY_Y -26841;18794 0;0
2418 KEY_Y -26841;18794 0;0
2419 KEY_Y -26841;18794 0;0
2420 KEY_Y -26841;18794 0;0
2421 KEY_Y -26841;18794 0;0
2422 KEY_Y -26841;18794 0;0
2423 KEY_Y -26841;18794 0;0
2424 KEY_Y -26841;18794 0;0
2425 KEY_Y -26841;18794 0;0
2426 KEY_Y -26841;18794 0;0
2427 KEY_Y -26841;18794 0;0
2428 KEY_Y -26841;18794 0;0
2429 KEY_Y -26841;18794 0;0
2430 KEY_Y -26841;18794 0;0
2431 KEY_Y -26841;18794 0;0
2432 KEY_Y -26841;18794 0;0
2433 KEY_Y -26841;18794 0;0
2434 KEY_Y -26841;18794 0;0
2435 NONE -29696;13847 0;0
2436 NONE -29696;13847 0;0
2437 NONE -29696;13847 0;0
2438 NONE -29696;13847 0;0
2439 NONE -29696;13847 0;0
2440 NONE -29696;13847 0;0
2441 NONE -29696;13847 0;0
2442 NONE -29696;13847 0;0
2443 NONE -29696;13847 0;0
2444 NONE -29696;13847 0;0
2445 NONE -29696;13847 0;0
2446 NONE -29696;13847 0;0
2447 NONE -29696;13847 0;0
2448 NONE -29696;13847 0;0
2449 NONE -29696;13847 0;0
2450 NONE -29696;13847 0;0
2451 NONE -29696;13847 0;0
2452 NONE -29696;13847 0;0
2453 NONE -29696;13847 0;0
2454 NONE -29696;13847 0;0
2455 KEY_L -29696;13847 0;0
2456 NONE -32767;0 0;0
2457 NONE -32767;0 0;0
2458 NONE -32767;0 0;0
2459 NONE -32767;0 0;0
2460 NONE -32767;0 0;0
2461 NONE -32767;0 0;0
2462 NONE -32767;0 0;0
2463 NONE -32767;0 0;0
2464 NONE -32767;0 0;0
2465 NONE -32767;0 0;0
2466 NONE -32767;0 0;0
2467 NONE -32767;0 0;0
2468 NONE -32767;0 0;0
2469 NONE -32767;0 0;0
2470 NONE -32767;0 0;0
2471 NONE -32767;0 0;0
2472 NONE -32767;0 0;0
2473 NONE -32767;0 0;0
2474 NONE -32767;0 0;0
2475 NONE -32767;0 0;0
2476 NONE -32767;0 0;0
2477 NONE -32767;0 0;0
2478 NONE -32767;0 0;0
2479 NONE -32767;0 0;0
2480 NONE -32767;0 0;0
2481 KEY_L -32767;0 0;0
2482 NONE -31650;8480 0;0
2483 NONE -31650;8480 0;0
2484 NONE -31650;8480 0;0
2485 NONE -31650;8480 0;0
2486 NONE -31650;8480 0;0
2487 NONE -31650;8480 0;0
2488 NONE -31650;8480 0;0
2489 NONE -31650;8480 0;0
2490 NONE -31650;8480 0;0
2491 NONE -31650;8480 0;0
2492 NONE -31650;8480 0;0
2493 NONE -31650;8480 0;0
2494 NONE -31650;8480 0;0
2495 NONE -31650;8480 0;0
2496 NONE -31650;8480 0;0
2497 NONE -31650;8480 0;0
2498 NONE -29281;14705 0;0
2499 NONE -25702;20323 0;0
2500 NONE -21062;25100 0;0
2501 NONE -15551;28841 0;0
2502 NONE -9397;31390 0;0
2503 NONE -2855;32642 0;0
2504 NONE 3804;32545 0;0
2505 NONE 10306;31103 0;0
2506 NONE 16383;28377 0;0
2507 NONE 21062;25100 0;0
2508 NONE 21062;25100 0;0
2509 NONE 21062;25100 0;0
2510 NONE 21062;25100 0;0
2511 KEY_ZL 21062;25100 0;0
2512 KEY_ZL;KEY_Y 0;0 0;0
2744 KEY_DDOWN -32767;0 0;0
2745 KEY_DDOWN 32767;0 0;0
2746 KEY_DDOWN -32767;0 0;0
2747 KEY_DDOWN -32767;0 0;0
2748 KEY_DDOWN -32767;0 0;0
2749 KEY_DDOWN -32767;0 0;0
2750 KEY_DDOWN -32767;0 0;0
2751 KEY_DDOWN -32767;0 0;0
2752 KEY_DDOWN -32767;0 0;0
2753 KEY_DDOWN;KEY_ZL -32767;0 0;0
2754 KEY_ZL;KEY_Y -32767;0 0;0
2755 NONE -30790;-11206 0;0
2756 NONE -30790;-11206 0;0
2757 NONE -30790;-11206 0;0
2758 NONE -30790;-11206 0;0
2759 NONE -30790;-11206 0;0
2760 NONE -30790;-11206 0;0
2761 NONE -30790;-11206 0;0
2762 NONE -30790;-11206 0;0
2763 NONE -30790;-11206 0;0
2764 NONE -30790;-11206 0;0
2765 NONE -30790;-11206 0;0
2766 NONE -30790;-11206 0;0
2767 NONE -30790;-11206 0;0
2768 NONE -30790;-11206 0;0
2769 NONE -30790;-11206 0;0
2770 NONE 0;-32767 0;0
2771 NONE 0;-32767 0;0
2772 NONE 0;-32767 0;0
2773 NONE 0;-32767 0;0
2774 NONE 0;-32767 0;0
2775 NONE 0;-32767 0;0
2776 NONE 0;-32767 0;0
2777 NONE 0;-32767 0;0
2778 NONE 0;-32767 0;0
2779 NONE 0;-32767 0;0
2780 NONE 0;-32767 0;0
2781 NONE 0;-32767 0;0
2782 NONE 0;-32767 0;0
2783 NONE 0;-32767 0;0
2784 NONE 0;-32767 0;0
2785 NONE 0;-32767 0;0
2786 NONE 0;-32767 0;0
2787 NONE 0;-32767 0;0
2788 KEY_A 0;-32767 0;0
2789 KEY_A 25100;21062 0;0
2790 KEY_A 25100;21062 0;0
2791 KEY_A 25100;21062 0;0
2792 KEY_A 25100;21062 0;0
2793 KEY_A 25100;21062 0;0
2794 KEY_A 25100;21062 0;0
2795 KEY_A 25100;21062 0;0
2796 KEY_A 25100;21062 0;0
2797 KEY_A 25100;21062 0;0
2798 NONE 25100;21062 0;0
2799 NONE 25100;21062 0;0
2800 NONE 25100;21062 0;0
2801 NONE 25100;21062 0;0
2802 NONE 25100;21062 0;0
2803 KEY_DUP 25100;21062 0;0
2804 NONE 25100;21062 0;0
2805 NONE 25100;21062 0;0
2806 NONE 25100;21062 0;0
2807 NONE 25100;21062 0;0
2808 NONE 25100;21062 0;0
2809 NONE 25100;21062 0;0
2810 NONE 25100;21062 0;0
2811 NONE 25100;21062 0;0
2812 NONE 25100;21062 0;0
2813 NONE 25100;21062 0;0
2814 NONE 25100;21062 0;0
2815 NONE 25100;21062 0;0
2816 NONE 25100;21062 0;0
2817 NONE 25100;21062 0;0
2818 NONE 25100;21062 0;0
2819 NONE 25100;21062 0;0
2820 KEY_ZL 0;0 0;0
2821 KEY_ZL;KEY_Y 0;0 0;0
2823 KEY_L 0;0 0;0
2824 NONE 28377;-16383 0;0
2825 NONE 28377;-16383 0;0
2826 NONE 28377;-16383 0;0
2827 NONE 28377;-16383 0;0
2828 NONE 28377;-16383 0;0
2829 NONE 28377;-16383 0;0
2830 NONE 28377;-16383 0;0
2831 NONE 28377;-16383 0;0
2832 NONE 28377;-16383 0;0
2833 NONE 28377;-16383 0;0
2834 NONE 28377;-16383 0;0
2835 NONE 28377;-16383 0;0
2836 NONE 28377;-16383 0;0
2837 NONE 28377;-16383 0;0
2838 NONE 28377;-16383 0;0
2839 NONE 28377;-16383 0;0
2840 NONE 28377;-16383 0;0
2841 NONE 28377;-16383 0;0
2842 KEY_A 28377;-16383 0;0
2843 KEY_A 28377;-16383 0;0
2844 KEY_A 28377;-16383 0;0
2845 KEY_A 28377;-16383 0;0
2846 KEY_A 28377;-16383 0;0
2847 KEY_A 28377;-16383 0;0
2848 KEY_A 28377;-16383 0;0
2849 KEY_A 28377;-16383 0;0
2850 KEY_A 28377;-16383 0;0
2851 KEY_A 28377;-16383 0;0
2852 NONE 28377;-16383 0;0
2853 NONE 28377;-16383 0;0
2854 NONE 28377;-16383 0;0
2855 NONE 28377;-16383 0;0
2856 NONE 28377;-16383 0;0
2857 NONE 28377;-16383 0;0
2858 NONE 28377;-16383 0;0
2859 NONE 28377;-16383 0;0
2860 NONE 28377;-16383 0;0
2861 NONE 28377;-16383 0;0
2862 KEY_L 28377;-16383 0;0
2863 NONE 32050;6812 0;0
2864 NONE 32050;6812 0;0
2865 NONE 32050;6812 0;0
2866 NONE 32050;6812 0;0
2867 NONE 32050;6812 0;0
2868 NONE 32050;6812 0;0
2869 NONE 32050;6812 0;0
2870 KEY_ZL 0;0 0;0
2871 KEY_ZL;KEY_Y 0;0 0;0
2873 KEY_L 0;0 0;0
2885 KEY_A 32767;0 0;0
2886 KEY_A 32767;0 0;0
2887 KEY_A 32767;0 0;0
2888 KEY_A 32767;0 0;0
2889 KEY_A 32767;0 0;0
2890 KEY_A 32767;0 0;0
2891 KEY_A 32767;0 0;0
2892 KEY_A 32767;0 0;0
2893 KEY_A 32767;0 0;0
2894 KEY_A 32767;0 0;0
2895 NONE 32767;0 0;0
2896 NONE 32767;0 0;0
2897 NONE 32767;0 0;0
2898 NONE 32767;0 0;0
2899 NONE 32767;0 0;0
2900 NONE 32767;0 0;0
2901 KEY_L 32767;0 0;0
2902 NONE 30790;11206 0;0
2903 NONE 30790;11206 0;0
2904 NONE 30790;11206 0;0
2905 NONE 30790;11206 0;0
2906 NONE 30790;11206 0;0
2907 NONE 30790;11206 0;0
2908 NONE 30790;11206 0;0
2909 KEY_ZL 0;0 0;0
2910 KEY_ZL;KEY_Y 0;0 0;0
2911 KEY_Y 0;0 0;0
2912 KEY_Y 0;0 0;0
2913 KEY_Y 0;0 0;0
2914 KEY_Y 0;0 0;0
2915 KEY_Y 0;0 0;0
2916 KEY_Y 0;0 0;0
2917 KEY_Y 0;0 0;0
2918 KEY_Y 0;0 0;0
2919 KEY_Y 0;0 0;0
2920 KEY_Y 0;0 0;0
2921 KEY_Y 0;0 0;0
2922 KEY_Y 0;0 0;0
2923 KEY_Y 0;0 0;0
2924 KEY_Y 0;0 0;0
2925 KEY_Y 0;0 0;0
2926 KEY_Y 0;0 0;0
2927 KEY_Y 0;0 0;0
2928 KEY_Y 0;0 0;0
2929 KEY_Y 0;0 0;0
2930 KEY_Y 0;0 0;0
2931 KEY_Y 0;0 0;0
2932 KEY_Y 0;0 0;0
2933 KEY_Y 0;0 0;0
2934 KEY_Y 0;0 0;0
2935 KEY_Y 0;0 0;0
2936 KEY_Y 32269;5689 0;0
2937 KEY_Y 32269;5689 0;0
2938 KEY_Y 32269;5689 0;0
2939 KEY_Y 32269;5689 0;0
2940 KEY_Y 32269;5689 0;0
2941 NONE 32269;5689 0;0
2942 NONE 32269;5689 0;0
2943 NONE 32269;5689 0;0
2944 NONE 32269;5689 0;0
2945 NONE 32269;5689 0;0
2946 NONE 32269;5689 0;0
2947 NONE 32269;5689 0;0
2948 NONE 32269;5689 0;0
2949 NONE 32269;5689 0;0
2950 NONE 32269;5689 0;0
2951 NONE 32269;5689 0;0
2952 NONE 32269;5689 0;0
2953 NONE 32269;5689 0;0
2954 NONE 32269;5689 0;0
2955 NONE 32269;5689 0;0
2956 NONE 32269;5689 0;0
2957 NONE 32269;5689 0;0
2958 NONE 32269;5689 0;0
2959 KEY_L 32269;5689 0;0
2960 NONE 24350;21925 0;0
2961 NONE 24350;21925 0;0
2962 NONE 24350;21925 0;0
2963 NONE 24350;21925 0;0
2964 NONE 24350;21925 0;0
2965 NONE 24350;21925 0;0
2966 NONE 24350;21925 0;0
2967 KEY_ZL 24350;21925 0;0
2968 KEY_ZL;KEY_Y 24350;21925 0;0
2969 KEY_Y 24350;21925 0;0
2970 KEY_Y 24350;21925 0;0
2971 KEY_Y 24350;21925 0;0
2972 KEY_Y 24350;21925 0;0
2973 KEY_Y 24350;21925 0;0
2974 KEY_Y 24350;21925 0;0
2975 KEY_Y 24350;21925 0;0
2976 KEY_Y 24350;21925 0;0
2977 KEY_Y 24350;21925 0;0
2978 KEY_Y 24350;21925 0;0
2979 KEY_Y 24350;21925 0;0
2980 KEY_Y 24350;21925 0;0
2981 KEY_Y -31163;10125 0;0
2982 KEY_Y 6812;-32050 0;0
2983 KEY_Y 24350;21925 0;0
2984 KEY_Y -31163;10125 0;0
2985 KEY_Y 6812;-32050 0;0
2986 KEY_Y 24350;21925 0;0
2987 KEY_Y -31163;10125 0;0
2988 KEY_Y 6812;-32050 0;0
2989 KEY_Y 24350;21925 0;0
2990 KEY_Y -31163;10125 0;0
2991 KEY_Y 6812;-32050 0;0
2992 KEY_A;KEY_Y 32050;-6812 0;0
2993 KEY_ZL;KEY_Y 32050;-6812 0;0
2994 KEY_ZL;KEY_Y 32050;-6812 0;0
2995 KEY_ZL;KEY_Y 32050;-6812 0;0
2996 KEY_ZL;KEY_Y 32050;-6812 0;0
2997 KEY_ZL;KEY_Y 32050;-6812 0;0
2998 KEY_ZL;KEY_Y 32050;-6812 0;0
2999 KEY_ZL;KEY_X;KEY_Y 32050;-6812 0;0
3000 KEY_Y 32050;-6812 0;0
3001 KEY_Y 32050;-6812 0;0
3002 KEY_Y 32050;-6812 0;0
3003 KEY_Y 32050;-6812 0;0
3004 KEY_Y 32050;-6812 0;0
3005 KEY_Y 32050;-6812 0;0
3006 NONE 11206;-30790 0;0
3007 NONE 11206;-30790 0;0
3008 NONE 11206;-30790 0;0
3009 KEY_R 11206;-30790 0;0
3010 NONE 11206;-30790 0;0
3011 NONE 12978;-30087 0;0
3012 NONE 14705;-29281 0;0
3013 NONE 16383;-28377 0;0
3014 NONE 18005;-27376 0;0
3015 NONE 19567;-26283 0;0
3016 NONE 21062;-25100 0;0
3017 NONE 22486;-23833 0;0
3018 NONE 23833;-22486 0;0
3019 NONE 25100;-21062 0;0
3020 NONE 26283;-19567 0;0
3021 NONE 27376;-18005 0;0
3022 NONE 28377;-16383 0;0
3023 NONE 29281;-14705 0;0
3024 NONE 30087;-12978 0;0
3025 NONE 30790;-11206 0;0
3026 NONE 31390;-9397 0;0
3027 NONE 31883;-7556 0;0
3028 NONE 32269;-5689 0;0
3029 NONE 32545;-3804 0;0
3030 NONE 32711;-1905 0;0
3031 NONE 32767;0 0;0
3032 KEY_L 0;0 0;0
3033 NONE 18370;27133 0;0
3034 NONE 18370;27133 0;0
3035 NONE 18370;27133 0;0
3036 KEY_ZL 0;0 0;0
3037 KEY_ZL;KEY_Y;KEY_R 0;0 0;0
3038 KEY_Y 0;0 0;0
3039 KEY_Y 0;0 0;0
3040 KEY_Y 0;0 0;0
3041 KEY_Y 0;0 0;0
3042 KEY_Y 0;0 0;0
3043 KEY_Y 0;0 0;0
3044 KEY_Y 0;0 0;0
3045 KEY_Y 0;0 0;0
3046 KEY_Y 0;0 0;0
3047 KEY_Y 0;0 0;0
3048 KEY_Y 0;0 0;0
3049 KEY_Y 0;0 0;0
3050 KEY_Y 0;0 0;0
3051 KEY_Y 0;0 0;0
3052 KEY_Y 0;0 0;0
3053 KEY_Y 0;0 0;0
3054 KEY_Y 0;0 0;0
3055 KEY_Y 0;0 0;0
3056 KEY_Y 0;0 0;0
3057 KEY_Y 0;0 0;0
3058 KEY_Y 0;0 0;0
3059 KEY_Y 0;0 0;0
3060 KEY_Y 0;0 0;0
3061 KEY_Y 0;0 0;0
3062 KEY_Y 0;0 0;0
3063 KEY_Y 0;0 0;0
3064 KEY_Y 0;0 0;0
3065 KEY_Y 13327;29934 0;0
3066 KEY_Y 13327;29934 0;0
3067 KEY_Y 13327;29934 0;0
3086 KEY_ZL 0;0 0;0
3087 KEY_ZL;KEY_Y 0;0 0;0
3088 KEY_ZL 0;0 0;0
3089 KEY_ZL 0;0 0;0
3090 KEY_ZL 0;0 0;0
3091 KEY_ZL 0;0 0;0
3092 KEY_ZL 0;0 0;0
3093 KEY_ZL 0;0 0;0
3094 KEY_ZL 0;0 0;0
3095 KEY_ZL 0;0 0;0
3096 KEY_ZL 0;0 0;0
3097 KEY_ZL 0;0 0;0
3098 KEY_ZL 0;0 0;0
3099 KEY_ZL 0;0 0;0
3100 KEY_ZL 0;0 0;0
3101 KEY_ZL 0;0 0;0
3102 KEY_ZL 0;0 0;0
3103 KEY_ZL 0;0 0;0
3104 KEY_ZL 0;0 0;0
3105 KEY_ZL 0;0 0;0
3106 KEY_ZL 0;0 0;0
3107 KEY_ZL 0;0 0;0
3108 KEY_ZL;KEY_L 0;0 0;0
3109 KEY_ZL 0;0 0;0
3110 KEY_ZL 0;0 0;0
3111 KEY_ZL 0;0 0;0
3112 KEY_ZL 0;0 0;0
3113 KEY_ZL 0;0 0;0
3114 KEY_ZL 0;0 0;0
3115 KEY_ZL 0;0 0;0
3116 KEY_ZL 0;0 0;0
3117 KEY_ZL 0;0 0;0
3118 KEY_ZL 0;0 0;0
3119 KEY_ZL 0;0 0;0
3120 KEY_ZL 0;0 0;0
3121 KEY_ZL 0;0 0;0
3122 KEY_ZL 0;0 0;0
3123 KEY_ZL 0;0 0;0
3124 KEY_ZL 0;0 0;0
3125 KEY_ZL 0;0 0;0
3126 KEY_ZL 0;0 0;0
3127 KEY_ZL 0;0 0;0
3128 KEY_ZL 0;0 0;0
3129 KEY_ZL 0;0 0;0
3130 KEY_ZL 0;0 0;0
3131 KEY_ZL 0;0 0;0
3132 KEY_ZL 0;0 0;0
3133 KEY_ZL 0;0 0;0
3134 KEY_ZL;KEY_L 0;0 0;0
3135 KEY_ZL 0;0 0;0
3136 KEY_ZL 0;0 0;0
3137 KEY_ZL 0;0 0;0
3138 KEY_ZL 0;0 0;0
3139 KEY_ZL 0;0 0;0
3140 KEY_ZL 0;0 0;0
3141 KEY_ZL 0;0 0;0
3142 KEY_ZL 0;0 0;0
3143 KEY_ZL 0;0 0;0
3144 KEY_ZL 0;0 0;0
3145 KEY_ZL 0;0 0;0
3146 KEY_ZL 0;0 0;0
3147 KEY_ZL 0;0 0;0
3148 KEY_ZL 0;0 0;0
3149 KEY_ZL 0;0 0;0
3150 KEY_ZL 0;0 0;0
3151 KEY_ZL 0;0 0;0
3152 KEY_ZL 0;0 0;0
3153 KEY_ZL;KEY_L 0;0 0;0
3154 KEY_ZL 0;0 0;0
3155 KEY_ZL 0;0 0;0
3156 KEY_ZL 0;0 0;0
3157 KEY_ZL 0;0 0;0
3158 KEY_ZL 0;0 0;0
3159 KEY_ZL 0;0 0;0
3160 KEY_ZL 0;0 0;0
3161 KEY_ZL 0;0 0;0
3162 KEY_ZL 0;0 0;0
3163 KEY_ZL 0;0 0;0
3164 KEY_ZL 0;0 0;0
3165 KEY_ZL 0;0 0;0
3166 KEY_ZL 0;0 0;0
3167 KEY_ZL 0;0 0;0
3168 KEY_ZL 0;0 0;0
3169 KEY_ZL 0;0 0;0
3170 KEY_ZL;KEY_L 0;0 0;0
3171 KEY_ZL 0;0 0;0
3172 KEY_ZL 0;0 0;0
3173 KEY_ZL 0;0 0;0
3174 KEY_ZL 0;0 0;0
3175 KEY_ZL 0;0 0;0
3176 KEY_ZL 0;0 0;0
3177 KEY_ZL 0;0 0;0
3178 KEY_ZL 0;0 0;0
3179 KEY_ZL 0;0 0;0
3180 KEY_ZL 0;0 0;0
3181 KEY_ZL 0;0 0;0
3182 KEY_ZL 0;0 0;0
3183 KEY_ZL 0;0 0;0
3184 KEY_Y;KEY_A 0;0 0;0
3185 NONE 0;32767 0;0
3186 NONE 0;32767 0;0
3187 NONE 0;32767 0;0
3188 NONE 0;32767 0;0
3189 NONE 0;32767 0;0
3190 NONE 0;32767 0;0
3191 NONE 0;32767 0;0
3192 NONE 0;32767 0;0
3193 NONE 0;32767 0;0
3194 NONE 0;32767 0;0
3195 NONE 0;32767 0;0
3196 NONE 0;32767 0;0
3197 NONE 0;32767 0;0
3198 NONE 0;32767 0;0
3199 NONE 0;32767 0;0
3200 NONE 0;32767 0;0
3201 NONE 0;32767 0;0
3202 NONE 0;32767 0;0
3203 NONE 0;32767 0;0
3204 NONE 0;32767 0;0
3205 NONE 0;32767 0;0
3206 KEY_L 0;32767 0;0
3207 NONE 0;32767 0;0
3208 NONE 0;32767 0;0
3209 NONE 0;32767 0;0
3210 NONE 0;32767 0;0
3211 NONE 0;32767 0;0
3212 NONE 0;32767 0;0
3213 NONE 0;32767 0;0
3214 NONE 0;32767 0;0
3215 NONE 0;32767 0;0
3216 NONE 0;32767 0;0
3217 NONE 0;32767 0;0
3218 NONE 0;32767 0;0
3219 NONE 0;32767 0;0
3220 NONE 0;32767 0;0
3221 NONE 0;32767 0;0
3222 NONE 0;32767 0;0
3223 NONE 0;32767 0;0
3224 NONE 0;32767 0;0
3225 NONE 0;32767 0;0
3226 NONE 0;32767 0;0
3227 NONE -11206;30790 0;0
3228 NONE -11206;30790 0;0
3229 NONE -11206;30790 0;0
3230 NONE -11206;30790 0;0
3231 NONE -11206;30790 0;0
3232 NONE -11206;30790 0;0
3233 NONE -11206;30790 0;0
3234 NONE -11206;30790 0;0
3235 NONE -11206;30790 0;0
3236 NONE -11206;30790 0;0
3237 NONE -11206;30790 0;0
3238 NONE -11206;30790 0;0
3239 NONE -11206;30790 0;0
3240 NONE -11206;30790 0;0
3241 NONE -11206;30790 0;0
3242 NONE -11206;30790 0;0
3243 NONE -11206;30790 0;0
3244 NONE -11206;30790 0;0
3245 NONE -11206;30790 0;0
3246 NONE -11206;30790 0;0
3247 NONE -11206;30790 0;0
3248 NONE -11206;30790 0;0
3249 NONE -11206;30790 0;0
3250 NONE -11206;30790 0;0
3251 NONE -11206;30790 0;0
3252 NONE -11206;30790 0;0
3253 NONE -11206;30790 0;0
3254 NONE -11206;30790 0;0
3255 NONE -11206;30790 0;0
3256 NONE -11206;30790 0;0
3257 NONE -11206;30790 0;0
3258 NONE -11206;30790 0;0
3259 NONE -11206;30790 0;0
3260 NONE -11206;30790 0;0
3261 KEY_L -11206;30790 0;0
3262 NONE -11206;30790 0;0
3263 NONE -11206;30790 0;0
3264 NONE -11206;30790 0;0
3265 NONE -11206;30790 0;0
3266 NONE -11206;30790 0;0
3267 NONE -11206;30790 0;0
3268 NONE -11206;30790 0;0
3269 NONE -11206;30790 0;0
3270 NONE -11206;30790 0;0
3271 NONE -11206;30790 0;0
3272 NONE -11206;30790 0;0
3273 NONE -11206;30790 0;0
3274 NONE -11206;30790 0;0
3275 NONE -11206;30790 0;0
3276 NONE -11206;30790 0;0
3277 NONE -11206;30790 0;0
3278 NONE -11206;30790 0;0
3279 NONE -11206;30790 0;0
3280 KEY_Y -11206;30790 0;0
3281 NONE -11206;30790 0;0
3282 NONE -11206;30790 0;0
3283 NONE -11206;30790 0;0
3284 NONE -11206;30790 0;0
3285 NONE -11206;30790 0;0
3286 NONE -11206;30790 0;0
3287 NONE -30162;-12803 0;0
3288 NONE -30162;-12803 0;0
3289 NONE -30162;-12803 0;0
3290 NONE -30162;-12803 0;0
3291 NONE -30162;-12803 0;0
3292 NONE -30162;-12803 0;0
3293 NONE -30162;-12803 0;0
3294 NONE -30162;-12803 0;0
3295 NONE -30162;-12803 0;0
3296 NONE -30162;-12803 0;0
3297 NONE -30162;-12803 0;0
3298 NONE -30162;-12803 0;0
3299 NONE -30162;-12803 0;0
3300 NONE -30162;-12803 0;0
3301 NONE -30162;-12803 0;0
3302 NONE -30162;-12803 0;0
3303 NONE -30162;-12803 0;0
3304 NONE -30162;-12803 0;0
3305 NONE -30162;-12803 0;0
3306 NONE -30162;-12803 0;0
3307 NONE -30162;-12803 0;0
3308 NONE -30162;-12803 0;0
3309 NONE -30162;-12803 0;0
3310 NONE -30162;-12803 0;0
3311 KEY_L -30162;-12803 0;0
3312 NONE 30402;12221 0;0
3313 NONE 30402;12221 0;0
3314 NONE 30402;12221 0;0
3315 NONE 30402;12221 0;0
3316 KEY_Y 30402;12221 0;0
3317 NONE 30402;12221 0;0
3318 NONE 30402;12221 0;0
3319 NONE 30402;12221 0;0
3320 NONE 30402;12221 0;0
3321 NONE 30402;12221 32767;0
3322 NONE 30402;12221 32767;0
3323 NONE 32269;-5689 32767;0
3324 NONE 32269;-5689 32767;0
3325 NONE 32269;-5689 32767;0
3326 NONE 32269;-5689 32767;0
3327 NONE 32269;-5689 32767;0
3328 NONE 32269;-5689 32767;0
3329 NONE 32269;-5689 32767;0
3330 NONE 32269;-5689 32767;0
3331 NONE 32269;-5689 32767;0
3332 NONE 32269;-5689 32767;0
3333 NONE 32269;-5689 32767;0
3334 NONE 32269;-5689 32767;0
3335 NONE 32269;-5689 32767;0
3336 NONE 32269;-5689 32767;0
3337 NONE 32269;-5689 32767;0
3338 NONE 32269;-5689 32767;0
3339 NONE 32269;-5689 32767;0
3340 NONE 32269;-5689 32767;0
3341 NONE 32269;-5689 32767;0
3342 NONE 32269;-5689 32767;0
3343 NONE 32269;-5689 32767;0
3344 NONE 32269;-5689 32767;0
3345 NONE 32269;-5689 32767;0
3346 NONE 32269;-5689 32767;0
3347 KEY_L 32269;-5689 0;0
3348 NONE 32269;-5689 0;0
3349 NONE -32767;0 0;0
3350 NONE -32767;0 0;0
3351 NONE -32767;0 0;0
3352 NONE -32767;0 0;0
3353 NONE -32767;0 0;0
3354 NONE -32767;0 0;0
3355 NONE -32767;0 0;0
3356 NONE -32767;0 0;0
3357 NONE -32767;0 0;0
3358 NONE -32767;0 0;0
3359 NONE -32767;0 0;0
3360 NONE -32767;0 0;0
3361 NONE -32767;0 0;0
3362 NONE -32767;0 0;0
3363 NONE -32767;0 0;0
3364 NONE -32767;0 0;0
3365 NONE -32767;0 0;0
3366 NONE -32767;0 0;0
3367 NONE -32767;0 0;0
3368 NONE -32767;0 0;0
3369 NONE -32767;0 0;0
3370 NONE -32767;0 0;0
3371 NONE -32767;0 0;0
3372 NONE -32767;0 0;0
3373 NONE -32767;0 0;0
3374 NONE -32767;0 0;0
3375 NONE -32767;0 0;0
3376 NONE -32767;0 0;0
3377 NONE -32767;0 0;0
3378 NONE -32767;0 0;0
3379 NONE -32767;0 0;0
3380 NONE -32767;0 0;0
3381 NONE -32767;0 0;0
3382 NONE -32767;0 0;0
3383 NONE -32767;0 0;0
3384 NONE -32767;0 0;0
3385 NONE -32767;0 0;0
3386 NONE -32767;0 0;0
3387 NONE -32767;0 0;0
3388 NONE -32767;0 0;0
3389 KEY_L -31650;-8480 0;0
3390 NONE -31650;-8480 0;0
3391 NONE -31650;-8480 0;0
3392 NONE -31650;-8480 0;0
3393 NONE -31650;-8480 0;0
3394 NONE -31650;-8480 0;0
3395 NONE -31650;-8480 0;0
3396 NONE -31650;-8480 0;0
3397 NONE -31650;-8480 0;0
3398 NONE -31650;-8480 0;0
3399 NONE -31650;-8480 0;0
3400 NONE -31650;-8480 0;0
3401 NONE -31650;-8480 0;0
3402 NONE -31650;-8480 0;0
3403 NONE -31650;-8480 0;0
3404 NONE -31650;-8480 0;0
3405 NONE -31650;-8480 0;0
3406 NONE -31650;-8480 0;0
3407 NONE -31650;-8480 0;0
3408 NONE -31650;-8480 0;0
3409 NONE -31650;-8480 0;0
3410 NONE -31650;-8480 0;0
3411 NONE -31650;-8480 0;0
3412 NONE -31650;-8480 0;0
3413 NONE -31650;-8480 0;0
3414 NONE -31650;-8480 0;0
3415 NONE -31650;-8480 0;0
3416 NONE -31650;-8480 0;0
3417 NONE -31650;-8480 0;0
3418 NONE -31650;-8480 0;0
3419 NONE -31650;-8480 0;0
3420 NONE -31650;-8480 0;0
3421 NONE -31650;-8480 0;0
3422 NONE -31650;-8480 0;0
3423 NONE -31650;-8480 0;0
3424 NONE -31650;-8480 0;0
3425 NONE -31650;-8480 0;0
3426 NONE -31650;-8480 0;0
3427 NONE -31650;-8480 0;0
3428 NONE -31650;-8480 0;0
3429 NONE -31650;-8480 0;0
3430 NONE -31650;-8480 0;0
3431 NONE -31650;-8480 0;0
3432 NONE -31650;-8480 0;0
3433 NONE -31650;-8480 0;0
3434 NONE -31650;-8480 0;0
3435 NONE -31650;-8480 0;0
3436 NONE -31650;-8480 0;0
3437 KEY_A -31650;-8480 0;0
3438 NONE -31650;-8480 0;0
3439 NONE -31650;-8480 0;0
3440 NONE -31650;-8480 0;0
3441 NONE -31650;-8480 0;0
3442 NONE -31650;-8480 0;0
3443 NONE -31650;-8480 0;0
3444 NONE -31650;-8480 0;0
3445 NONE -31650;-8480 0;0
3446 NONE -31650;-8480 0;0
3447 NONE -31650;-8480 0;0
3448 NONE -31650;-8480 0;0
3449 NONE -31650;-8480 0;0
3450 NONE -31650;-8480 0;0
3451 NONE -31650;-8480 0;0
3452 NONE -31650;-8480 0;0
3453 NONE -31650;-8480 0;0
3454 NONE -31650;-8480 0;0
3455 NONE -31650;-8480 0;0
3456 NONE -31650;-8480 0;0
3457 NONE -31650;-8480 0;0
3458 NONE -31650;-8480 0;0
3459 NONE -31650;-8480 0;0
3460 NONE -31650;-8480 0;0
3461 NONE -31650;-8480 0;0
3462 NONE -31650;-8480 0;0
3463 KEY_L -31650;-8480 0;0
3464 NONE -31650;-8480 0;0
3465 NONE -31650;-8480 0;0
3466 NONE -31650;-8480 0;0
3467 NONE -31650;-8480 0;0
3468 NONE -31650;-8480 0;0
3469 NONE -31650;-8480 0;0
3470 NONE -31650;-8480 0;0
3471 NONE -31650;-8480 0;0
3472 NONE -31650;-8480 0;0
3473 NONE -31650;-8480 0;0
3474 NONE -31650;-8480 0;0
3475 NONE -31650;-8480 0;0
3476 NONE -31650;-8480 0;0
3477 NONE -31650;-8480 0;0
3478 NONE -31650;-8480 0;0
3479 NONE -31650;-8480 0;0
3480 NONE -31650;-8480 0;0
3481 NONE -31650;-8480 0;0
3482 KEY_Y -31650;-8480 0;0
3483 NONE -31650;-8480 0;0
3484 NONE -31650;-8480 0;0
3485 NONE -31650;-8480 0;0
3486 NONE -31650;-8480 0;0
3487 NONE -31650;-8480 0;0
3488 KEY_R 0;32767 0;0
3489 NONE 0;32767 0;0
3490 KEY_R 0;32767 0;0
3491 NONE 0;32767 0;0
3492 KEY_R 0;32767 0;0
3493 NONE 0;32767 0;0
3494 KEY_R 0;32767 0;0
3495 NONE 0;32767 0;0
3496 KEY_R 0;32767 0;0
3497 NONE 0;32767 0;0
3498 KEY_R 0;32767 0;0
3499 NONE 0;32767 0;0
3500 KEY_R 0;32767 0;0
3501 NONE 0;32767 0;0
3502 KEY_R 0;32767 0;0
3503 NONE 0;32767 0;0
3504 KEY_R 0;32767 0;0
3505 NONE 0;32767 0;0
3506 KEY_R 0;32767 0;0
3507 NONE 0;32767 0;0
3508 KEY_R 0;32767 0;0
3509 KEY_L 0;32767 0;0
3510 NONE 0;32767 0;0
3511 NONE 0;32767 0;0
3512 NONE 0;32767 0;0
3513 NONE 0;32767 0;0
3514 NONE 0;32767 0;0
3515 NONE 0;32767 0;0
3516 NONE 0;32767 0;0
3517 NONE 0;32767 0;0
3518 NONE 0;32767 0;0
3519 NONE 0;32767 0;0
3520 NONE 0;32767 0;0
3521 NONE 0;32767 0;0
3522 NONE 0;32767 0;0
3523 NONE 0;32767 0;0
3524 NONE 0;32767 0;0
3525 NONE 0;32767 0;0
3526 NONE 0;32767 0;0
3527 NONE 0;32767 0;0
3528 NONE 0;32767 0;0
3529 NONE 0;32767 0;0
3530 NONE 0;32767 0;0
3531 NONE 0;32767 0;0
3532 KEY_Y 0;32767 0;0
3533 NONE 0;32767 0;0
3534 NONE 0;32767 0;0
3535 NONE 0;32767 0;0
3536 NONE 0;32767 0;0
3537 NONE 0;32767 0;0
3538 NONE 0;32767 0;0
3539 NONE 0;32767 0;0
3540 NONE 0;32767 0;0
3541 NONE 0;32767 0;0
3542 NONE 0;32767 0;0
3543 NONE 0;32767 0;0
3544 NONE 0;32767 0;0
3545 NONE 0;32767 0;0
3546 NONE 0;32767 0;0
3547 NONE 0;32767 0;0
3548 NONE 0;32767 0;0
3549 NONE 0;32767 0;0
3550 NONE 0;32767 0;0
3551 NONE 0;32767 0;0
3552 NONE 0;32767 0;0
3553 NONE 0;32767 0;0
3554 NONE 0;32767 0;0
3555 NONE 0;32767 0;0
3556 KEY_L 0;32767 0;0
3557 NONE -32767;0 0;0
3558 NONE -32767;0 0;0
3559 NONE -32767;0 0;0
3560 NONE -32767;0 0;0
3561 NONE -32767;0 0;0
3562 NONE -32767;0 0;0
3563 NONE -32767;0 0;0
3564 NONE -32767;0 0;0
3565 NONE -32767;0 0;0
3566 NONE -32767;0 0;0
3567 NONE -32767;0 0;0
3568 NONE -32767;0 0;0
3569 NONE -32767;0 0;0
3570 NONE -32767;0 0;0
3571 NONE -32767;0 0;0
3572 NONE -32767;0 0;0
3573 NONE -32767;0 0;0
3574 NONE -32767;0 0;0
3575 NONE -32767;0 0;0
3576 NONE -32767;0 0;0
3577 NONE -32767;0 0;0
3578 NONE -32767;0 0;0
3579 KEY_Y -32767;0 0;0
3580 NONE -24729;21497 0;0
3581 NONE 0;32767 0;0
3582 NONE 0;32767 0;0
3583 NONE 0;32767 0;0
3584 NONE 0;32767 0;0
3585 NONE 0;32767 0;0
3586 NONE 0;32767 0;0
3587 NONE 0;32767 0;0
3588 NONE 0;32767 0;0
3589 NONE 0;32767 0;0
3590 NONE 0;32767 0;0
3591 NONE 0;32767 0;0
3592 NONE 0;32767 0;0
3593 NONE 0;32767 0;0
3594 NONE 0;32767 0;0
3595 NONE 0;32767 0;0
3596 NONE 0;32767 0;0
3597 NONE 0;32767 0;0
3598 NONE 0;32767 0;0
3599 NONE 0;32767 0;0
3600 NONE 0;32767 0;0
3601 NONE 0;32767 0;0
3602 NONE 0;32767 0;0
3603 KEY_L 0;32767 0;0
3604 NONE -32767;0 0;0
3605 NONE -32767;0 0;0
3606 NONE -32767;0 0;0
3607 NONE -32767;0 0;0
3608 NONE -32767;0 0;0
3609 NONE -32767;0 0;0
3610 NONE -32767;0 0;0
3611 NONE -32767;0 0;0
3612 NONE -32767;0 0;0
3613 NONE -32767;0 0;0
3614 NONE -32767;0 0;0
3615 NONE -32767;0 0;0
3616 NONE -32767;0 0;0
3617 NONE -32767;0 0;0
3618 NONE -32767;0 0;0
3619 NONE -32767;0 0;0
3620 NONE -32767;0 0;0
3621 NONE -32767;0 0;0
3622 NONE -32767;0 0;0
3623 NONE -32767;0 0;0
3624 NONE -32767;0 0;0
3625 NONE -32767;0 0;0
3626 KEY_Y -32767;0 0;0
3627 NONE -24729;21497 0;0
3628 NONE 0;32767 0;0
3629 NONE 0;32767 0;0
3630 NONE 0;32767 0;0
3631 NONE 0;32767 0;0
3632 NONE 0;32767 0;0
3633 NONE 0;32767 0;0
3634 NONE 0;32767 0;0
3635 NONE 0;32767 0;0
3636 NONE 0;32767 0;0
3637 NONE 0;32767 0;0
3638 NONE 0;32767 0;0
3639 NONE 0;32767 0;0
3640 NONE 0;32767 0;0
3641 NONE 0;32767 0;0
3642 NONE 0;32767 0;0
3643 NONE 0;32767 0;0
3644 NONE 0;32767 0;0
3645 NONE 0;32767 0;0
3646 NONE 0;32767 0;0
3647 NONE 0;32767 0;0
3648 NONE 0;32767 0;0
3649 NONE 0;32767 0;0
3650 NONE 0;32767 0;0
3651 NONE 0;32767 0;0
3652 KEY_L 0;32767 0;0
3653 NONE 0;32767 0;0
3654 NONE 0;32767 0;0
3655 NONE 0;32767 0;0
3656 NONE 0;32767 0;0
3657 NONE 0;32767 0;0
3658 NONE 0;32767 0;0
3659 NONE 0;32767 0;0
3660 NONE 0;32767 0;0
3661 NONE 0;32767 0;0
3662 NONE 0;32767 0;0
3663 NONE 0;32767 0;0
3664 NONE 0;32767 0;0
3665 NONE 0;32767 0;0
3666 NONE 0;32767 0;0
3667 NONE 0;32767 0;0
3668 NONE 0;32767 0;0
3669 NONE -32767;0 0;0
3670 NONE -32767;0 0;0
3671 NONE -32767;0 0;0
3672 NONE -32767;0 0;0
3673 NONE -32767;0 0;0
3674 NONE -32767;0 0;0
3675 NONE -32767;0 0;0
3676 KEY_Y 0;32767 0;0
3677 NONE 0;32767 0;0
3678 NONE 0;32767 0;0
3679 NONE 0;32767 0;0
3680 NONE 0;32767 0;0
3681 NONE 0;32767 0;0
3682 NONE 0;32767 0;0
3683 NONE 0;32767 0;0
3684 NONE 0;32767 0;0
3685 NONE 0;32767 0;0
3686 NONE 0;32767 0;0
3687 NONE 0;32767 0;0
3688 NONE 0;32767 0;0
3689 NONE 0;32767 0;0
3690 NONE 0;32767 0;0
3691 NONE 0;32767 0;0
3692 NONE 0;32767 0;0
3693 NONE 0;32767 0;0
3694 NONE 0;32767 0;0
3695 NONE 0;32767 0;0
3696 NONE 0;32767 0;0
3697 NONE 0;32767 0;0
3698 NONE 0;32767 0;0
3699 NONE 0;32767 0;0
3700 KEY_L 0;32767 0;0
3701 NONE 0;32767 0;0
3702 NONE 0;32767 0;0
3703 NONE 0;32767 0;0
3704 NONE 0;32767 0;0
3705 NONE 0;32767 0;0
3706 NONE 0;32767 0;0
3707 NONE 0;32767 0;0
3708 NONE 0;32767 0;0
3709 NONE 0;32767 0;0
3710 NONE 0;32767 0;0
3711 NONE 0;32767 0;0
3712 NONE 0;32767 0;0
3713 NONE 0;32767 0;0
3714 NONE 0;32767 0;0
3715 NONE 0;32767 0;0
3716 NONE 0;32767 0;0
3717 NONE 0;32767 0;0
3718 NONE 0;32767 0;0
3719 NONE 0;32767 0;0
3720 NONE 0;32767 0;0
3721 NONE 0;32767 0;0
3722 NONE 0;32767 0;0
3723 NONE 0;32767 0;0
3724 NONE 571;-32762 0;0
3725 KEY_Y 571;-32762 0;0
3726 NONE 15383;28931 0;0
3727 NONE 15383;28931 0;0
3728 NONE 15383;28931 0;0
3729 NONE 15383;28931 0;0
3730 NONE 15383;28931 0;0
3731 NONE 15383;28931 0;0
3732 KEY_R 29980;-13222 0;0
3733 NONE 29980;-13222 0;0
3734 NONE 29980;-13222 0;0
3735 NONE 29980;-13222 0;0
3736 NONE 29980;-13222 0;0
3737 NONE 29980;-13222 0;0
3738 NONE 29980;-13222 0;0
3739 NONE 29980;-13222 0;0
3740 NONE 29980;-13222 0;0
3741 NONE 29980;-13222 0;0
3742 NONE 29980;-13222 0;0
3743 NONE 29980;-13222 0;0
3744 NONE 29980;-13222 0;0
3745 NONE 29980;-13222 0;0
3746 NONE 29980;-13222 0;0
3747 NONE 29980;-13222 0;0
3748 NONE 29980;-13222 0;0
3749 NONE 29980;-13222 0;0
3750 NONE 29980;-13222 0;0
3751 NONE 29980;-13222 0;0
3752 NONE 29980;-13222 0;0
3753 NONE 29980;-13222 0;0
3754 KEY_L 29980;-13222 0;0
3755 NONE -32486;4276 0;0
3756 NONE -32486;4276 0;0
3757 NONE -32486;4276 0;0
3758 NONE -32486;4276 0;0
3759 NONE -32486;4276 0;0
3760 NONE -32486;4276 0;0
3761 NONE -32486;4276 0;0
3762 NONE -32486;4276 0;0
3763 NONE -32486;4276 0;0
3764 NONE -32486;4276 0;0
3765 NONE -32486;4276 0;0
3766 NONE -32486;4276 0;0
3767 NONE -32486;4276 0;0
3768 NONE -32486;4276 0;0
3769 NONE -32486;4276 0;0
3770 NONE -32486;4276 0;0
3771 NONE -32486;4276 0;0
3772 NONE -32486;4276 0;0
3773 NONE -32486;4276 0;0
3774 NONE -32486;4276 0;0
3775 NONE -32486;4276 0;0
3776 NONE -32486;4276 0;0
3777 NONE -32486;4276 0;0
3778 NONE -32486;4276 0;0
3779 NONE -32486;4276 0;0
3780 NONE -32486;4276 0;0
3781 NONE -32486;4276 0;0
3782 NONE -32486;4276 0;0
3783 NONE -32486;4276 0;0
3784 NONE -32486;4276 0;0
3785 NONE -32486;4276 0;0
3786 KEY_L -30790;11206 0;0
3787 NONE -30790;11206 0;0
3788 NONE -30790;11206 0;0
3789 KEY_Y -30790;11206 0;0
3790 NONE -30790;11206 0;0
3796 KEY_R 0;32767 0;0
3797 NONE 0;32767 0;0
3798 NONE 0;32767 0;0
3799 NONE 0;32767 0;0
3800 NONE 0;32767 0;0
3801 NONE 0;32767 0;0
3802 NONE 0;32767 0;0
3803 NONE 0;32767 0;0
3804 NONE 0;32767 0;0
3805 NONE 0;32767 0;0
3806 NONE 0;32767 0;0
3807 NONE 0;32767 0;0
3808 NONE 0;32767 0;0
3809 NONE 0;32767 0;0
3810 NONE 0;32767 0;0
3811 NONE 0;32767 0;0
3812 NONE 0;32767 0;0
3813 NONE 0;32767 0;0
3814 NONE 0;32767 0;0
3815 NONE 0;32767 0;0
3816 KEY_L 0;32767 0;0
3817 NONE -32767;0 0;0
3818 NONE -32767;0 0;0
3819 NONE -32767;0 0;0
3820 NONE -32767;0 0;0
3821 NONE -32767;0 0;0
3822 NONE -32767;0 0;0
3823 NONE -32767;0 0;0
3824 NONE -32767;0 0;0
3825 NONE -32767;0 0;0
3826 NONE -32767;0 0;0
3827 NONE -32767;0 0;0
3828 NONE -32767;0 0;0
3829 NONE -32767;0 0;0
3830 NONE -32767;0 0;0
3831 NONE -32767;0 0;0
3832 NONE -32767;0 0;0
3833 NONE -32767;0 0;0
3834 NONE -32767;0 0;0
3835 NONE -32767;0 0;0
3836 KEY_Y -32767;0 0;0
3837 NONE -17363;27787 0;0
3838 NONE 0;32767 0;0
3839 NONE 0;32767 0;0
3840 NONE 0;32767 0;0
3841 NONE 0;32767 0;0
3842 NONE 0;32767 0;0
3843 NONE 0;32767 0;0
3844 NONE 0;32767 0;0
3845 NONE 0;32767 0;0
3846 NONE 0;32767 0;0
3847 NONE 0;32767 0;0
3848 NONE 0;32767 0;0
3849 NONE 0;32767 0;0
3850 NONE 0;32767 0;0
3851 NONE 0;32767 0;0
3852 NONE 0;32767 0;0
3853 NONE 0;32767 0;0
3854 NONE 0;32767 0;0
3855 NONE 0;32767 0;0
3856 NONE 0;32767 0;0
3857 NONE 0;32767 0;0
3858 NONE 0;32767 0;0
3859 NONE 0;32767 0;0
3860 KEY_L 0;32767 0;0
3861 NONE -32767;0 0;0
3862 NONE -32767;0 0;0
3863 NONE -32767;0 0;0
3864 NONE -32767;0 0;0
3865 NONE -32767;0 0;0
3866 NONE -32767;0 0;0
3867 NONE -32767;0 0;0
3868 NONE -32767;0 0;0
3869 NONE -32767;0 0;0
3870 NONE -32767;0 0;0
3871 NONE -32767;0 0;0
3872 NONE -32767;0 0;0
3873 NONE -32767;0 0;0
3874 NONE -32767;0 0;0
3875 NONE -32767;0 0;0
3876 NONE -32767;0 0;0
3877 NONE -32767;0 0;0
3878 NONE -32767;0 0;0
3879 NONE -32767;0 0;0
3880 KEY_Y -32767;0 0;0
3881 NONE -16383;28377 0;0
3882 NONE 0;32767 0;0
3883 NONE 0;32767 0;0
3884 NONE 0;32767 0;0
3885 NONE 0;32767 0;0
3886 NONE 0;32767 0;0
3887 NONE 0;32767 0;0
3888 NONE 0;32767 0;0
3889 NONE 0;32767 0;0
3890 NONE 0;32767 0;0
3891 NONE 0;32767 0;0
3892 NONE 0;32767 0;0
3893 NONE 0;32767 0;0
3894 NONE 0;32767 0;0
3895 NONE 0;32767 0;0
3896 NONE 0;32767 0;0
3897 NONE 0;32767 0;0
3898 NONE 0;32767 0;0
3899 NONE 0;32767 0;0
3900 NONE 0;32767 0;0
3901 NONE 0;32767 0;0
3902 NONE 0;32767 0;0
3903 NONE 0;32767 0;0
3904 KEY_L 0;32767 0;0
3910 NONE 0;-32767 0;0
3911 NONE 0;-32767 0;0
3912 NONE 0;-32767 0;0
3913 NONE 0;-32767 0;0
3914 NONE 0;-32767 0;0
3915 NONE 0;-32767 0;0
3916 NONE 0;-32767 0;0
3917 NONE 0;-32767 0;0
3918 NONE 0;-32767 0;0
3919 NONE 0;-32767 0;0
3920 NONE 0;-32767 0;0
3921 NONE 0;-32767 0;0
3922 NONE 0;-32767 0;0
3923 NONE 0;-32767 0;0
3924 NONE 0;-32767 0;0
3925 NONE 0;-32767 0;0
3926 NONE 0;-32767 0;0
3927 NONE 0;-32767 0;0
3928 NONE 0;-32767 0;0
3929 NONE 0;-32767 0;0
3930 NONE 0;-32767 0;0
3931 NONE 0;-32767 0;0
3932 NONE 0;-32767 0;0
3933 NONE 0;-32767 0;0
3934 KEY_ZL 0;32767 0;0
3935 NONE 0;32767 0;0
3936 NONE 0;32767 0;0
3937 KEY_ZR 0;32767 0;0
3938 KEY_ZR;KEY_Y 0;32767 0;0
3939 KEY_ZL 0;32767 0;0
3940 KEY_ZL 0;32767 0;0
3941 KEY_ZL 0;32767 0;0
3942 KEY_ZL 0;32767 0;0
3943 KEY_ZL 0;32767 0;0
3944 KEY_ZL 0;32767 0;0
3945 KEY_ZL 0;32767 0;0
3946 KEY_ZL 0;32767 0;0
3947 KEY_ZL 0;32767 0;0
3948 KEY_ZL 0;32767 0;0
3949 KEY_ZL 0;32767 0;0
3950 KEY_ZL 0;32767 0;0
3951 KEY_ZL 0;32767 0;0
3952 KEY_ZL 0;32767 0;0
3953 KEY_ZL 0;32767 0;0
3954 KEY_ZL 0;32767 0;0
3955 KEY_ZL 0;32767 0;0
3956 KEY_ZL 0;32767 0;0
3957 KEY_ZL 0;32767 0;0
3958 KEY_ZL 0;32767 0;0
3959 KEY_ZL 0;32767 0;0
3960 KEY_ZL 0;32767 0;0
3961 KEY_ZL 0;32767 0;0
3962 KEY_ZL 0;32767 0;0
3963 KEY_ZL 0;32767 0;0
3964 KEY_ZL;KEY_L 0;32767 0;0
3965 KEY_ZL 0;32767 0;0
3966 KEY_ZL 0;32767 0;0
3967 KEY_ZL 0;32767 0;0
3968 KEY_ZL 0;32767 0;0
3969 KEY_ZL 0;32767 0;0
3970 KEY_ZL 0;32767 0;0
3971 KEY_ZL 0;32767 0;0
3972 KEY_ZL 0;32767 0;0
3973 KEY_ZL 0;32767 0;0
3974 KEY_ZL 0;32767 0;0
3975 KEY_ZL 0;32767 0;0
3976 KEY_ZL 0;32767 0;0
3977 KEY_ZL 0;32767 0;0
3978 KEY_ZL 0;32767 0;0
3979 KEY_ZL 0;32767 0;0
3980 KEY_ZL;KEY_L 0;32767 0;0
3981 KEY_ZL 0;32767 0;0
3982 KEY_ZL 0;32767 0;0
3983 KEY_ZL 0;32767 0;0
3984 KEY_ZL 0;32767 0;0
3985 KEY_ZL 0;32767 0;0
3986 KEY_ZL 0;32767 0;0
3987 KEY_ZL 0;32767 0;0
3988 KEY_ZL 0;32767 0;0
3989 KEY_ZL 0;32767 0;0
3990 KEY_ZL 0;32767 0;0
3991 KEY_ZL 0;32767 0;0
3992 KEY_ZL 0;32767 0;0
3993 KEY_ZL 0;32767 0;0
3994 KEY_ZL 0;32767 0;0
3995 KEY_ZL 0;32767 0;0
3996 KEY_ZL;KEY_L 0;32767 0;0
3997 KEY_ZL 0;32767 0;0
3998 KEY_ZL 0;32767 0;0
3999 KEY_ZL 0;32767 0;0
4000 KEY_ZL 0;32767 0;0
4001 KEY_ZL 0;32767 0;0
4002 KEY_ZL 0;32767 0;0
4003 KEY_ZL 0;32767 0;0
4004 KEY_ZL 0;32767 0;0
4005 KEY_ZL 0;32767 0;0
4006 KEY_ZL 0;32767 0;0
4007 KEY_ZL 0;32767 0;0
4008 KEY_ZL 0;32767 0;0
4009 KEY_ZL 0;32767 0;0
4010 KEY_ZL 0;32767 0;0
4011 KEY_ZL;KEY_L 0;32767 0;0
4012 KEY_ZL 0;32767 0;0
4013 KEY_ZL 0;32767 0;0
4014 KEY_ZL 0;32767 0;0
4015 KEY_ZL 0;32767 0;0
4016 KEY_ZL 0;32767 0;0
4017 KEY_ZL 0;32767 0;0
4018 KEY_ZL 0;32767 0;0
4019 KEY_ZL 0;32767 0;0
4020 KEY_ZL 0;32767 0;0
4021 KEY_ZL 0;32767 0;0
4022 KEY_ZL 0;32767 0;0
4023 KEY_ZL 0;32767 0;0
4024 KEY_ZL 0;32767 0;0
4025 KEY_ZL 0;32767 0;0
4026 KEY_ZL;KEY_L 0;32767 0;0
4027 KEY_ZL 0;32767 0;0
4028 KEY_ZL 0;32767 0;0
4029 KEY_ZL 0;32767 0;0
4030 KEY_ZL 0;32767 0;0
4031 KEY_ZL 0;32767 0;0
4032 KEY_ZL 0;32767 0;0
4033 KEY_ZL 0;32767 0;0
4034 KEY_ZL 0;32767 0;0
4035 KEY_ZL 0;32767 0;0
4036 KEY_ZL 0;32767 0;0
4037 KEY_ZL 0;32767 0;0
4038 KEY_ZL 0;32767 0;0
4039 KEY_ZL 0;32767 0;0
4040 KEY_ZL 0;32767 0;0
4041 KEY_ZL;KEY_L 0;32767 0;0
4042 KEY_ZL 0;32767 0;0
4043 KEY_ZL 0;32767 0;0
4044 KEY_ZL 0;32767 0;0
4045 KEY_ZL 0;32767 0;0
4046 KEY_ZL 0;32767 0;0
4047 KEY_ZL 0;32767 0;0
4048 KEY_ZL 0;32767 0;0
4049 KEY_ZL 0;32767 0;0
4050 KEY_ZL 0;32767 0;0
4051 KEY_ZL 0;32767 0;0
4052 KEY_ZL 0;32767 0;0
4053 KEY_ZL 0;32767 0;0
4054 KEY_ZL 0;32767 0;0
4055 KEY_ZL 0;32767 0;0
4056 KEY_ZL 0;32767 0;0
4057 KEY_ZL;KEY_L 0;32767 0;0
4058 KEY_ZL 0;32767 0;0
4059 KEY_ZL 0;32767 0;0
4060 KEY_ZL 0;32767 0;0
4061 KEY_ZL 0;32767 0;0
4062 KEY_ZL 0;32767 0;0
4063 KEY_ZL 0;32767 0;0
4064 KEY_ZL 0;32767 0;0
4065 KEY_ZL 0;32767 0;0
4066 KEY_ZL 0;32767 0;0
4067 KEY_ZL 0;32767 0;0
4068 KEY_ZL 0;32767 0;0
4069 KEY_ZL 0;32767 0;0
4070 KEY_ZL 0;32767 0;0
4071 KEY_ZL 0;32767 0;0
4072 KEY_ZL 0;32767 0;0
4073 KEY_ZL 0;32767 0;0
4074 KEY_ZL 0;32767 0;0
4075 KEY_ZL;KEY_L 0;32767 0;0
4076 KEY_ZL 0;32767 0;0
4077 KEY_ZL 0;32767 0;0
4078 KEY_ZL 0;32767 0;0
4079 KEY_ZL 0;32767 0;0
4080 KEY_ZL 0;32767 0;0
4081 KEY_ZL 0;32767 0;0
4082 KEY_ZL 0;32767 0;0
4083 KEY_ZL 0;32767 0;0
4084 KEY_ZL 0;32767 0;0
4085 KEY_ZL 0;32767 0;0
4086 KEY_ZL 0;32767 0;0
4087 KEY_ZL 0;32767 0;0
4088 KEY_ZL 0;32767 0;0
4089 KEY_ZL 0;32767 0;0
4090 KEY_ZL 0;32767 0;0
4091 KEY_ZL 0;32767 0;0
4092 KEY_ZL 0;32767 0;0
4093 KEY_ZL 0;32767 0;0
4094 KEY_ZL 0;32767 0;0
4095 KEY_ZL 0;32767 0;0
4096 KEY_ZL;KEY_L 0;32767 0;0
4097 KEY_ZL 0;32767 0;0
4098 KEY_ZL 0;32767 0;0
4099 KEY_ZL 0;32767 0;0
4100 KEY_ZL 0;32767 0;0
4101 KEY_ZL 0;32767 0;0
4102 KEY_ZL 0;32767 0;0
4103 KEY_ZL 0;32767 0;0
4104 KEY_ZL 0;32767 0;0
4105 KEY_ZL 0;32767 0;0
4106 KEY_ZL 0;32767 0;0
4107 KEY_ZL 0;32767 0;0
4108 KEY_ZL 0;32767 0;0
4109 KEY_ZL 0;32767 0;0
4110 KEY_ZL 0;32767 0;0
4111 KEY_ZL 0;32767 0;0
4112 KEY_ZL 0;32767 0;0
4113 KEY_ZL 0;32767 0;0
4114 KEY_ZL 0;32767 0;0
4115 KEY_ZL 0;32767 0;0
4116 KEY_ZL 0;32767 0;0
4117 KEY_ZL 0;32767 0;0
4118 KEY_ZL 0;32767 0;0
4119 KEY_ZL;KEY_L 0;32767 0;0
4120 KEY_ZL 0;32767 0;0
4121 KEY_ZL 0;32767 0;0
4122 KEY_ZL 0;32767 0;0
4123 KEY_ZL 0;32767 0;0
4124 KEY_ZL 0;32767 0;0
4125 KEY_ZL 0;32767 0;0
4126 KEY_ZL 0;32767 0;0
4127 KEY_ZL 0;32767 0;0
4128 KEY_ZL 0;32767 0;0
4129 KEY_ZL 0;32767 0;0
4130 KEY_ZL 0;32767 0;0
4131 KEY_ZL 0;32767 0;0
4132 KEY_ZL 0;32767 0;0
4133 KEY_ZL 0;32767 0;0
4134 KEY_ZL 0;32767 0;0
4135 KEY_ZL 0;32767 0;0
4136 KEY_ZL 0;32767 0;0
4137 KEY_ZL;KEY_L 0;32767 0;0
4138 KEY_ZL 0;32767 0;0
4139 KEY_ZL 0;32767 0;0
4140 KEY_ZL 0;32767 0;0
4141 KEY_ZL 0;32767 0;0
4142 KEY_ZL 0;32767 0;0
4143 KEY_ZL 0;32767 0;0
4144 KEY_ZL 0;32767 0;0
4145 KEY_ZL 0;32767 0;0
4146 KEY_ZL 0;32767 0;0
4147 KEY_ZL 0;32767 0;0
4148 KEY_ZL 0;32767 0;0
4149 KEY_ZL 0;32767 0;0
4150 KEY_ZL 0;32767 0;0
4151 KEY_ZL 0;32767 0;0
4152 KEY_ZL 0;32767 0;0
4153 KEY_ZL 0;32767 0;0
4154 KEY_ZL;KEY_L 0;32767 0;0
4155 KEY_ZL 0;32767 0;0
4156 KEY_ZL 0;32767 0;0
4157 KEY_ZL 0;32767 0;0
4158 KEY_ZL 0;32767 0;0
4159 KEY_ZL 0;32767 0;0
4160 KEY_ZL 0;32767 0;0
4161 KEY_ZL 0;32767 0;0
4162 KEY_ZL 0;32767 0;0
4163 KEY_ZL 0;32767 0;0
4164 KEY_ZL 0;32767 0;0
4165 KEY_ZL 0;32767 0;0
4166 KEY_ZL 0;32767 0;0
4167 KEY_DLEFT;KEY_A 0;32767 0;0
4168 KEY_DLEFT 0;32767 0;0
4169 KEY_DLEFT 0;32767 0;0
4170 KEY_DLEFT 0;32767 0;0
4171 KEY_DLEFT 0;32767 0;0
4172 KEY_DLEFT 0;32767 0;0
4173 KEY_DLEFT 0;32767 0;0
4174 KEY_DLEFT 0;32767 0;0
4175 KEY_DLEFT;KEY_A 0;32767 0;0
4176 KEY_A 0;32767 0;0
4177 KEY_A 0;32767 0;0
4178 KEY_A 0;32767 0;0
4179 KEY_A 0;32767 0;0
4180 KEY_A 0;32767 0;0
4181 KEY_A 0;32767 0;0
4182 KEY_A 0;32767 0;0
4183 KEY_A 0;32767 0;0
4184 KEY_A 0;32767 0;0
4185 KEY_A 0;32767 0;0
4186 NONE 0;32767 0;0
4187 NONE 0;32767 0;0
4188 NONE 0;32767 0;0
4189 NONE 0;32767 0;0
4190 NONE 0;32767 0;0
4191 NONE 0;32767 0;0
4192 NONE 0;32767 0;0
4193 NONE 0;32767 0;0
4194 NONE 0;32767 0;0
4195 NONE 0;32767 0;0
4196 NONE 0;32767 0;0
4197 NONE 0;32767 0;0
4198 NONE 0;32767 0;0
4199 NONE 0;32767 0;0
4200 NONE 0;32767 0;0
4201 NONE 0;32767 0;0
4202 NONE 0;32767 0;0
4203 NONE 0;32767 0;0
4204 NONE 0;32767 0;0
4205 NONE 0;32767 0;0
4206 NONE 0;32767 0;0
4207 NONE 0;32767 0;0
4208 NONE 0;32767 0;0
4209 NONE 0;32767 0;0
4210 NONE 0;32767 0;0
4211 NONE 0;32767 0;0
4212 NONE 0;32767 0;0
4213 NONE 0;32767 0;0
4214 NONE 0;32767 0;0
4215 NONE 0;32767 0;0
4216 NONE 0;32767 0;0
4217 NONE 0;32767 0;0
4218 NONE 0;32767 0;0
4219 NONE 0;32767 0;0
4220 NONE 0;32767 0;0
4221 NONE 0;32767 0;0
4222 NONE 0;32767 0;0
4223 NONE 0;32767 0;0
4224 NONE 0;32767 0;0
4225 NONE 0;32767 0;0
4226 NONE 0;32767 0;0
4227 NONE 0;32767 0;0
4228 NONE 0;32767 0;0
4229 NONE 0;32767 0;0
4230 NONE 0;32767 0;0
4231 NONE 0;32767 0;0
4232 NONE 0;32767 0;0
4233 NONE 0;32767 0;0
4234 NONE 0;32767 0;0
4235 NONE 0;32767 0;0
4236 NONE 0;32767 0;0
4237 NONE 0;32767 0;0
4238 NONE 0;32767 0;0
4239 NONE 0;32767 0;0
4240 NONE 0;32767 0;0
4241 NONE 0;32767 0;0
4242 NONE 0;32767 0;0
4243 NONE 0;32767 0;0
4244 NONE 0;32767 0;0
4245 NONE 0;32767 0;0
4246 NONE 0;32767 0;0
4247 NONE 0;32767 0;0
4248 NONE 0;32767 0;0
4249 NONE 0;32767 0;0
4250 NONE 0;32767 0;0
4251 NONE 0;32767 0;0
4252 NONE 0;32767 0;0
4253 NONE 0;32767 0;0
4254 NONE 0;32767 0;0
4255 NONE 0;32767 0;0
4256 NONE 0;32767 0;0
4257 NONE 0;32767 0;0
4258 NONE 0;32767 0;0
4259 NONE 0;32767 0;0
4260 NONE 0;32767 0;0
4261 NONE 0;32767 0;0
4513 KEY_ZL 0;0 0;0
4514 KEY_ZL;KEY_Y 0;0 0;0
4515 KEY_ZL 0;0 0;0
4516 KEY_ZL 0;0 0;0
4517 KEY_ZL 0;0 0;0
4518 KEY_ZL 0;0 0;0
4519 KEY_ZL 0;0 0;0
4520 KEY_ZL 0;0 0;0
4521 KEY_ZL 0;0 0;0
4522 KEY_ZL 0;0 0;0
4523 KEY_ZL 0;0 0;0
4524 KEY_ZL 0;0 0;0
4525 KEY_ZL 0;0 0;0
4526 KEY_ZL 0;0 0;0
4527 KEY_ZL 0;0 0;0
4528 KEY_ZL 0;0 0;0
4529 KEY_ZL 0;0 0;0
4530 KEY_ZL 0;0 0;0
4531 KEY_ZL 0;0 0;0
4532 KEY_ZL 0;0 0;0
4533 KEY_ZL 0;0 0;0
4534 KEY_ZL 0;0 0;0
4535 KEY_ZL 0;0 0;0
4536 KEY_ZL 0;0 0;0
4537 KEY_ZL 0;0 0;0
4538 KEY_ZL 0;0 0;0
4539 KEY_ZL 0;0 0;0
4540 KEY_ZL 0;0 0;0
4541 KEY_ZL 0;0 0;0
4542 KEY_ZL 0;0 0;0
4543 KEY_ZL 0;0 0;0
4544 KEY_ZL 0;0 0;0
4545 KEY_ZL 0;0 0;0
4546 KEY_ZL 0;0 0;0
4547 KEY_ZL 0;0 0;0
4548 KEY_ZL 0;0 0;0
4549 KEY_ZL 0;0 0;0
4550 KEY_ZL 0;0 0;0
4551 KEY_ZL;KEY_L 0;0 0;0
4552 KEY_ZL 0;32767 0;0
4553 KEY_ZL 0;32767 0;0
4554 KEY_ZL 0;32767 0;0
4555 KEY_ZL 0;32767 0;0
4556 KEY_ZL 0;32767 0;0
4557 KEY_ZL 0;32767 0;0
4558 KEY_ZL 0;32767 0;0
4559 KEY_ZL 0;32767 0;0
4560 KEY_ZL 0;32767 0;0
4561 KEY_ZL 0;32767 0;0
4562 KEY_ZL 0;32767 0;0
4563 KEY_ZL 0;32767 0;0
4564 KEY_ZL 0;32767 0;0
4565 KEY_ZL 0;32767 0;0
4566 KEY_ZL;KEY_L 0;32767 0;0
4567 KEY_ZL 0;32767 0;0
4568 KEY_ZL 0;32767 0;0
4569 KEY_ZL 0;32767 0;0
4570 KEY_ZL 0;32767 0;0
4571 KEY_ZL 0;32767 0;0
4572 KEY_ZL 0;32767 0;0
4573 KEY_ZL 0;32767 0;0
4574 KEY_ZL 0;32767 0;0
4575 KEY_ZL 0;32767 0;0
4576 KEY_ZL 0;32767 0;0
4577 KEY_ZL 0;32767 0;0
4578 KEY_ZL 0;32767 0;0
4579 KEY_ZL 0;32767 0;0
4580 KEY_ZL 0;32767 0;0
4581 KEY_ZL;KEY_L 0;32767 0;0
4582 KEY_ZL 0;32767 0;0
4583 KEY_ZL 0;32767 0;0
4584 KEY_ZL 0;32767 0;0
4585 KEY_ZL 0;32767 0;0
4586 KEY_ZL 0;32767 0;0
4587 KEY_ZL 0;32767 0;0
4588 KEY_ZL 0;32767 0;0
4589 KEY_ZL 0;32767 0;0
4590 KEY_ZL 0;32767 0;0
4591 KEY_ZL 0;32767 0;0
4592 KEY_ZL 0;32767 0;0
4593 KEY_ZL 0;32767 0;0
4594 KEY_ZL 0;32767 0;0
4595 KEY_ZL 0;32767 0;0
4596 KEY_ZL;KEY_L 0;32767 0;0
4597 KEY_ZL 0;32767 0;0
4598 KEY_ZL 0;32767 0;0
4599 KEY_ZL 0;32767 0;0
4600 KEY_ZL 0;32767 0;0
4601 KEY_ZL 0;32767 0;0
4602 KEY_ZL 0;32767 0;0
4603 KEY_ZL 0;32767 0;0
4604 KEY_ZL 0;32767 0;0
4605 KEY_ZL 0;32767 0;0
4606 KEY_ZL 0;32767 0;0
4607 KEY_ZL 0;32767 0;0
4608 KEY_ZL 0;32767 0;0
4609 KEY_ZL 0;32767 0;0
4610 KEY_ZL 0;32767 0;0
4611 KEY_ZL;KEY_L 0;32767 0;0
4612 KEY_ZL 0;32767 0;0
4613 KEY_ZL 0;32767 0;0
4614 KEY_ZL 0;32767 0;0
4615 KEY_ZL 0;32767 0;0
4616 KEY_ZL 0;32767 0;0
4617 KEY_ZL 0;32767 0;0
4618 KEY_ZL 0;32767 0;0
4619 KEY_ZL 0;32767 0;0
4620 KEY_ZL 0;32767 0;0
4621 KEY_ZL 0;32767 0;0
4622 KEY_ZL 0;32767 0;0
4623 KEY_ZL 0;32767 0;0
4624 KEY_ZL 0;32767 0;0
4625 KEY_ZL 0;32767 0;0
4626 KEY_ZL;KEY_L 0;32767 0;0
4627 KEY_ZL 0;32767 0;0
4628 KEY_ZL 0;32767 0;0
4629 KEY_ZL 0;32767 0;0
4630 KEY_ZL 0;32767 0;0
4631 KEY_ZL 0;32767 0;0
4632 KEY_ZL 0;32767 0;0
4633 KEY_ZL 0;32767 0;0
4634 KEY_ZL 0;32767 0;0
4635 KEY_ZL 0;32767 0;0
4636 KEY_ZL 0;32767 0;0
4637 KEY_ZL 0;32767 0;0
4638 KEY_ZL 0;32767 0;0
4639 KEY_ZL 0;32767 0;0
4640 KEY_ZL 0;32767 0;0
4641 KEY_ZL;KEY_L 0;32767 0;0
4642 KEY_ZL 0;32767 0;0
4643 KEY_ZL 0;32767 0;0
4644 KEY_ZL 0;32767 0;0
4645 KEY_ZL 0;32767 0;0
4646 KEY_ZL 0;32767 0;0
4647 KEY_ZL 0;32767 0;0
4648 KEY_ZL 0;32767 0;0
4649 KEY_ZL 0;32767 0;0
4650 KEY_ZL 0;32767 0;0
4651 KEY_ZL 0;32767 0;0
4652 KEY_ZL 0;32767 0;0
4653 KEY_ZL 0;32767 0;0
4654 KEY_ZL 0;32767 0;0
4655 KEY_ZL 0;32767 0;0
4656 KEY_ZL;KEY_L 0;32767 0;0
4712 KEY_PLUS 0;0 0;0
4721 KEY_PLUS 0;0 0;0
4744 KEY_A 0;0 0;0
