0 NONE 0;0 0;0
1 KEY_B 0;0 0;0
2 NONE 0;32767 0;0
3 NONE -28377;-16382 0;0
4 NONE 28377;-16383 0;0
5 NONE 0;32767 0;0
6 NONE -28377;-16382 0;0
7 NONE 28377;-16383 0;0
8 NONE 0;32767 0;0
9 NONE -28377;-16382 0;0
10 NONE 28377;-16383 0;0
11 NONE 0;32767 0;0
12 NONE -28377;-16382 0;0
13 NONE 28377;-16383 0;0
14 NONE 0;32767 0;0
15 NONE -28377;-16382 0;0
16 NONE 28377;-16383 0;0
17 NONE 0;32767 0;0
18 NONE -28377;-16382 0;0
19 NONE 28377;-16383 0;0
20 NONE 0;32767 0;0
21 NONE -28377;-16382 0;0
22 NONE 28377;-16383 0;0
23 NONE 0;32767 0;0
24 NONE -28377;-16382 0;0
25 NONE 28377;-16383 0;0
26 NONE 0;32767 0;0
27 NONE -28377;-16382 0;0
28 NONE 28377;-16383 0;0
29 NONE 0;32767 0;0
30 NONE -28377;-16382 0;0
31 NONE 28377;-16383 0;0
32 NONE 0;32767 0;0
33 NONE -28377;-16382 0;0
34 NONE 28377;-16383 0;0
35 NONE 0;32767 0;0
36 NONE -28377;-16382 0;0
37 NONE 28377;-16383 0;0
38 NONE 0;32767 0;0
39 NONE -28377;-16382 0;0
40 NONE 28377;-16383 0;0
41 NONE 0;32767 0;0
42 NONE -28377;-16382 0;0
43 NONE 28377;-16383 0;0
44 NONE 0;32767 0;0
45 NONE -28377;-16382 0;0
46 NONE 28377;-16383 0;0
47 NONE 0;32767 0;0
48 NONE -28377;-16382 0;0
49 NONE 28377;-16383 0;0
50 NONE 0;32767 0;0
51 NONE -28377;-16382 0;0
52 NONE 28377;-16383 0;0
53 NONE 0;32767 0;0
54 NONE -28377;-16382 0;0
55 NONE 28377;-16383 0;0
56 NONE 0;32767 0;0
57 NONE -28377;-16382 0;0
58 NONE 28377;-16383 0;0
59 NONE 0;32767 0;0
60 NONE -28377;-16382 0;0
61 NONE 28377;-16383 0;0
62 NONE 0;32767 0;0
63 NONE -28377;-16382 0;0
64 NONE 28377;-16383 0;0
65 NONE 0;32767 0;0
66 NONE -28377;-16382 0;0
67 NONE 28377;-16383 0;0
68 NONE 0;32767 0;0
69 NONE -28377;-16382 0;0
70 NONE 28377;-16383 0;0
71 NONE 0;32767 0;0
72 NONE -28377;-16382 0;0
73 NONE 28377;-16383 0;0
74 NONE 0;32767 0;0
75 NONE -28377;-16382 0;0
76 NONE 28377;-16383 0;0
77 NONE 0;32767 0;0
78 NONE -28377;-16382 0;0
79 NONE 28377;-16383 0;0
80 NONE 0;32767 0;0
81 NONE -28377;-16382 0;0
82 NONE 28377;-16383 0;0
83 NONE 0;32767 0;0
84 NONE -28377;-16382 0;0
85 NONE 28377;-16383 0;0
86 NONE 0;32767 0;0
87 NONE -28377;-16382 0;0
88 NONE 28377;-16383 0;0
89 NONE 0;32767 0;0
90 NONE -28377;-16382 0;0
91 NONE 28377;-16383 0;0
92 NONE 0;32767 0;0
93 NONE -28377;-16382 0;0
94 NONE 28377;-16383 0;0
95 NONE 0;32767 0;0
96 NONE -28377;-16382 0;0
97 NONE 28377;-16383 0;0
98 NONE 0;32767 0;0
99 NONE -28377;-16382 0;0
100 NONE 28377;-16383 0;0
101 NONE 0;32767 0;0
102 NONE -28377;-16382 0;0
103 NONE 28377;-16383 0;0
104 NONE 0;32767 0;0
105 NONE -28377;-16382 0;0
106 NONE 28377;-16383 0;0
107 NONE 0;32767 0;0
108 NONE -28377;-16382 0;0
109 NONE 28377;-16383 0;0
110 NONE 0;32767 0;0
111 NONE -28377;-16382 0;0
112 NONE 28377;-16383 0;0
113 NONE 0;32767 0;0
114 NONE -28377;-16382 0;0
115 NONE 28377;-16383 0;0
116 NONE 0;32767 0;0
117 NONE -28377;-16382 0;0
118 NONE 28377;-16383 0;0
119 NONE 0;32767 0;0
120 NONE -28377;-16382 0;0
121 NONE 28377;-16383 0;0
122 NONE 0;32767 0;0
123 NONE -28377;-16382 0;0
124 NONE 28377;-16383 0;0
125 NONE 0;32767 0;0
126 NONE -28377;-16382 0;0
127 NONE 28377;-16383 0;0
128 NONE 0;32767 0;0
129 NONE -28377;-16382 0;0
130 NONE 28377;-16383 0;0
131 NONE 0;32767 0;0
132 NONE -28377;-16382 0;0
133 NONE 28377;-16383 0;0
134 NONE 0;32767 0;0
135 NONE -28377;-16382 0;0
136 NONE 28377;-16383 0;0
137 NONE 0;32767 0;0
138 NONE -28377;-16382 0;0
139 NONE 28377;-16383 0;0
140 NONE 0;32767 0;0
141 NONE -28377;-16382 0;0
142 NONE 28377;-16383 0;0
143 NONE 0;32767 0;0
144 NONE -28377;-16382 0;0
145 NONE 28377;-16383 0;0
146 NONE 0;32767 0;0
147 NONE -28377;-16382 0;0
148 NONE 28377;-16383 0;0
149 NONE 0;32767 0;0
150 NONE -28377;-16382 0;0
151 NONE 28377;-16383 0;0
152 NONE 0;32767 0;0
153 NONE -28377;-16382 0;0
154 NONE 28377;-16383 0;0
155 NONE 0;32767 0;0
156 NONE -28377;-16382 0;0
157 NONE 28377;-16383 0;0
158 NONE 0;32767 0;0
159 NONE -28377;-16382 0;0
160 NONE 28377;-16383 0;0
161 NONE 0;32767 0;0
162 NONE -28377;-16382 0;0
163 NONE 28377;-16383 0;0
164 NONE 0;32767 0;0
165 NONE -28377;-16382 0;0
166 NONE 28377;-16383 0;0
167 NONE 0;32767 0;0
168 NONE -28377;-16382 0;0
169 NONE 28377;-16383 0;0
170 NONE 0;32767 0;0
171 NONE -28377;-16382 0;0
172 NONE 28377;-16383 0;0
173 NONE 0;32767 0;0
174 NONE -28377;-16382 0;0
175 NONE 28377;-16383 0;0
176 NONE 0;32767 0;0
177 NONE -28377;-16382 0;0
178 NONE 28377;-16383 0;0
179 NONE 0;32767 0;0
180 NONE -28377;-16382 0;0
181 NONE 28377;-16383 0;0
182 NONE 0;32767 0;0
183 NONE -28377;-16382 0;0
184 NONE 28377;-16383 0;0
185 NONE 0;32767 0;0
186 NONE -28377;-16382 0;0
187 NONE 28377;-16383 0;0
188 NONE 0;32767 0;0
189 NONE -28377;-16382 0;0
190 NONE 28377;-16383 0;0
191 NONE 0;32767 0;0
192 NONE -28377;-16382 0;0
193 NONE 28377;-16383 0;0
194 NONE 0;32767 0;0
195 NONE -28377;-16382 0;0
196 NONE 28377;-16383 0;0
197 NONE 0;32767 0;0
198 NONE -28377;-16382 0;0
199 NONE 28377;-16383 0;0
200 NONE 0;32767 0;0
201 NONE -28377;-16382 0;0
202 NONE 28377;-16383 0;0
203 NONE 0;32767 0;0
204 NONE -28377;-16382 0;0
205 NONE 28377;-16383 0;0
206 NONE 0;32767 0;0
207 NONE -28377;-16382 0;0
208 NONE 28377;-16383 0;0
209 NONE 0;32767 0;0
210 NONE -28377;-16382 0;0
211 NONE 28377;-16383 0;0
212 NONE 0;32767 0;0
213 NONE -28377;-16382 0;0
214 NONE 28377;-16383 0;0
215 NONE 0;32767 0;0
216 NONE -28377;-16382 0;0
217 NONE 28377;-16383 0;0
218 NONE 0;32767 0;0
219 NONE -28377;-16382 0;0
220 NONE 28377;-16383 0;0
221 NONE 0;32767 0;0
222 NONE -28377;-16382 0;0
223 NONE 28377;-16383 0;0
224 NONE 0;32767 0;0
225 NONE -28377;-16382 0;0
226 NONE 28377;-16383 0;0
227 NONE 0;32767 0;0
228 NONE -28377;-16382 0;0
229 NONE 28377;-16383 0;0
230 NONE 0;32767 0;0
231 NONE -28377;-16382 0;0
232 NONE 28377;-16383 0;0
233 NONE 0;32767 0;0
234 NONE -28377;-16382 0;0
235 NONE 28377;-16383 0;0
236 NONE 0;32767 0;0
237 NONE -28377;-16382 0;0
238 NONE 28377;-16383 0;0
239 NONE 0;32767 0;0
240 NONE -28377;-16382 0;0
241 NONE 28377;-16383 0;0
242 KEY_B 598;32761 0;0
243 KEY_ZL 573;32761 0;0
244 KEY_ZL 526;32762 0;0
245 KEY_X;KEY_ZL 592;32761 0;0
246 KEY_Y;KEY_ZL 592;32761 0;0
247 KEY_X;KEY_ZL 615;32761 0;0
248 KEY_Y;KEY_ZL 615;32761 0;0
249 KEY_X;KEY_ZL 615;32761 0;0
250 KEY_Y;KEY_ZL 570;32761 0;0
251 KEY_ZL 615;32761 0;0
252 KEY_ZL 547;32761 0;0
253 KEY_ZL 592;32761 0;0
254 KEY_ZL 592;32761 0;0
255 KEY_ZL 570;32761 0;0
256 KEY_ZL 844;32755 0;0
257 KEY_ZL 1913;32711 0;0
258 KEY_ZL 4607;32441 0;0
259 KEY_ZL 7959;31785 0;0
260 KEY_ZL 8312;31694 0;0
261 KEY_ZL 8491;31646 0;0
262 KEY_ZL 8817;31557 0;0
263 KEY_ZL 11369;30730 0;0
264 KEY_ZL 12279;30377 0;0
265 KEY_ZL 12734;30190 0;0
266 KEY_ZL 12697;30205 0;0
267 KEY_ZL 12327;30358 0;0
268 KEY_ZL 11725;30597 0;0
269 KEY_ZL 11629;30633 0;0
270 KEY_ZL 11602;30643 0;0
271 KEY_ZL 11563;30657 0;0
272 KEY_ZL 11332;30743 0;0
273 KEY_ZL 9662;31308 0;0
274 KEY_ZL 3880;32535 0;0
275 KEY_ZL 3880;32535 0;0
276 KEY_ZL 3124;32616 0;0
277 KEY_ZL 3122;32616 0;0
278 KEY_ZL 3145;32614 0;0
279 KEY_ZL 3027;32626 0;0
280 KEY_ZL 2308;32684 0;0
281 KEY_ZL 1683;32722 0;0
282 KEY_ZL;KEY_L 1635;32726 0;0
283 KEY_ZL 1612;32726 0;0
284 KEY_ZL 3446;32585 0;0
285 KEY_ZL 3421;32587 0;0
286 KEY_ZL 1357;32738 0;0
287 KEY_ZL 468;32763 0;0
288 KEY_ZL 163;32765 0;0
289 KEY_ZL 117;32765 0;0
290 KEY_ZL 69;32765 0;0
291 KEY_ZL 117;32765 0;0
292 KEY_ZL 0;32767 0;0
293 KEY_ZL -683;32759 0;0
294 KEY_ZL -1574;32728 0;0
295 KEY_ZL -1599;32726 0;0
296 KEY_ZL -1651;32724 0;0
297 KEY_ZL -1651;32724 0;0
298 KEY_ZL -1360;32738 0;0
299 KEY_ZL -1360;32738 0;0
300 KEY_ZL -1493;32732 0;0
301 KEY_ZL;KEY_L -2899;32637 0;0
302 KEY_ZL -2924;32635 0;0
303 KEY_ZL -2953;32633 0;0
304 KEY_ZL -1730;32720 0;0
305 KEY_ZL -1808;32716 0;0
306 KEY_ZL -1754;32720 0;0
307 KEY_ZL -1754;32720 0;0
308 KEY_ZL -1781;32718 0;0
309 KEY_ZL -1783;32718 0;0
310 KEY_ZL -1781;32718 0;0
311 KEY_ZL -1754;32720 0;0
312 KEY_ZL -1730;32720 0;0
313 KEY_ZL -1754;32720 0;0
314 KEY_ZL -1756;32718 0;0
315 KEY_ZL 4244;32489 0;0
316 KEY_ZL 912;32753 0;0
317 KEY_ZL 794;32757 0;0
318 KEY_ZL;KEY_L -1073;32749 0;0
319 KEY_ZL -1181;32745 0;0
320 KEY_ZL -1206;32743 0;0
321 KEY_ZL -1206;32743 0;0
322 KEY_ZL -1206;32743 0;0
323 KEY_ZL -1206;32743 0;0
324 KEY_ZL -1231;32743 0;0
325 KEY_ZL -1233;32743 0;0
326 KEY_ZL -1231;32743 0;0
327 KEY_ZL -1335;32739 0;0
328 KEY_ZL -1468;32734 0;0
329 KEY_ZL -1522;32730 0;0
330 KEY_ZL -1520;32730 0;0
331 KEY_ZL -1599;32726 0;0
332 KEY_ZL -2564;32666 0;0
333 KEY_ZL -6766;32059 0;0
334 KEY_ZL -16383;28377 0;0
335 KEY_ZL;KEY_L -16383;28377 0;0
336 KEY_ZL -16383;28377 0;0
337 KEY_ZL -16383;28377 0;0
338 KEY_ZL -16383;28377 0;0
339 KEY_ZL -16383;28377 0;0
340 KEY_ZL -16383;28377 0;0
341 KEY_ZL -16383;28377 0;0
342 KEY_ZL -16383;28377 0;0
343 KEY_ZL -16383;28377 0;0
344 KEY_ZL -16383;28377 0;0
345 KEY_ZL -16383;28377 0;0
346 KEY_ZL -16383;28377 0;0
347 KEY_ZL -16383;28377 0;0
348 KEY_ZL -16383;28377 0;0
349 KEY_ZL -3113;32618 0;0
350 KEY_ZL -3032;32626 0;0
351 KEY_ZL;KEY_L -3030;32626 0;0
352 KEY_ZL -3059;32622 0;0
353 KEY_ZL -3053;32624 0;0
354 KEY_ZL -3084;32620 0;0
355 KEY_ZL -3003;32628 0;0
356 KEY_ZL -2999;32628 0;0
357 KEY_ZL -2976;32630 0;0
358 KEY_ZL -3003;32628 0;0
359 KEY_ZL -2999;32628 0;0
360 KEY_ZL -3057;32624 0;0
361 KEY_ZL -3003;32628 0;0
362 KEY_ZL -2918;32635 0;0
363 KEY_ZL -2947;32633 0;0
364 KEY_ZL -2945;32633 0;0
365 KEY_ZL -2976;32630 0;0
366 KEY_ZL;KEY_L -2893;32637 0;0
367 KEY_ZL -3003;32628 0;0
368 KEY_ZL 2026;32703 0;0
369 KEY_ZL 2073;32701 0;0
370 KEY_ZL 1465;32734 0;0
371 KEY_ZL 536;32761 0;0
372 KEY_ZL -928;32753 0;0
373 KEY_ZL -1065;32749 0;0
374 KEY_ZL -1065;32749 0;0
375 KEY_ZL -766;32757 0;0
376 KEY_ZL 925;32753 0;0
377 KEY_ZL 950;32753 0;0
378 KEY_ZL 925;32753 0;0
379 KEY_ZL 877;32755 0;0
380 KEY_ZL 17271;27845 0;0
381 KEY_ZL 17271;27845 0;0
382 KEY_ZL;KEY_L 17271;27845 0;0
383 KEY_ZL 17271;27845 0;0
384 KEY_ZL 17271;27845 0;0
385 KEY_ZL 17271;27845 0;0
386 KEY_ZL 17271;27845 0;0
387 KEY_ZL 17271;27845 0;0
388 KEY_ZL 17271;27845 0;0
389 KEY_ZL 17271;27845 0;0
390 KEY_ZL 17271;27845 0;0
391 KEY_ZL 17271;27845 0;0
392 KEY_ZL 17271;27845 0;0
393 KEY_ZL 26841;18794 0;0
394 KEY_ZL 26841;18794 0;0
395 KEY_ZL 26841;18794 0;0
396 KEY_ZL 26841;18794 0;0
397 KEY_ZL 26841;18794 0;0
398 KEY_ZL;KEY_L 26841;18794 0;0
399 KEY_ZL 26841;18794 0;0
400 KEY_ZL 26841;18794 0;0
401 KEY_ZL 26841;18794 0;0
402 KEY_ZL 26841;18794 0;0
403 KEY_ZL 26841;18794 0;0
404 KEY_ZL 26841;18794 0;0
405 KEY_ZL 26841;18794 0;0
406 KEY_ZL 26841;18794 0;0
407 KEY_ZL 26841;18794 0;0
408 KEY_ZL 26841;18794 0;0
409 KEY_ZL 26841;18794 0;0
410 KEY_ZL 26841;18794 0;0
411 KEY_ZL 26841;18794 0;0
412 KEY_ZL 26841;18794 0;0
413 KEY_ZL 26841;18794 0;0
414 KEY_ZL 26841;18794 0;0
415 KEY_ZL 26841;18794 0;0
416 KEY_ZL 26841;18794 0;0
417 KEY_ZL;KEY_L 26841;18794 0;0
418 KEY_ZL 26841;18794 0;0
419 KEY_ZL 26841;18794 0;0
420 KEY_ZL 26841;18794 0;0
421 KEY_ZL 26841;18794 0;0
422 KEY_ZL 26841;18794 0;0
423 KEY_ZL 26841;18794 0;0
424 KEY_ZL 26841;18794 0;0
425 KEY_ZL 29733;13766 0;0
426 KEY_ZL 29118;15025 0;0
427 KEY_ZL 26855;18773 0;0
428 KEY_ZL 26616;19110 0;0
429 KEY_ZL 26605;19125 0;0
430 KEY_ZL 26628;19093 0;0
431 KEY_ZL 25885;20088 0;0
432 KEY_ZL 24649;21588 0;0
433 KEY_ZL 23098;23239 0;0
434 KEY_ZL 23075;23262 0;0
435 KEY_ZL;KEY_L 28502;16161 0;0
436 KEY_ZL 26028;19903 0;0
437 KEY_ZL 22840;23494 0;0
438 KEY_ZL 22761;23569 0;0
439 KEY_ZL 20435;25613 0;0
440 KEY_ZL 16998;28012 0;0
441 KEY_ZL 16821;28119 0;0
442 KEY_ZL 20142;25843 0;0
443 KEY_ZL 20140;25845 0;0
444 KEY_ZL 19222;26535 0;0
445 KEY_ZL 14844;29210 0;0
446 KEY_ZL 3525;32576 0;0
447 KEY_ZL 1974;32707 0;0
448 KEY_ZL 1170;32745 0;0
449 KEY_ZL -411;32763 0;0
450 KEY_ZL -2107;32699 0;0
451 KEY_ZL -2486;32672 0;0
452 KEY_ZL -6855;32041 0;0
453 KEY_ZL -6855;32041 0;0
454 KEY_ZL -28377;16383 0;0
455 KEY_ZL -28377;16383 0;0
456 KEY_ZL;KEY_L 0;32767 0;0
457 KEY_ZL -28377;16383 0;0
458 KEY_ZL 0;32767 0;0
459 KEY_ZL -28377;16383 0;0
460 KEY_ZL 0;32767 0;0
461 KEY_ZL -28377;16383 0;0
462 KEY_ZL 0;32767 0;0
463 KEY_ZL -28377;16383 0;0
464 KEY_ZL 0;32767 0;0
465 KEY_ZL -28377;16383 0;0
466 KEY_ZL 0;32767 0;0
467 KEY_ZL -28377;16383 0;0
468 KEY_ZL 0;32767 0;0
469 KEY_ZL -28377;16383 0;0
470 KEY_ZL 0;32767 0;0
471 KEY_ZL;KEY_L 0;32767 0;0
472 KEY_ZL 0;32767 0;0
473 KEY_ZL -28377;16383 0;0
474 KEY_ZL 0;32767 0;0
475 KEY_ZL -28377;16383 0;0
476 KEY_ZL 0;32767 0;0
477 KEY_ZL -28377;16383 0;0
478 KEY_ZL 0;32767 0;0
479 KEY_ZL -28377;16383 0;0
480 KEY_ZL 0;32767 0;0
481 KEY_ZL -28377;16383 0;0
482 KEY_ZL 0;32767 0;0
483 KEY_ZL -28377;16383 0;0
484 KEY_ZL 0;32767 0;0
485 KEY_ZL -28377;16383 0;0
486 KEY_ZL 0;32767 0;0
487 KEY_ZL -28377;16383 0;0
488 KEY_ZL 0;32767 0;0
489 KEY_ZL;KEY_L 0;32767 0;0
490 KEY_ZL 0;32767 0;0
491 KEY_ZL -28377;16383 0;0
492 KEY_ZL 0;32767 0;0
493 KEY_ZL -28377;16383 0;0
494 KEY_ZL 0;32767 0;0
495 KEY_ZL -28377;16383 0;0
496 KEY_ZL 0;32767 0;0
497 KEY_ZL -28377;16383 0;0
498 KEY_ZL 0;32767 0;0
499 KEY_ZL -28377;16383 0;0
500 KEY_ZL 0;32767 0;0
501 KEY_ZL -28377;16383 0;0
502 KEY_ZL 0;32767 0;0
503 KEY_ZL -28377;16383 0;0
504 KEY_ZL;KEY_L 0;32767 0;0
505 KEY_ZL -28377;16383 0;0
506 KEY_ZL 0;32767 0;0
507 KEY_ZL -28377;16383 0;0
508 KEY_ZL 0;32767 0;0
509 KEY_ZL -28377;16383 0;0
510 KEY_ZL 0;32767 0;0
511 KEY_ZL -28377;16383 0;0
512 KEY_ZL 0;32767 0;0
513 KEY_ZL -28377;16383 0;0
514 KEY_ZL 0;32767 0;0
515 KEY_ZL -28377;16383 0;0
516 KEY_ZL 0;32767 0;0
517 KEY_ZL -28377;16383 0;0
518 KEY_ZL 0;32767 0;0
519 KEY_ZL -28377;16383 0;0
520 KEY_ZL 0;32767 0;0
521 KEY_ZL -28377;16383 0;0
522 KEY_ZL 0;32767 0;0
523 KEY_ZL -28377;16383 0;0
524 KEY_ZL 0;32767 0;0
525 KEY_ZL -28377;16383 0;0
526 KEY_ZL 0;32767 0;0
527 KEY_ZL;KEY_L 0;32767 0;0
528 KEY_ZL 0;32766 0;0
529 NONE 0;32766 0;0
530 NONE 0;0 0;0
531 NONE 0;0 0;0
532 NONE 0;0 0;0
533 NONE 0;0 0;0
534 NONE -4253;32489 0;0
535 NONE -4253;32489 0;0
536 NONE -4253;32489 0;0
537 NONE -4253;32489 0;0
538 NONE -4253;32489 0;0
539 NONE -4253;32489 0;0
540 NONE -4253;32489 0;0
541 NONE -4253;32489 0;0
542 NONE -4253;32489 0;0
543 NONE -4253;32489 0;0
544 NONE -4253;32489 0;0
545 NONE -4253;32489 0;0
546 NONE -4253;32489 0;0
547 NONE -4253;32489 0;0
548 NONE -4253;32489 0;0
549 NONE -4253;32489 0;0
550 NONE -4253;32489 0;0
551 NONE -4253;32489 0;0
552 NONE -4253;32489 0;0
553 NONE -4253;32489 0;0
554 NONE -4253;32489 0;0
555 NONE -4253;32489 0;0
556 NONE -4253;32489 0;0
557 NONE -4253;32489 0;0
558 NONE -4253;32489 0;0
559 NONE -4253;32489 0;0
560 NONE -4253;32489 0;0
561 NONE -4253;32489 0;0
562 NONE -4253;32489 0;0
563 NONE -4253;32489 0;0
564 NONE -4253;32489 0;0
565 NONE -4253;32489 0;0
566 NONE -4253;32489 0;0
567 NONE -4253;32489 0;0
568 NONE -4253;32489 0;0
569 NONE -4253;32489 0;0
570 NONE -4253;32489 0;0
571 NONE -4253;32489 0;0
572 NONE -4253;32489 0;0
573 NONE -4253;32489 0;0
574 NONE -4253;32489 0;0
575 NONE -4253;32489 0;0
576 NONE -4253;32489 0;0
577 NONE -4253;32489 0;0
578 NONE -4253;32489 0;0
579 NONE -4253;32489 0;0
580 NONE -3993;32522 0;0
581 KEY_B -3993;32522 0;0
582 NONE -3993;32522 0;0
583 NONE -3993;32522 0;0
584 NONE -3993;32522 0;0
585 NONE -3993;32522 0;0
586 NONE -3993;32522 0;0
587 NONE -3993;32522 0;0
588 NONE -3993;32522 0;0
589 NONE -3993;32522 0;0
590 NONE -3993;32522 0;0
591 NONE -3993;32522 0;0
592 NONE -3993;32522 0;0
593 NONE -3993;32522 0;0
594 NONE -3993;32522 0;0
595 NONE -3993;32522 0;0
596 NONE -3993;32522 0;0
597 NONE -3993;32522 0;0
598 NONE -3993;32522 0;0
599 NONE -3993;32522 0;0
600 NONE -3993;32522 0;0
601 NONE -3993;32522 0;0
602 NONE -3993;32522 0;0
603 NONE -3993;32522 0;0
604 NONE -3993;32522 0;0
605 NONE -3993;32522 0;0
606 NONE -3993;32522 0;0
607 NONE -3993;32522 0;0
608 NONE -3993;32522 0;0
609 KEY_B -3993;32522 0;0
610 KEY_B -3993;32522 0;0
611 KEY_B -3993;32522 0;0
612 KEY_B -3993;32522 0;0
613 KEY_B -3993;32522 0;0
614 KEY_B -3993;32522 0;0
615 KEY_B -3993;32522 0;0
616 KEY_B -3993;32522 0;0
617 KEY_B -3993;32522 0;0
618 NONE -3993;32522 0;0
619 NONE -3993;32522 0;0
620 NONE -3993;32522 0;0
621 NONE -3993;32522 0;0
622 NONE -3993;32522 0;0
623 NONE -3993;32522 0;0
624 NONE -3993;32522 0;0
625 NONE -3993;32522 0;0
626 NONE -3993;32522 0;0
627 NONE -3993;32522 0;0
628 NONE -3993;32522 0;0
629 NONE -3993;32522 0;0
630 NONE -3993;32522 0;0
631 NONE -3993;32522 0;0
632 NONE -3993;32522 0;0
633 NONE -3993;32522 0;0
634 NONE -6064;32200 0;0
635 NONE -8111;31746 0;0
636 NONE -10125;31162 0;0
637 NONE -12097;30451 0;0
638 NONE -14019;29615 0;0
639 NONE -15885;28658 0;0
640 KEY_B -15885;28658 0;0
641 KEY_B -15885;28658 0;0
642 KEY_B -15885;28658 0;0
643 KEY_B -15885;28658 0;0
644 KEY_B -15885;28658 0;0
645 KEY_B -15885;28658 0;0
646 KEY_B -15885;28658 0;0
647 KEY_B -15885;28658 0;0
648 KEY_B -15885;28658 0;0
649 KEY_B -15885;28658 0;0
650 KEY_B -15885;28658 0;0
651 KEY_B -15885;28658 0;0
652 KEY_B -15885;28658 0;0
653 KEY_B -15885;28658 0;0
654 NONE -15885;28658 0;0
655 NONE -15885;28658 0;0
656 NONE -15885;28658 0;0
657 NONE -15885;28658 0;0
658 NONE -15885;28658 0;0
659 NONE -15885;28658 0;0
660 NONE -15885;28658 0;0
661 NONE -15885;28658 0;0
662 NONE -15885;28658 0;0
663 NONE -15885;28658 0;0
664 NONE -15885;28658 0;0
665 NONE -15885;28658 0;0
666 NONE -15885;28658 0;0
667 NONE -15885;28658 0;0
668 NONE -15885;28658 0;0
669 NONE -15885;28658 0;0
670 NONE -15885;28658 0;0
671 NONE -15885;28658 0;0
672 NONE -15885;28658 0;0
673 NONE -15885;28658 0;0
674 NONE -15885;28658 0;0
675 KEY_ZL -15885;28658 0;0
676 KEY_Y;KEY_ZL -15885;28658 0;0
677 KEY_ZL -15885;28658 0;0
678 KEY_ZL -15885;28658 0;0
679 KEY_ZL -15885;28658 0;0
680 KEY_ZL -15885;28658 0;0
681 KEY_ZL -15885;28658 0;0
682 KEY_ZL -15885;28658 0;0
683 KEY_ZL -15885;28658 0;0
684 KEY_ZL -15885;28658 0;0
685 KEY_ZL -15885;28658 0;0
686 KEY_ZL -15885;28658 0;0
687 KEY_ZL -15885;28658 0;0
688 KEY_ZL -15885;28658 0;0
689 KEY_ZL -15885;28658 0;0
690 KEY_ZL -15885;28658 0;0
691 KEY_ZL -15885;28658 0;0
692 KEY_ZL;KEY_L -15885;28658 0;0
693 KEY_ZL -15885;28658 0;0
694 KEY_ZL -15885;28658 0;0
695 KEY_ZL -15885;28658 0;0
696 KEY_ZL -15885;28658 0;0
697 KEY_ZL -15885;28658 0;0
698 KEY_ZL -15885;28658 0;0
699 KEY_ZL -15885;28658 0;0
700 KEY_ZL -15885;28658 0;0
701 KEY_ZL -15885;28658 0;0
702 KEY_ZL -15885;28658 0;0
703 KEY_ZL -15885;28658 0;0
704 KEY_ZL -15885;28658 0;0
705 KEY_ZL -15885;28658 0;0
706 KEY_ZL -15885;28658 0;0
707 KEY_ZL -15885;28658 0;0
708 KEY_ZL -15885;28658 0;0
709 KEY_ZL -15885;28658 0;0
710 KEY_ZL -15885;28658 0;0
711 KEY_ZL -18323;27165 0;0
712 KEY_ZL;KEY_L -18323;27165 0;0
713 KEY_ZL -18323;27165 0;0
714 KEY_ZL -18323;27165 0;0
715 KEY_ZL -18323;27165 0;0
716 KEY_ZL -18323;27165 0;0
717 KEY_ZL -18323;27165 0;0
718 KEY_ZL -18323;27165 0;0
719 KEY_ZL -18323;27165 0;0
720 KEY_ZL -18323;27165 0;0
721 KEY_ZL -18323;27165 0;0
722 KEY_ZL -18323;27165 0;0
723 KEY_ZL -18323;27165 0;0
724 KEY_ZL -18323;27165 0;0
725 KEY_ZL -18323;27165 0;0
726 KEY_ZL -18323;27165 0;0
727 KEY_ZL -18323;27165 0;0
728 KEY_ZL -18323;27165 0;0
729 KEY_ZL -18323;27165 0;0
730 KEY_ZL -18323;27165 0;0
731 KEY_ZL -18323;27165 0;0
732 KEY_ZL -18323;27165 0;0
733 KEY_ZL -18323;27165 0;0
734 KEY_ZL -18323;27165 0;0
735 KEY_ZL -18323;27165 0;0
736 KEY_ZL -18323;27165 0;0
737 KEY_ZL -18323;27165 0;0
738 KEY_ZL -18323;27165 0;0
739 KEY_ZL -18323;27165 0;0
740 KEY_ZL -18323;27165 0;0
741 KEY_ZL -18323;27165 0;0
742 KEY_ZL -18323;27165 0;0
743 KEY_ZL -18323;27165 0;0
744 KEY_ZL -18323;27165 0;0
745 KEY_ZL -18323;27165 0;0
746 KEY_ZL -18323;27165 0;0
747 KEY_ZL -18323;27165 0;0
748 KEY_ZL -18323;27165 0;0
749 KEY_ZL -18323;27165 0;0
750 KEY_ZL -18323;27165 0;0
751 KEY_ZL -18323;27165 0;0
752 KEY_ZL -18323;27165 0;0
753 KEY_ZL -18323;27165 0;0
754 KEY_ZL -18323;27165 0;0
755 KEY_ZL -18323;27165 0;0
756 KEY_ZL;KEY_L -18323;27165 0;0
757 KEY_ZL -18323;27165 0;0
758 KEY_ZL -18323;27165 0;0
759 KEY_ZL -18323;27165 0;0
760 KEY_ZL -18323;27165 0;0
761 KEY_ZL -18323;27165 0;0
762 KEY_ZL -18323;27165 0;0
763 KEY_ZL -18323;27165 0;0
764 KEY_ZL -18323;27165 0;0
765 KEY_ZL -18323;27165 0;0
766 KEY_ZL -18323;27165 0;0
767 KEY_ZL -18323;27165 0;0
768 KEY_ZL -18323;27165 0;0
769 KEY_ZL -18323;27165 0;0
770 KEY_ZL -18323;27165 0;0
771 KEY_ZL -18323;27165 0;0
772 KEY_ZL;KEY_L -18323;27165 0;0
773 KEY_ZL -18323;27165 0;0
774 KEY_ZL -18323;27165 0;0
775 KEY_ZL -18323;27165 0;0
776 KEY_ZL -18323;27165 0;0
777 KEY_ZL -18323;27165 0;0
778 KEY_ZL -18323;27165 0;0
779 KEY_ZL -18323;27165 0;0
780 KEY_ZL -18323;27165 0;0
781 KEY_ZL -18323;27165 0;0
782 KEY_ZL -18323;27165 0;0
783 KEY_ZL -18323;27165 0;0
784 KEY_ZL -18794;26841 0;0
785 KEY_ZL -32267;5689 0;0
786 KEY_ZL -26841;-18794 0;0
787 KEY_ZL;KEY_L 18794;-26841 0;0
788 KEY_ZL 26841;18794 0;0
789 KEY_ZL 5689;32269 0;0
790 KEY_ZL -18794;26841 0;0
791 KEY_ZL -32267;5689 0;0
792 KEY_ZL -26841;-18794 0;0
793 KEY_ZL 18794;-26841 0;0
794 KEY_ZL 26841;18794 0;0
795 KEY_ZL 5689;32269 0;0
796 KEY_ZL -18794;26841 0;0
797 KEY_ZL -32267;5689 0;0
798 KEY_ZL -26841;-18794 0;0
799 KEY_ZL 18794;-26841 0;0
800 KEY_ZL 26841;18794 0;0
801 KEY_ZL 5689;32269 0;0
802 KEY_PLUS 0;32767 0;0
803 NONE -28377;-16383 0;0
804 NONE 28377;-16383 0;0
805 NONE 0;32767 0;0
806 NONE -28377;-16383 0;0
807 NONE 28377;-16383 0;0
808 NONE 0;32767 0;0
809 NONE -28377;-16383 0;0
810 NONE 28377;-16383 0;0
811 KEY_PLUS 0;32767 0;0
812 NONE -28377;-16383 0;0
813 NONE 28377;-16383 0;0
814 NONE 0;32767 0;0
815 NONE -28377;-16383 0;0
816 NONE 28377;-16383 0;0
817 NONE 0;32767 0;0
818 NONE -28377;-16383 0;0
819 NONE 28377;-16383 0;0
820 NONE 0;32767 0;0
821 NONE -28377;-16383 0;0
822 NONE 28377;-16383 0;0
823 NONE 0;32767 0;0
824 NONE -28377;-16383 0;0
825 NONE 28377;-16383 0;0
826 NONE 0;32767 0;0
827 NONE -28377;-16383 0;0
828 NONE 28377;-16383 0;0
829 NONE 0;32767 0;0
830 NONE -28377;-16383 0;0
831 NONE 28377;-16383 0;0
832 NONE 0;32767 0;0
833 NONE 0;0 0;0
834 KEY_A 0;0 0;0
835 NONE 0;0 0;0
836 NONE 28376;-16383 0;0
837 NONE 0;32767 0;0
838 NONE -28377;-16382 0;0
839 NONE 28377;-16383 0;0
840 NONE 0;32767 0;0
841 NONE -28377;-16382 0;0
842 NONE 28377;-16383 0;0
843 NONE 0;32767 0;0
844 NONE -28377;-16382 0;0
845 NONE 28377;-16383 0;0
846 NONE 0;32767 0;0
847 NONE -28377;-16382 0;0
848 NONE 28377;-16383 0;0
849 NONE 0;32767 0;0
850 NONE -28377;-16382 0;0
851 NONE 28377;-16383 0;0
852 NONE 0;32767 0;0
853 NONE -28377;-16382 0;0
854 NONE 28377;-16383 0;0
855 NONE 0;32767 0;0
856 NONE -28377;-16382 0;0
857 NONE 28377;-16383 0;0
858 NONE 0;32767 0;0
859 NONE -28377;-16382 0;0
860 NONE 28377;-16383 0;0
861 NONE 0;32767 0;0
862 NONE -28377;-16382 0;0
863 NONE 28377;-16383 0;0
864 NONE 0;32767 0;0
865 NONE -28377;-16382 0;0
866 NONE 28377;-16383 0;0
867 NONE 0;32767 0;0
868 NONE -28377;-16382 0;0
869 NONE 28377;-16383 0;0
870 NONE 0;32767 0;0
871 NONE -28377;-16382 0;0
872 NONE 28377;-16383 0;0
873 NONE 0;32767 0;0
874 NONE -28377;-16382 0;0
875 NONE 28377;-16383 0;0
876 NONE 0;32767 0;0
877 NONE -28377;-16382 0;0
878 NONE 28377;-16383 0;0
879 NONE 0;32767 0;0
880 NONE -28377;-16382 0;0
881 NONE 28377;-16383 0;0
882 NONE 0;32767 0;0
883 NONE -28377;-16382 0;0
884 NONE 28377;-16383 0;0
885 KEY_B 9031;31497 0;0
886 KEY_ZL 9031;31497 0;0
887 KEY_ZL 9031;31497 0;0
888 KEY_X;KEY_ZL 9031;31497 0;0
889 KEY_Y;KEY_ZL 9031;31497 0;0
890 KEY_X;KEY_ZL 9031;31497 0;0
891 KEY_Y;KEY_ZL 9031;31497 0;0
892 KEY_X;KEY_ZL 9031;31497 0;0
893 KEY_Y;KEY_ZL 9031;31497 0;0
894 KEY_ZL 9031;31497 0;0
895 KEY_ZL 9031;31497 0;0
896 KEY_ZL 9031;31497 0;0
897 KEY_ZL 9031;31497 0;0
898 KEY_ZL 9031;31497 0;0
899 KEY_ZL 9031;31497 0;0
900 KEY_ZL 9031;31497 0;0
901 KEY_ZL 9031;31497 0;0
902 KEY_ZL 9031;31497 0;0
903 KEY_ZL 9031;31497 0;0
904 KEY_ZL 9031;31497 0;0
905 KEY_ZL 9031;31497 0;0
906 KEY_ZL 9031;31497 0;0
907 KEY_ZL 9031;31497 0;0
908 KEY_ZL 9031;31497 0;0
909 KEY_ZL 9031;31497 0;0
910 KEY_ZL 9031;31497 0;0
911 KEY_ZL 9031;31497 0;0
912 KEY_ZL 9031;31497 0;0
913 KEY_ZL 9031;31497 0;0
914 KEY_ZL 9031;31497 0;0
915 KEY_ZL 9031;31497 0;0
916 KEY_ZL 9315;31373 0;0
917 KEY_ZL 9315;31373 0;0
918 KEY_ZL 9315;31373 0;0
919 KEY_ZL 9315;31373 0;0
920 KEY_ZL 9315;31373 0;0
921 KEY_ZL 9315;31373 0;0
922 KEY_ZL 9315;31373 0;0
923 KEY_ZL 9315;31373 0;0
924 KEY_ZL 9315;31373 0;0
925 KEY_ZL 9315;31373 0;0
926 KEY_ZL 9315;31373 0;0
927 KEY_ZL 9315;31373 0;0
928 KEY_ZL 9315;31373 0;0
929 KEY_ZL 9315;31373 0;0
930 KEY_ZL 9315;31373 0;0
931 KEY_ZL 9315;31373 0;0
932 KEY_ZL 9315;31373 0;0
933 KEY_ZL 9315;31373 0;0
934 KEY_ZL 9315;31373 0;0
935 KEY_ZL;KEY_L 9315;31373 0;0
936 KEY_ZL 9315;31373 0;0
937 KEY_ZL 9315;31373 0;0
938 KEY_ZL 9315;31373 0;0
939 KEY_ZL 9315;31373 0;0
940 KEY_ZL 9315;31373 0;0
941 KEY_ZL 9315;31373 0;0
942 KEY_ZL 9315;31373 0;0
943 KEY_ZL 9315;31373 0;0
944 KEY_ZL 9315;31373 0;0
945 KEY_ZL 9315;31373 0;0
946 KEY_ZL 9315;31373 0;0
947 KEY_ZL 9315;31373 0;0
948 KEY_ZL 9315;31373 0;0
949 KEY_ZL 9315;31373 0;0
950 KEY_ZL 9315;31373 0;0
951 KEY_ZL 9315;31373 0;0
952 KEY_ZL 9315;31373 0;0
953 KEY_ZL;KEY_L 9315;31373 0;0
954 KEY_ZL 9315;31373 0;0
955 KEY_ZL 9315;31373 0;0
956 KEY_ZL 9315;31373 0;0
957 KEY_ZL 9315;31373 0;0
958 KEY_ZL 9315;31373 0;0
959 KEY_ZL 9315;31373 0;0
960 KEY_ZL 9315;31373 0;0
961 KEY_ZL 9315;31373 0;0
962 KEY_ZL 9315;31373 0;0
963 KEY_ZL 9315;31373 0;0
964 KEY_ZL 9315;31373 0;0
965 KEY_ZL 9315;31373 0;0
966 KEY_ZL 9315;31373 0;0
967 KEY_ZL 9315;31373 0;0
968 KEY_ZL 9315;31373 0;0
969 KEY_ZL 9315;31373 0;0
970 KEY_ZL 9315;31373 0;0
971 KEY_ZL;KEY_L 9315;31373 0;0
972 KEY_ZL 9315;31373 0;0
973 KEY_ZL 9315;31373 0;0
974 KEY_ZL 9315;31373 0;0
975 KEY_ZL 9315;31373 0;0
976 KEY_ZL 9315;31373 0;0
977 KEY_ZL 9315;31373 0;0
978 KEY_ZL 9315;31373 0;0
979 KEY_ZL 9315;31373 0;0
980 KEY_ZL 9315;31373 0;0
981 KEY_ZL 9315;31373 0;0
982 KEY_ZL 9315;31373 0;0
983 KEY_ZL 9315;31373 0;0
984 KEY_ZL 9315;31373 0;0
985 KEY_ZL 9315;31373 0;0
986 KEY_ZL 9315;31373 0;0
987 KEY_ZL 9315;31373 0;0
988 KEY_ZL 9315;31373 0;0
989 KEY_ZL;KEY_L 9315;31373 0;0
990 KEY_ZL 9315;31373 0;0
991 KEY_ZL 9315;31373 0;0
992 KEY_ZL 9315;31373 0;0
993 KEY_ZL 9315;31373 0;0
994 KEY_ZL 9315;31373 0;0
995 KEY_ZL 9315;31373 0;0
996 KEY_ZL 9315;31373 0;0
997 KEY_ZL 9315;31373 0;0
998 KEY_ZL 9315;31373 0;0
999 KEY_ZL 9315;31373 0;0
1000 KEY_ZL 9315;31373 0;0
1001 KEY_ZL 9315;31373 0;0
1002 KEY_ZL 9315;31373 0;0
1003 KEY_ZL 9315;31373 0;0
1004 KEY_ZL 9315;31373 0;0
1005 KEY_ZL 9315;31373 0;0
1006 KEY_ZL 9315;31373 0;0
1007 KEY_ZL;KEY_L 9315;31373 0;0
1008 KEY_ZL 9315;31373 0;0
1009 KEY_ZL 9315;31373 0;0
1010 KEY_ZL 9315;31373 0;0
1011 KEY_ZL 9315;31373 0;0
1012 KEY_ZL 9315;31373 0;0
1013 KEY_ZL 9315;31373 0;0
1014 KEY_ZL 9315;31373 0;0
1015 KEY_ZL 9315;31373 0;0
1016 KEY_ZL 9315;31373 0;0
1017 KEY_ZL 9315;31373 0;0
1018 KEY_ZL 9315;31373 0;0
1019 KEY_ZL 9315;31373 0;0
1020 KEY_ZL 9315;31373 0;0
1021 KEY_ZL 9315;31373 0;0
1022 KEY_ZL 9315;31373 0;0
1023 KEY_ZL 9315;31373 0;0
1024 KEY_ZL 9315;31373 0;0
1025 KEY_ZL;KEY_L 9315;31373 0;0
1026 KEY_ZL 9315;31373 0;0
1027 KEY_ZL 9315;31373 0;0
1028 KEY_ZL 9315;31373 0;0
1029 KEY_ZL 9315;31373 0;0
1030 KEY_ZL 9315;31373 0;0
1031 KEY_ZL 9315;31373 0;0
1032 KEY_ZL 9315;31373 0;0
1033 KEY_ZL 9315;31373 0;0
1034 KEY_ZL 9315;31373 0;0
1035 KEY_ZL 9315;31373 0;0
1036 KEY_ZL 9315;31373 0;0
1037 KEY_ZL 9315;31373 0;0
1038 KEY_ZL 9315;31373 0;0
1039 KEY_ZL 9315;31373 0;0
1040 KEY_ZL 9315;31373 0;0
1041 KEY_ZL 9315;31373 0;0
1042 KEY_ZL;KEY_L 9315;31373 0;0
1043 NONE -3153;32614 0;0
1044 NONE -3153;32614 0;0
1045 NONE -3153;32614 0;0
1046 NONE -3153;32614 0;0
1047 NONE -3153;32614 0;0
1048 NONE -3153;32614 0;0
1049 NONE -3153;32614 0;0
1050 NONE -3153;32614 0;0
1051 NONE -3153;32614 0;0
1052 NONE -3153;32614 0;0
1053 NONE -3153;32614 0;0
1054 NONE -3153;32614 0;0
1055 NONE -3153;32614 0;0
1056 NONE -3153;32614 0;0
1057 NONE -3153;32614 0;0
1058 NONE -3153;32614 0;0
1059 NONE -3153;32614 0;0
1060 NONE -3153;32614 0;0
1061 NONE -3153;32614 0;0
1062 NONE -3153;32614 0;0
1063 NONE -3153;32614 0;0
1064 NONE -3153;32614 0;0
1065 NONE -3153;32614 0;0
1066 NONE -3153;32614 0;0
1067 NONE -3153;32614 0;0
1068 NONE -3153;32614 0;0
1069 NONE -3153;32614 0;0
1070 NONE -3153;32614 0;0
1071 NONE -3153;32614 0;0
1072 NONE -3153;32614 0;0
1073 NONE -3153;32614 0;0
1074 NONE -3153;32614 0;0
1075 NONE -3153;32614 0;0
1076 NONE -3153;32614 0;0
1077 NONE -3153;32614 0;0
1078 NONE -3153;32614 0;0
1079 NONE -3153;32614 0;0
1080 NONE -3153;32614 0;0
1081 NONE 7370;31927 0;0
1082 NONE 7370;31927 0;0
1083 NONE 7370;31927 0;0
1084 NONE 7370;31927 0;0
1085 NONE 7370;31927 0;0
1086 NONE 7370;31927 0;0
1087 NONE 7370;31927 0;0
1088 NONE 7370;31927 0;0
1089 NONE 7370;31927 0;0
1090 NONE 7370;31927 0;0
1091 NONE 7370;31927 0;0
1092 NONE 7370;31927 0;0
1093 NONE 7370;31927 0;0
1094 NONE 7370;31927 0;0
1095 NONE 7370;31927 0;0
1096 NONE 7370;31927 0;0
1097 NONE 7370;31927 0;0
1098 NONE 7370;31927 0;0
1099 NONE 7370;31927 0;0
1100 KEY_B 7370;31927 0;0
1101 KEY_B 7370;31927 0;0
1102 KEY_B 7370;31927 0;0
1103 KEY_B 7370;31927 0;0
1104 KEY_B 7370;31927 0;0
1105 KEY_B 7370;31927 0;0
1106 KEY_B 7370;31927 0;0
1107 KEY_B 7370;31927 0;0
1108 KEY_B 7370;31927 0;0
1109 KEY_B 7370;31927 0;0
1110 NONE 7370;31927 0;0
1111 NONE 7370;31927 0;0
1112 NONE 7370;31927 0;0
1113 NONE 7370;31927 0;0
1114 NONE 7370;31927 0;0
1115 NONE 7370;31927 0;0
1116 NONE 7370;31927 0;0
1117 NONE 7370;31927 0;0
1118 NONE 7370;31927 0;0
1119 NONE 7370;31927 0;0
1120 NONE 7370;31927 0;0
1121 NONE 7370;31927 0;0
1122 NONE 7370;31927 0;0
1123 NONE 17357;27778 0;0
1124 NONE 17357;27778 0;0
1125 NONE 17357;27778 0;0
1126 NONE 17357;27778 0;0
1127 NONE 17357;27778 0;0
1128 NONE 17357;27778 0;0
1129 NONE 17357;27778 0;0
1130 NONE 17357;27778 0;0
1131 NONE 17357;27778 0;0
1132 NONE 17357;27778 0;0
1133 NONE 17357;27778 0;0
1134 KEY_B 17357;27778 0;0
1135 KEY_B 25820;20173 0;0
1136 KEY_B 25820;20173 0;0
1137 KEY_B 25820;20173 0;0
1138 KEY_B 25820;20173 0;0
1139 KEY_B 25820;20173 0;0
1140 KEY_B 25820;20173 0;0
1141 KEY_B 25820;20173 0;0
1142 KEY_B 25820;20173 0;0
1143 KEY_B 25820;20173 0;0
1144 NONE 25820;20173 0;0
1145 NONE 25820;20173 0;0
1146 NONE 25820;20173 0;0
1147 NONE 25820;20173 0;0
1148 NONE 25820;20173 0;0
1149 NONE 25820;20173 0;0
1150 NONE 25820;20173 0;0
1151 NONE 25820;20173 0;0
1152 NONE 25820;20173 0;0
1153 NONE 25820;20173 0;0
1154 NONE 25820;20173 0;0
1155 NONE 25820;20173 0;0
1156 NONE 25820;20173 0;0
1157 NONE 25820;20173 0;0
1158 NONE 25820;20173 0;0
1159 NONE 25820;20173 0;0
1160 NONE 25820;20173 0;0
1161 NONE 25820;20173 0;0
1162 NONE 25820;20173 0;0
1163 NONE 25820;20173 0;0
1164 KEY_B 25820;20173 0;0
1165 KEY_B 25820;20173 0;0
1166 KEY_B 25820;20173 0;0
1167 KEY_B 25820;20173 0;0
1168 KEY_B 25820;20173 0;0
1169 KEY_B 25820;20173 0;0
1170 KEY_B 25820;20173 0;0
1171 KEY_B 25820;20173 0;0
1172 KEY_B 25820;20173 0;0
1173 KEY_B 25820;20173 0;0
1174 NONE 24350;21925 0;0
1175 NONE 24350;21925 0;0
1176 NONE 24350;21925 0;0
1177 NONE 24350;21925 0;0
1178 NONE 24350;21925 0;0
1179 NONE 24350;21925 0;0
1180 NONE 24350;21925 0;0
1181 NONE 24350;21925 0;0
1182 NONE 24350;21925 0;0
1183 NONE 21050;25087 0;0
1184 NONE 19707;26152 0;0
1185 NONE 19707;26152 0;0
1186 NONE 19707;26152 0;0
1187 NONE 19707;26152 0;0
1188 NONE 19707;26152 0;0
1189 NONE 19707;26152 0;0
1190 NONE 19707;26152 0;0
1191 NONE 19707;26152 0;0
1192 NONE 19707;26152 0;0
1193 NONE 19707;26152 0;0
1194 NONE 13319;29917 0;0
1195 NONE 13319;29917 0;0
1196 NONE 13319;29917 0;0
1197 NONE 13319;29917 0;0
1198 NONE 13319;29917 0;0
1199 NONE 13319;29917 0;0
1200 NONE 13319;29917 0;0
1201 NONE 13319;29917 0;0
1202 KEY_ZL 13319;29917 0;0
1203 KEY_Y;KEY_ZL 13319;29917 0;0
1204 KEY_ZL 13319;29917 0;0
1205 KEY_ZL 13319;29917 0;0
1206 KEY_ZL 13319;29917 0;0
1207 KEY_ZL 13319;29917 0;0
1208 KEY_ZL 13319;29917 0;0
1209 KEY_ZL 13319;29917 0;0
1210 KEY_ZL 13319;29917 0;0
1211 KEY_ZL 13319;29917 0;0
1212 KEY_ZL 13319;29917 0;0
1213 KEY_ZL 13319;29917 0;0
1214 KEY_ZL 13319;29917 0;0
1215 KEY_ZL 13319;29917 0;0
1216 KEY_ZL 13319;29917 0;0
1217 KEY_ZL 13319;29917 0;0
1218 KEY_ZL 13319;29917 0;0
1219 KEY_ZL 13319;29917 0;0
1220 KEY_ZL 13319;29917 0;0
1221 KEY_ZL 13319;29917 0;0
1222 KEY_ZL 13319;29917 0;0
1223 KEY_ZL 13319;29917 0;0
1224 KEY_ZL 13319;29917 0;0
1225 KEY_ZL 13319;29917 0;0
1226 KEY_ZL 13319;29917 0;0
1227 KEY_ZL 13319;29917 0;0
1228 KEY_ZL;KEY_L 5689;32269 0;0
1229 NONE 5689;32269 0;0
1230 NONE 5689;32269 0;0
1231 NONE 5689;32269 0;0
1232 NONE 5689;32269 0;0
1233 NONE 5689;32269 0;0
1234 NONE 5689;32269 0;0
1235 NONE 5689;32269 0;0
1236 NONE 5689;32269 0;0
1237 NONE 5689;32269 0;0
1238 NONE 5689;32269 0;0
1239 NONE 5689;32269 0;0
1240 NONE 5689;32269 0;0
1241 NONE 5689;32269 0;0
1242 NONE 5689;32269 0;0
1243 NONE 5689;32269 0;0
1244 NONE 5689;32269 0;0
1245 NONE 5689;32269 0;0
1246 KEY_B;KEY_DLEFT 5689;32269 0;0
1247 KEY_DLEFT -15885;28658 0;0
1248 KEY_DLEFT 2184;32694 0;0
1249 KEY_DLEFT 2184;32694 0;0
1250 KEY_DLEFT 2184;32694 0;0
1251 KEY_DLEFT 2184;32694 0;0
1252 KEY_DLEFT 2184;32694 0;0
1253 KEY_DLEFT 2184;32694 0;0
1254 KEY_DLEFT 2184;32694 0;0
1255 KEY_B;KEY_DLEFT 2184;32694 0;0
1256 KEY_B;KEY_DLEFT 2184;32694 0;0
1257 KEY_B;KEY_DLEFT 2184;32694 0;0
1258 KEY_B;KEY_DLEFT 2184;32694 0;0
1259 KEY_B;KEY_DLEFT 2184;32694 0;0
1260 NONE 2184;32694 0;0
1261 NONE 2184;32694 0;0
1262 NONE 2184;32694 0;0
1263 NONE 2184;32694 0;0
1264 NONE 2184;32694 0;0
1265 NONE 2184;32694 0;0
1266 NONE 2184;32694 0;0
1267 NONE 2184;32694 0;0
1268 NONE 2184;32694 0;0
1269 NONE 2184;32694 0;0
1270 NONE 2184;32694 0;0
1271 NONE 2184;32694 0;0
1272 NONE 2184;32694 0;0
1273 NONE 2184;32694 0;0
1274 NONE 2184;32694 0;0
1275 NONE 2184;32694 0;0
1276 NONE 2184;32694 0;0
1277 NONE 2184;32694 0;0
1278 NONE 2184;32694 0;0
1279 NONE 2184;32694 0;0
1280 NONE 2184;32694 0;0
1281 NONE 2184;32694 0;0
1282 KEY_ZL 2184;32694 0;0
1283 KEY_Y 2184;32694 0;0
1284 NONE 2184;32694 0;0
1285 NONE 32767;0 0;0
1286 NONE 28376;16382 0;0
1287 NONE 23169;23169 0;0
1288 NONE 16383;28377 0;0
1289 NONE 0;32765 0;0
1290 NONE -16383;28377 0;0
1291 NONE -23169;23169 0;0
1292 NONE -28377;16383 0;0
1293 NONE -32765;0 0;0
1294 NONE 0;-32766 0;0
1295 NONE 32767;0 0;0
1296 NONE 28376;16382 0;0
1297 NONE 23169;23169 0;0
1298 NONE 16383;28377 0;0
1299 NONE 0;32765 0;0
1300 NONE -16383;28377 0;0
1301 NONE -23169;23169 0;0
1302 NONE -28377;16383 0;0
1303 NONE -32765;0 0;0
1304 NONE 0;-32766 0;0
1305 NONE 32767;0 0;0
1306 NONE 28376;16382 0;0
1307 NONE 23169;23169 0;0
1308 NONE 16383;28377 0;0
1309 NONE 0;32765 0;0
1310 NONE -16383;28377 0;0
1311 NONE -23169;23169 0;0
1312 NONE -28377;16383 0;0
1313 NONE -32765;0 0;0
1314 NONE 0;-32767 0;0
1315 NONE 32767;0 0;0
1316 NONE 28376;16382 0;0
1317 NONE 23169;23169 0;0
1318 NONE 16383;28377 0;0
1319 NONE 0;32765 0;0
1320 NONE 0;0 0;0
1321 NONE 0;0 0;0
1322 NONE 0;0 0;0
1323 KEY_RSTICK 0;0 0;0
1324 NONE 0;0 0;0
1325 NONE 28377;-16382 0;0
1326 NONE 0;32767 0;0
1327 NONE -28377;-16383 0;0
1328 NONE 28377;-16382 0;0
1329 NONE 0;32767 0;0
1330 NONE -28377;-16383 0;0
1331 NONE 28377;-16382 0;0
1332 NONE 0;32767 0;0
1333 NONE -28377;-16383 0;0
1334 NONE 28377;-16382 0;0
1335 NONE 0;32767 0;0
1336 NONE -28377;-16383 0;0
1337 NONE 28377;-16382 0;0
1338 NONE 0;32767 0;0
1339 NONE -28377;-16383 0;0
1340 NONE 28377;-16382 0;0
1341 NONE 0;32767 0;0
1342 NONE -28377;-16383 0;0
1343 NONE 28377;-16382 0;0
1344 NONE 0;32767 0;0
1345 NONE -28377;-16383 0;0
1346 NONE 28377;-16382 0;0
1347 NONE 0;32767 0;0
1348 NONE -28377;-16383 0;0
1349 NONE 28377;-16382 0;0
1350 NONE 0;32767 0;0
1351 NONE -28377;-16383 0;0
1352 NONE 28377;-16382 0;0
1353 NONE 0;32767 0;0
1354 NONE -28377;-16383 0;0
1355 NONE 28377;-16382 0;0
1356 NONE 0;32767 0;0
1357 NONE -28377;-16383 0;0
1358 NONE 28377;-16382 0;0
1359 NONE 0;32767 0;0
1360 NONE -28377;-16383 0;0
1361 NONE 28377;-16382 0;0
1362 NONE 0;32767 0;0
1363 NONE -28377;-16383 0;0
1364 NONE 28377;-16382 0;0
1365 NONE 0;32767 0;0
1366 NONE -28377;-16383 0;0
1367 NONE 28377;-16382 0;0
1368 NONE 0;32767 0;0
1369 NONE -28377;-16383 0;0
1370 NONE 28377;-16382 0;0
1371 NONE 0;32767 0;0
1372 NONE -28377;-16383 0;0
1373 NONE 28377;-16382 0;0
1374 NONE 0;32767 0;0
1375 NONE -28377;-16383 0;0
1376 NONE 28377;-16382 0;0
1377 NONE 0;32767 0;0
1378 NONE -28377;-16383 0;0
1379 NONE 28377;-16382 0;0
1380 NONE 0;32767 0;0
1381 NONE -28377;-16383 0;0
1382 NONE 28377;-16382 0;0
1383 NONE 0;32767 0;0
1384 NONE -28377;-16383 0;0
1385 NONE 28377;-16382 0;0
1386 NONE 0;32767 0;0
1387 NONE -28377;-16383 0;0
1388 NONE 28377;-16382 0;0
1389 NONE 0;32767 0;0
1390 NONE -28377;-16383 0;0
1391 NONE 28377;-16382 0;0
1392 NONE 0;32767 0;0
1393 NONE -28377;-16383 0;0
1394 NONE 28377;-16382 0;0
1395 NONE 0;32767 0;0
1396 NONE -28377;-16383 0;0
1397 NONE 28377;-16382 0;0
1398 NONE 0;32767 0;0
1399 NONE -28377;-16383 0;0
1400 NONE 28377;-16382 0;0
1401 NONE 0;32767 0;0
1402 NONE -28377;-16383 0;0
1403 NONE 28377;-16382 0;0
1404 NONE 0;32767 0;0
1405 NONE -28377;-16383 0;0
1406 NONE 28377;-16382 0;0
1407 NONE 0;32767 0;0
1408 NONE -28377;-16383 0;0
1409 NONE 28377;-16382 0;0
1410 NONE 0;32767 0;0
1411 NONE -28377;-16383 0;0
1412 NONE 28377;-16382 0;0
1413 NONE 0;32767 0;0
1414 NONE -28377;-16383 0;0
1415 NONE 28377;-16382 0;0
1416 NONE 0;32767 0;0
1417 NONE -28377;-16383 0;0
1418 NONE 28377;-16382 0;0
1419 NONE 0;32767 0;0
1420 NONE -28377;-16383 0;0
1421 NONE 28377;-16382 0;0
1422 NONE 0;32767 0;0
1423 NONE -28377;-16383 0;0
1424 NONE 28377;-16382 0;0
1425 NONE 0;32767 0;0
1426 NONE -28377;-16383 0;0
1427 NONE 28377;-16382 0;0
1428 NONE 0;32767 0;0
1429 NONE -28377;-16383 0;0
1430 NONE 28377;-16382 0;0
1431 NONE 0;32767 0;0
1432 NONE -28377;-16383 0;0
1433 NONE 28377;-16382 0;0
1434 NONE 0;32767 0;0
1435 NONE -28377;-16383 0;0
1436 NONE 28377;-16382 0;0
1437 NONE 0;32767 0;0
1438 NONE -28377;-16383 0;0
1439 NONE 28377;-16382 0;0
1440 NONE 0;32767 0;0
1441 NONE -28377;-16383 0;0
1442 NONE 28377;-16382 0;0
1443 NONE 0;32767 0;0
1444 NONE -28377;-16383 0;0
1445 NONE 28377;-16382 0;0
1446 NONE 0;32767 0;0
1447 NONE -28377;-16383 0;0
1448 NONE 28377;-16382 0;0
1449 NONE 0;32767 0;0
1450 NONE -28377;-16383 0;0
1451 NONE 28377;-16382 0;0
1452 NONE 0;32767 0;0
1453 NONE -28377;-16383 0;0
1454 NONE 28377;-16382 0;0
1455 NONE 0;32767 0;0
1456 NONE -28377;-16383 0;0
1457 NONE 28377;-16382 0;0
1458 NONE 0;32767 0;0
1459 NONE -28377;-16383 0;0
1460 NONE 28377;-16382 0;0
1461 NONE 0;32767 0;0
1462 NONE -28377;-16383 0;0
1463 NONE 28377;-16382 0;0
1464 NONE 0;32767 0;0
1465 NONE -28377;-16383 0;0
1466 NONE 28377;-16382 0;0
1467 NONE 0;32767 0;0
1468 NONE -28377;-16383 0;0
1469 NONE 28377;-16382 0;0
1470 NONE 0;32767 0;0
1471 NONE -28377;-16383 0;0
1472 NONE 28377;-16382 0;0
1473 NONE 0;32767 0;0
1474 NONE -28377;-16383 0;0
1475 NONE 28377;-16382 0;0
1476 NONE 0;32767 0;0
1477 NONE -28377;-16383 0;0
1478 NONE 28377;-16382 0;0
1479 NONE 0;32767 0;0
1480 NONE -28377;-16383 0;0
1481 NONE 28377;-16382 0;0
1482 NONE 0;32767 0;0
1483 NONE -28377;-16383 0;0
1484 NONE 28377;-16382 0;0
1485 NONE 0;32767 0;0
1486 NONE -28377;-16383 0;0
1487 NONE 28377;-16382 0;0
1488 NONE 0;32767 0;0
1489 NONE -28377;-16383 0;0
1490 NONE 28377;-16382 0;0
1491 NONE 0;32767 0;0
1492 NONE -28377;-16383 0;0
1493 NONE 28377;-16382 0;0
1494 NONE 0;32767 0;0
1495 NONE -28377;-16383 0;0
1496 NONE 28377;-16382 0;0
1497 NONE 0;32767 0;0
1498 NONE -28377;-16383 0;0
1499 NONE 28377;-16382 0;0
1500 NONE 0;32767 0;0
1501 NONE -28377;-16383 0;0
1502 NONE 28377;-16382 0;0
1503 NONE 0;32767 0;0
1504 NONE -28377;-16383 0;0
1505 NONE 28377;-16382 0;0
1506 NONE 0;32767 0;0
1507 NONE -28377;-16383 0;0
1508 NONE 28377;-16382 0;0
1509 NONE 0;32767 0;0
1510 NONE -28377;-16383 0;0
1511 NONE 28377;-16382 0;0
1512 NONE 0;32767 0;0
1513 NONE -28377;-16383 0;0
1514 NONE 28377;-16382 0;0
1515 NONE 0;32767 0;0
1516 NONE -28377;-16383 0;0
1517 NONE 28377;-16382 0;0
1518 NONE 0;32767 0;0
1519 NONE -28377;-16383 0;0
1520 NONE 28377;-16382 0;0
1521 NONE 0;32767 0;0
1522 NONE -28377;-16383 0;0
1523 NONE 28377;-16382 0;0
1524 NONE 0;32767 0;0
1525 NONE -28377;-16383 0;0
1526 NONE 28377;-16382 0;0
1527 NONE 0;32767 0;0
1528 NONE -28377;-16383 0;0
1529 NONE 28377;-16382 0;0
1530 NONE 0;32767 0;0
1531 NONE -28377;-16383 0;0
1532 NONE 28377;-16382 0;0
1533 NONE 0;32767 0;0
1534 NONE -28377;-16383 0;0
1535 NONE 28377;-16382 0;0
1536 NONE 0;32767 0;0
1537 NONE -28377;-16383 0;0
1538 NONE 28377;-16382 0;0
1539 NONE 0;32767 0;0
1540 NONE -28377;-16383 0;0
1541 NONE 28377;-16382 0;0
1542 NONE 0;32767 0;0
1543 NONE -28377;-16383 0;0
1544 NONE 28377;-16382 0;0
1545 NONE 0;32767 0;0
1546 NONE -28377;-16383 0;0
1547 NONE 28377;-16382 0;0
1548 NONE 0;32767 0;0
1549 NONE -28377;-16383 0;0
1550 NONE 28377;-16382 0;0
1551 NONE 0;32767 0;0
1552 NONE -28377;-16383 0;0
1553 NONE 28377;-16382 0;0
1554 NONE 0;32767 0;0
1555 NONE -28377;-16383 0;0
1556 NONE 28377;-16382 0;0
1557 NONE 0;32767 0;0
1558 NONE -28377;-16383 0;0
1559 NONE 28377;-16382 0;0
1560 NONE 0;32767 0;0
1561 NONE -28377;-16383 0;0
1562 NONE 28377;-16382 0;0
1563 NONE 0;32767 0;0
1564 NONE -28377;-16383 0;0
1565 NONE 28377;-16382 0;0
1566 NONE 0;32767 0;0
1567 NONE -28377;-16383 0;0
1568 NONE 28377;-16382 0;0
1569 NONE 0;32767 0;0
1570 NONE -28377;-16383 0;0
1571 NONE 28377;-16382 0;0
1572 NONE 0;32767 0;0
1573 NONE -28377;-16383 0;0
1574 NONE 28377;-16382 0;0
1575 NONE 0;32767 0;0
1576 NONE -28377;-16383 0;0
1577 NONE 28377;-16382 0;0
1578 NONE 0;32767 0;0
1579 NONE -28377;-16383 0;0
1580 NONE 28377;-16382 0;0
1581 NONE 0;32767 0;0
1582 NONE -28377;-16383 0;0
1583 NONE 28377;-16382 0;0
1584 NONE 0;32767 0;0
1585 NONE -28377;-16383 0;0
1586 NONE 28377;-16382 0;0
1587 NONE 0;32767 0;0
1588 NONE -28377;-16383 0;0
1589 NONE 28377;-16382 0;0
1590 NONE 0;32767 0;0
1591 NONE -28377;-16383 0;0
1592 NONE 28377;-16382 0;0
1593 NONE 0;32767 0;0
1594 NONE -28377;-16383 0;0
1595 NONE 28377;-16382 0;0
1596 NONE 0;32767 0;0
1597 NONE -28377;-16383 0;0
1598 NONE 28377;-16382 0;0
1599 NONE 0;32767 0;0
1600 NONE -28377;-16383 0;0
1601 NONE 28377;-16382 0;0
1602 NONE 0;32767 0;0
1603 NONE -28377;-16383 0;0
1604 NONE 28377;-16382 0;0
1605 NONE 0;32767 0;0
1606 NONE -28377;-16383 0;0
1607 NONE 28377;-16382 0;0
1608 NONE 0;32767 0;0
1609 NONE -28377;-16383 0;0
1610 NONE 28377;-16382 0;0
1611 NONE 0;32767 0;0
1612 NONE -28377;-16383 0;0
1613 NONE 28377;-16382 0;0
1614 NONE 0;32767 0;0
1615 NONE -28377;-16383 0;0
1616 NONE 28377;-16382 0;0
1617 NONE 0;32767 0;0
1618 NONE -28377;-16383 0;0
1619 NONE 28377;-16382 0;0
1620 NONE 0;32767 0;0
1621 NONE -28377;-16383 0;0
1622 NONE 28377;-16382 0;0
1623 NONE 0;32767 0;0
1624 NONE -28377;-16383 0;0
1625 NONE 28377;-16382 0;0
1626 NONE 0;32767 0;0
1627 NONE -28377;-16383 0;0
1628 NONE 28377;-16382 0;0
1629 NONE 0;32767 0;0
1630 NONE -28377;-16383 0;0
1631 NONE 28377;-16382 0;0
1632 NONE 0;32767 0;0
1633 NONE -28377;-16383 0;0
1634 NONE 28377;-16382 0;0
1635 NONE 0;32767 0;0
1636 NONE -28377;-16383 0;0
1637 NONE 28377;-16382 0;0
1638 NONE 0;32767 0;0
1639 NONE -28377;-16383 0;0
1640 NONE 28377;-16382 0;0
1641 NONE 0;32767 0;0
1642 NONE -28377;-16383 0;0
1643 NONE 28377;-16382 0;0
1644 NONE 0;32767 0;0
1645 NONE -28377;-16383 0;0
1646 NONE 28377;-16382 0;0
1647 NONE 0;32767 0;0
1648 NONE -28377;-16383 0;0
1649 NONE 28377;-16382 0;0
1650 NONE 0;32767 0;0
1651 NONE -28377;-16383 0;0
1652 NONE 28377;-16382 0;0
1653 NONE 0;32767 0;0
1654 NONE -28377;-16383 0;0
1655 NONE 28377;-16382 0;0
1656 NONE 0;32767 0;0
1657 NONE -28377;-16383 0;0
1658 NONE 28377;-16382 0;0
1659 NONE 0;32767 0;0
1660 NONE -28377;-16383 0;0
1661 NONE 28377;-16382 0;0
1662 NONE 0;32767 0;0
1663 NONE -28377;-16383 0;0
1664 NONE 28377;-16382 0;0
1665 NONE 0;32767 0;0
1666 NONE -28377;-16383 0;0
1667 NONE 28377;-16382 0;0
1668 NONE 0;32767 0;0
1669 NONE -28377;-16383 0;0
1670 NONE 28377;-16382 0;0
1671 NONE 0;32767 0;0
1672 NONE -28377;-16383 0;0
1673 NONE 28377;-16382 0;0
1674 NONE 0;32767 0;0
1675 NONE -28377;-16383 0;0
1676 NONE 28377;-16382 0;0
1677 NONE 0;32767 0;0
1678 NONE -28377;-16383 0;0
1679 NONE 28377;-16382 0;0
1680 NONE 0;32767 0;0
1681 NONE -28377;-16383 0;0
1682 NONE 28377;-16382 0;0
1683 NONE 0;32767 0;0
1684 NONE -28377;-16383 0;0
1685 NONE 28377;-16382 0;0
1686 NONE 0;32767 0;0
1687 NONE -28377;-16383 0;0
1688 NONE 28377;-16382 0;0
1689 NONE 0;32767 0;0
1690 NONE -28377;-16383 0;0
1691 NONE 28377;-16382 0;0
1692 NONE 0;32767 0;0
1693 NONE -28377;-16383 0;0
1694 NONE 28377;-16382 0;0
1695 NONE 0;32767 0;0
1696 NONE -28377;-16383 0;0
1697 NONE 28377;-16382 0;0
1698 NONE 0;32767 0;0
1699 NONE -28377;-16383 0;0
1700 NONE 28377;-16382 0;0
1701 NONE 0;32767 0;0
1702 NONE -28377;-16383 0;0
1703 NONE 28377;-16382 0;0
1704 NONE 0;32767 0;0
1705 NONE -28377;-16383 0;0
1706 NONE 28377;-16382 0;0
1707 NONE 0;32767 0;0
1708 NONE -28377;-16383 0;0
1709 NONE 28377;-16382 0;0
1710 NONE 0;32767 0;0
1711 NONE -28377;-16383 0;0
1712 NONE 28377;-16382 0;0
1713 NONE 0;32767 0;0
1714 NONE -28377;-16383 0;0
1715 NONE 28377;-16382 0;0
1716 NONE 0;32767 0;0
1717 NONE -28377;-16383 0;0
1718 NONE 28377;-16382 0;0
1719 NONE 0;32767 0;0
1720 NONE -28377;-16383 0;0
1721 NONE 28377;-16382 0;0
1722 NONE 0;32767 0;0
1723 NONE -28377;-16383 0;0
1724 NONE 28377;-16382 0;0
1725 NONE 0;32767 0;0
1726 NONE -28377;-16383 0;0
1727 NONE 28377;-16382 0;0
1728 NONE 0;32767 0;0
1729 NONE -28377;-16383 0;0
1730 NONE 28377;-16382 0;0
1731 KEY_B 18322;27165 0;0
1732 KEY_ZL 18322;27165 0;0
1733 KEY_ZL 18322;27165 0;0
1734 KEY_X;KEY_ZL 18322;27165 0;0
1735 KEY_Y;KEY_ZL 18322;27165 0;0
1736 KEY_X;KEY_ZL 18322;27165 0;0
1737 KEY_Y;KEY_ZL 18322;27165 0;0
1738 KEY_X;KEY_ZL 18322;27165 0;0
1739 KEY_Y;KEY_ZL 18322;27165 0;0
1740 KEY_ZL 0;0 0;0
1741 KEY_ZL 0;0 0;0
1742 KEY_ZL 0;0 0;0
1743 KEY_ZL 0;0 0;0
1744 KEY_ZL 0;0 0;0
1745 KEY_ZL 0;0 0;0
1746 KEY_ZL 0;0 0;0
1747 KEY_ZL 0;0 0;0
1748 KEY_ZL 0;0 0;0
1749 KEY_ZL 0;0 0;0
1750 KEY_ZL 0;0 0;0
1751 KEY_ZL 0;0 0;0
1752 KEY_ZL 0;0 0;0
1753 KEY_ZL 0;0 0;0
1754 KEY_ZL 0;0 0;0
1755 KEY_ZL 0;0 0;0
1756 KEY_ZL 0;0 0;0
1757 KEY_ZL 0;0 0;0
1758 KEY_ZL 0;0 0;0
1759 KEY_ZL 0;0 0;0
1760 KEY_ZL 0;0 0;0
1761 KEY_ZL 0;0 0;0
1762 KEY_ZL 0;0 0;0
1763 KEY_ZL 0;0 0;0
1764 KEY_ZL 0;0 0;0
1765 KEY_ZL 0;0 0;0
1766 KEY_ZL 0;0 0;0
1767 KEY_ZL 0;0 0;0
1768 KEY_ZL 0;0 0;0
1769 KEY_ZL 0;0 0;0
1770 KEY_ZL 0;0 0;0
1771 KEY_ZL 0;0 0;0
1772 KEY_ZL 0;0 0;0
1773 KEY_ZL 0;0 0;0
1774 KEY_ZL 0;0 0;0
1775 KEY_ZL 0;0 0;0
1776 KEY_ZL 0;0 0;0
1777 KEY_ZL 0;0 0;0
1778 KEY_ZL 0;0 0;0
1779 KEY_ZL 0;0 0;0
1780 KEY_ZL 0;0 0;0
1781 KEY_ZL 0;0 0;0
1782 KEY_ZL 0;0 0;0
1783 KEY_ZL 0;0 0;0
1784 KEY_ZL 0;0 0;0
1785 KEY_ZL 0;0 0;0
1786 KEY_ZL 0;0 0;0
1787 KEY_ZL 0;0 0;0
1788 KEY_ZL 0;0 0;0
1789 KEY_ZL 0;0 0;0
1790 KEY_ZL 0;0 0;0
1791 KEY_ZL 0;0 0;0
1792 KEY_ZL 0;0 0;0
1793 KEY_ZL 0;0 0;0
1794 KEY_ZL 0;0 0;0
1795 KEY_ZL 0;0 0;0
1796 KEY_ZL 0;0 0;0
1797 KEY_ZL 0;0 0;0
1798 KEY_ZL 0;0 0;0
1799 KEY_ZL 0;0 0;0
1800 KEY_ZL 0;0 0;0
1801 KEY_ZL 0;0 0;0
1802 KEY_ZL 0;0 0;0
1803 KEY_ZL 0;0 0;0
1804 KEY_ZL 0;0 0;0
1805 KEY_ZL 0;0 0;0
1806 KEY_ZL 0;0 0;0
1807 KEY_ZL 0;0 0;0
1808 KEY_ZL;KEY_L 0;0 0;0
1809 KEY_ZL 0;0 0;0
1810 KEY_ZL 0;0 0;0
1811 KEY_ZL 0;0 0;0
1812 KEY_ZL 0;0 0;0
1813 KEY_ZL 0;0 0;0
1814 KEY_ZL 0;0 0;0
1815 KEY_ZL 0;0 0;0
1816 KEY_ZL 0;0 0;0
1817 KEY_ZL 0;0 0;0
1818 KEY_ZL 0;0 0;0
1819 KEY_ZL 0;0 0;0
1820 KEY_ZL 0;0 0;0
1821 KEY_ZL 0;0 0;0
1822 KEY_ZL 0;0 0;0
1823 KEY_ZL 0;0 0;0
1824 KEY_ZL 0;0 0;0
1825 KEY_ZL;KEY_L 0;0 0;0
1826 KEY_ZL 0;0 0;0
1827 KEY_ZL 0;0 0;0
1828 KEY_ZL 0;0 0;0
1829 KEY_ZL 0;0 0;0
1830 KEY_ZL 0;0 0;0
1831 KEY_ZL 0;0 0;0
1832 KEY_ZL 0;0 0;0
1833 KEY_ZL 0;0 0;0
1834 KEY_ZL 0;0 0;0
1835 KEY_ZL 0;0 0;0
1836 KEY_ZL 0;0 0;0
1837 KEY_ZL 0;0 0;0
1838 KEY_ZL 0;0 0;0
1839 KEY_ZL 0;0 0;0
1840 KEY_ZL;KEY_L 0;0 0;0
1841 KEY_ZL 0;0 0;0
1842 KEY_ZL 0;0 0;0
1843 KEY_ZL 0;0 0;0
1844 KEY_ZL 0;0 0;0
1845 KEY_ZL 0;0 0;0
1846 KEY_ZL 0;0 0;0
1847 KEY_ZL 0;0 0;0
1848 KEY_ZL 0;0 0;0
1849 KEY_ZL 0;0 0;0
1850 KEY_ZL 0;0 0;0
1851 KEY_ZL 0;0 0;0
1852 KEY_ZL 0;0 0;0
1853 KEY_ZL 0;0 0;0
1854 KEY_ZL 0;0 0;0
1855 KEY_ZL;KEY_L 26841;18793 0;0
1856 KEY_ZL 26841;18793 0;0
1857 KEY_ZL 26841;18793 0;0
1858 KEY_ZL 26841;18793 0;0
1859 KEY_ZL 26841;18793 0;0
1860 KEY_ZL 26841;18793 0;0
1861 KEY_ZL 26841;18793 0;0
1862 KEY_ZL 26841;18793 0;0
1863 KEY_ZL 26841;18793 0;0
1864 KEY_ZL 26841;18793 0;0
1865 KEY_ZL 26841;18793 0;0
1866 KEY_ZL 26841;18793 0;0
1867 KEY_ZL 26841;18793 0;0
1868 KEY_ZL 26841;18793 0;0
1869 KEY_ZL 26841;18793 0;0
1870 KEY_ZL 26841;18793 0;0
1871 KEY_ZL 26841;18793 0;0
1872 KEY_ZL 26841;18793 0;0
1873 KEY_ZL 26841;18793 0;0
1874 KEY_ZL 26841;18793 0;0
1875 KEY_ZL 26841;18793 0;0
1876 KEY_ZL 26841;18793 0;0
1877 KEY_ZL 26841;18793 0;0
1878 KEY_ZL 26841;18793 0;0
1879 KEY_ZL 26841;18793 0;0
1880 KEY_ZL 26841;18793 0;0
1881 KEY_ZL 26841;18793 0;0
1882 KEY_ZL 26841;18793 0;0
1883 KEY_ZL 26841;18793 0;0
1884 KEY_ZL 26841;18793 0;0
1885 KEY_ZL 26841;18793 0;0
1886 KEY_ZL 26841;18793 0;0
1887 KEY_ZL 26841;18793 0;0
1888 KEY_ZL 26841;18793 0;0
1889 KEY_ZL 26841;18793 0;0
1890 KEY_ZL 26841;18793 0;0
1891 KEY_ZL 26841;18793 0;0
1892 KEY_ZL 26841;18793 0;0
1893 KEY_ZL;KEY_L -1714;32722 0;0
1894 KEY_ZL -25820;20173 0;0
1895 KEY_ZL -25820;20173 0;0
1896 KEY_ZL -25820;20173 0;0
1897 KEY_ZL -25820;20173 0;0
1898 KEY_ZL -25820;20173 0;0
1899 KEY_ZL -25820;20173 0;0
1900 KEY_ZL -25820;20173 0;0
1901 KEY_ZL -25820;20173 0;0
1902 KEY_ZL -25820;20173 0;0
1903 KEY_ZL -25820;20173 0;0
1904 KEY_ZL -25820;20173 0;0
1905 KEY_ZL -25820;20173 0;0
1906 KEY_ZL -25820;20173 0;0
1907 KEY_ZL -25820;20173 0;0
1908 KEY_ZL -25820;20173 0;0
1909 KEY_ZL -25820;20173 0;0
1910 KEY_ZL -25820;20173 0;0
1911 KEY_ZL -25820;20173 0;0
1912 KEY_ZL -25820;20173 0;0
1913 KEY_ZL -25820;20173 0;0
1914 KEY_ZL -25820;20173 0;0
1915 KEY_ZL -25820;20173 0;0
1916 KEY_ZL -25820;20173 0;0
1917 KEY_ZL -25820;20173 0;0
1918 KEY_ZL -25820;20173 0;0
1919 KEY_ZL -25820;20173 0;0
1920 KEY_ZL -25820;20173 0;0
1921 KEY_ZL -25820;20173 0;0
1922 KEY_ZL -25820;20173 0;0
1923 KEY_ZL -25820;20173 0;0
1924 KEY_ZL -25820;20173 0;0
1925 KEY_ZL -25820;20173 0;0
1926 KEY_ZL -25820;20173 0;0
1927 KEY_ZL -25820;20173 0;0
1928 KEY_ZL -25820;20173 0;0
1929 KEY_ZL -25820;20173 0;0
1930 KEY_ZL -25820;20173 0;0
1931 KEY_ZL;KEY_L -25820;20173 0;0
1932 KEY_ZL -25820;20173 0;0
1933 KEY_ZL -25820;20173 0;0
1934 KEY_ZL -25820;20173 0;0
1935 KEY_ZL -25820;20173 0;0
1936 KEY_ZL -25820;20173 0;0
1937 KEY_ZL -25820;20173 0;0
1938 KEY_ZL -25820;20173 0;0
1939 KEY_ZL -25820;20173 0;0
1940 KEY_ZL -25820;20173 0;0
1941 KEY_ZL -25820;20173 0;0
1942 KEY_ZL -25820;20173 0;0
1943 KEY_ZL -25820;20173 0;0
1944 KEY_ZL -25820;20173 0;0
1945 KEY_ZL -25820;20173 0;0
1946 KEY_ZL -25820;20173 0;0
1947 KEY_ZL -25820;20173 0;0
1948 KEY_ZL -25820;20173 0;0
1949 KEY_ZL;KEY_L -25820;20173 0;0
1950 KEY_ZL -25820;20173 0;0
1951 KEY_ZL -25820;20173 0;0
1952 KEY_ZL -25820;20173 0;0
1953 KEY_ZL -25820;20173 0;0
1954 KEY_ZL -25820;20173 0;0
1955 KEY_ZL -25820;20173 0;0
1956 KEY_ZL -25820;20173 0;0
1957 KEY_ZL -25820;20173 0;0
1958 KEY_ZL -25820;20173 0;0
1959 KEY_ZL -25820;20173 0;0
1960 KEY_ZL -25820;20173 0;0
1961 KEY_ZL -25820;20173 0;0
1962 KEY_ZL -25820;20173 0;0
1963 KEY_ZL -25820;20173 0;0
1964 KEY_ZL -25820;20173 0;0
1965 KEY_ZL -25820;20173 0;0
1966 KEY_ZL -25820;20173 0;0
1967 KEY_ZL;KEY_L -25820;20173 0;0
1968 KEY_ZL -25820;20173 0;0
1969 KEY_ZL -25820;20173 0;0
1970 KEY_ZL -25820;20173 0;0
1971 KEY_ZL -25820;20173 0;0
1972 KEY_ZL -25820;20173 0;0
1973 KEY_ZL -25820;20173 0;0
1974 KEY_ZL -25820;20173 0;0
1975 KEY_ZL -25820;20173 0;0
1976 KEY_ZL -25820;20173 0;0
1977 KEY_ZL -25820;20173 0;0
1978 KEY_ZL -25820;20173 0;0
1979 KEY_ZL -25820;20173 0;0
1980 KEY_ZL -25820;20173 0;0
1981 KEY_ZL -25820;20173 0;0
1982 KEY_ZL -25820;20173 0;0
1983 KEY_ZL -25820;20173 0;0
1984 KEY_ZL -25820;20173 0;0
1985 KEY_ZL -25820;20173 0;0
1986 KEY_ZL -2285;32687 0;0
1987 KEY_ZL -2285;32687 0;0
1988 KEY_ZL -2285;32687 0;0
1989 KEY_ZL -2285;32687 0;0
1990 KEY_ZL -2285;32687 0;0
1991 KEY_ZL -2285;32687 0;0
1992 KEY_ZL -2285;32687 0;0
1993 KEY_ZL -2285;32687 0;0
1994 KEY_ZL -2285;32687 0;0
1995 KEY_ZL -2285;32687 0;0
1996 KEY_ZL -2285;32687 0;0
1997 KEY_ZL -2285;32687 0;0
1998 KEY_ZL -2285;32687 0;0
1999 KEY_ZL;KEY_L -2285;32687 0;0
2000 KEY_ZL -2285;32687 0;0
2001 KEY_ZL -2285;32687 0;0
2002 KEY_ZL -2285;32687 0;0
2003 KEY_ZL -2285;32687 0;0
2004 KEY_ZL -2285;32687 0;0
2005 KEY_ZL -2285;32687 0;0
2006 KEY_ZL -2285;32687 0;0
2007 KEY_ZL -2285;32687 0;0
2008 KEY_ZL -2285;32687 0;0
2009 KEY_ZL -2285;32687 0;0
2010 KEY_ZL -2285;32687 0;0
2011 KEY_ZL -2285;32687 0;0
2012 KEY_ZL -2285;32687 0;0
2013 KEY_ZL -2285;32687 0;0
2014 KEY_ZL -2285;32687 0;0
2015 KEY_ZL -2285;32687 0;0
2016 KEY_ZL -2285;32687 0;0
2017 KEY_B;KEY_DLEFT -2285;32687 0;0
2018 KEY_DLEFT 32687;2285 0;0
2019 KEY_DLEFT -2285;32687 0;0
2020 KEY_DLEFT -2285;32687 0;0
2021 KEY_DLEFT -2285;32687 0;0
2022 KEY_DLEFT -2285;32687 0;0
2023 KEY_DLEFT -2285;32687 0;0
2024 KEY_DLEFT -2285;32687 0;0
2025 KEY_B;KEY_DLEFT -2285;32687 0;0
2026 KEY_B;KEY_DLEFT -2285;32687 0;0
2027 KEY_B;KEY_DLEFT -2285;32687 0;0
2028 KEY_B;KEY_DLEFT -2285;32687 0;0
2029 KEY_B;KEY_DLEFT -2285;32687 0;0
2030 KEY_B -2285;32687 0;0
2031 KEY_B -2285;32687 0;0
2032 KEY_B -2285;32687 0;0
2033 KEY_B -2285;32687 0;0
2034 KEY_B -2285;32687 0;0
2035 NONE -2285;32687 0;0
2036 NONE -2285;32687 0;0
2037 NONE -2285;32687 0;0
2038 NONE -2285;32687 0;0
2039 NONE -2285;32687 0;0
2040 NONE -2285;32687 0;0
2041 NONE -2285;32687 0;0
2042 NONE -2285;32687 0;0
2043 NONE -2285;32687 0;0
2044 NONE -2285;32687 0;0
2045 NONE -2285;32687 0;0
2046 NONE -2285;32687 0;0
2047 NONE -2285;32687 0;0
2048 NONE -2285;32687 0;0
2049 NONE -2285;32687 0;0
2050 NONE -2285;32687 0;0
2051 NONE -2285;32687 0;0
2052 NONE -2285;32687 0;0
2053 NONE -2285;32687 0;0
2054 NONE -2285;32687 0;0
2055 NONE -2285;32687 0;0
2056 NONE -2285;32687 0;0
2057 NONE -2285;32687 0;0
2058 NONE -2285;32687 0;0
2059 KEY_B -2285;32687 0;0
2060 KEY_B -2285;32687 0;0
2061 KEY_B -2285;32687 0;0
2062 KEY_B -2285;32687 0;0
2063 NONE -2285;32687 0;0
2064 NONE -2285;32687 0;0
2065 NONE -2285;32687 0;0
2066 NONE -2285;32687 0;0
2067 NONE -2285;32687 0;0
2068 NONE -2285;32687 0;0
2069 NONE -2285;32687 0;0
2070 NONE -2285;32687 0;0
2071 NONE -2285;32687 0;0
2072 NONE -2285;32687 0;0
2073 NONE -2285;32687 0;0
2074 NONE -2285;32687 0;0
2075 NONE -2285;32687 0;0
2076 NONE -2285;32687 0;0
2077 NONE -2285;32687 0;0
2078 NONE -2285;32687 0;0
2079 NONE -2285;32687 0;0
2080 NONE -2285;32687 0;0
2081 NONE -2285;32687 0;0
2082 NONE -2285;32687 0;0
2083 NONE -2285;32687 0;0
2084 NONE -2285;32687 0;0
2085 NONE -2285;32687 0;0
2086 NONE -2285;32687 0;0
2087 NONE -2285;32687 0;0
2088 NONE -2285;32687 0;0
2089 NONE -2285;32687 0;0
2090 NONE -2285;32687 0;0
2091 NONE -2285;32687 0;0
2092 NONE -2285;32687 0;0
2093 NONE -2285;32687 0;0
2094 NONE -2285;32687 0;0
2095 NONE -2285;32687 0;0
2096 NONE -2285;32687 0;0
2097 NONE -2285;32687 0;0
2098 NONE -2285;32687 0;0
2099 NONE -2285;32687 0;0
2100 NONE -2285;32687 0;0
2101 NONE -2285;32687 0;0
2102 NONE -2285;32687 0;0
2103 NONE -2285;32687 0;0
2104 NONE -2285;32687 0;0
2105 NONE -2285;32687 0;0
2106 NONE -2285;32687 0;0
2107 NONE -2285;32687 0;0
2108 NONE -2285;32687 0;0
2109 NONE -2285;32687 0;0
2110 NONE -2285;32687 0;0
2111 NONE -2285;32687 0;0
2112 NONE -2285;32687 0;0
2113 NONE -2285;32687 0;0
