1 KEY_A 0;0 0;0
388 NONE 32767;0 0;0
389 NONE -16383;28377 0;0
390 NONE -16383;-28377 0;0
391 NONE 32767;0 0;0
392 NONE -16383;28377 0;0
393 NONE -16383;-28377 0;0
394 NONE 32767;0 0;0
395 NONE -16383;28377 0;0
396 NONE -16383;-28377 0;0
397 NONE 32767;0 0;0
398 NONE -16383;28377 0;0
399 NONE -16383;-28377 0;0
400 NONE 32767;0 0;0
401 NONE -16383;28377 0;0
402 NONE -16383;-28377 0;0
403 NONE 32767;0 0;0
404 NONE -16383;28377 0;0
405 NONE -16383;-28377 0;0
406 NONE 32767;0 0;0
407 NONE -16383;28377 0;0
408 NONE -16383;-28377 0;0
409 NONE 32767;0 0;0
410 NONE -16383;28377 0;0
411 NONE -16383;-28377 0;0
412 NONE 32767;0 0;0
413 NONE -16383;28377 0;0
414 NONE -16383;-28377 0;0
415 NONE 32767;0 0;0
416 NONE -16383;28377 0;0
417 NONE -16383;-28377 0;0
418 NONE 32767;0 0;0
419 NONE -16383;28377 0;0
420 NONE -16383;-28377 0;0
421 NONE 32767;0 0;0
422 NONE -16383;28377 0;0
423 NONE -16383;-28377 0;0
424 NONE 32767;0 0;0
425 NONE -16383;28377 0;0
426 NONE -16383;-28377 0;0
427 NONE 32767;0 0;0
428 KEY_A 0;0 0;0
429 KEY_ZL 0;0 0;0
430 KEY_ZL 0;0 0;0
431 KEY_ZL -1143;32747 0;0
432 KEY_ZL -1143;32747 0;0
433 KEY_ZL -1143;32747 0;0
434 KEY_ZL -1143;32747 0;0
435 KEY_ZL -1143;32747 0;0
436 KEY_ZL;KEY_X -1143;32747 0;0
437 KEY_ZL -1143;32747 0;0
438 KEY_ZL -1143;32747 0;0
439 KEY_ZL -1143;32747 0;0
440 KEY_ZL -1143;32747 0;0
441 KEY_ZL -1143;32747 0;0
442 KEY_ZL -1143;32747 0;0
443 KEY_ZL -1143;32747 0;0
444 KEY_ZL -1143;32747 0;0
445 KEY_ZL -1143;32747 0;0
446 KEY_ZL -1143;32747 0;0
447 KEY_ZL -1143;32747 0;0
448 KEY_ZL -1143;32747 0;0
449 KEY_ZL -1143;32747 0;0
450 KEY_ZL -1143;32747 0;0
451 KEY_ZL -1143;32747 0;0
452 KEY_L;KEY_A -1143;32747 0;0
453 NONE 21925;24350 0;0
454 NONE -1143;32747 0;0
455 NONE -1143;32747 0;0
456 NONE -1143;32747 0;0
457 NONE -1143;32747 0;0
458 NONE -1143;32747 0;0
459 NONE -1143;32747 0;0
460 KEY_A -1143;32747 0;0
461 KEY_A -32767;0 0;0
462 KEY_A -32767;0 0;0
463 KEY_A -1143;32747 0;0
464 KEY_A -1143;32747 0;0
465 KEY_A -1143;32747 0;0
466 KEY_A -1143;32747 0;0
467 KEY_A -1143;32747 0;0
468 KEY_A -1143;32747 0;0
469 KEY_A -1143;32747 0;0
470 KEY_L 0;0 0;0
471 KEY_ZL 0;0 0;0
472 KEY_ZL;KEY_Y 0;0 0;0
473 NONE 0;0 0;32767
474 NONE 0;0 0;32767
475 NONE 0;0 0;32767
476 NONE 0;0 0;32767
477 NONE 0;0 0;32767
478 NONE 0;0 0;32767
479 NONE 0;0 0;32767
480 NONE 0;0 0;32767
481 NONE 0;0 0;32767
482 NONE 0;0 0;32767
483 NONE 0;0 0;32767
484 NONE 0;0 0;32767
485 NONE 0;0 0;32767
486 KEY_A 0;0 0;0
487 KEY_A -32269;5689 0;0
488 KEY_A -32269;5689 0;0
489 KEY_A -32269;5689 0;0
490 KEY_A -32269;5689 0;0
491 KEY_A -32269;5689 0;0
492 KEY_A -32269;5689 0;0
493 KEY_DLEFT 0;0 0;0
494 KEY_DLEFT -15885;28658 0;0
495 KEY_DLEFT 0;0 0;0
496 KEY_DLEFT 0;0 0;0
497 KEY_DLEFT 0;0 0;0
498 KEY_DLEFT 0;0 0;0
499 KEY_DLEFT 0;0 0;0
500 KEY_DLEFT 0;0 0;0
501 KEY_DLEFT;KEY_ZL 0;0 0;0
502 KEY_ZL;KEY_Y 0;0 0;0
503 NONE 0;0 0;-32767
504 NONE 0;0 0;-32767
505 NONE 0;0 0;-32767
506 NONE 0;0 0;-32767
507 NONE 0;0 0;-32767
508 NONE 0;0 0;-32767
509 NONE 0;0 0;-32767
510 NONE 0;0 0;-32767
511 NONE 0;0 0;-32767
512 NONE 0;0 0;-32767
513 NONE 0;0 0;-32767
514 NONE 0;0 0;-32767
515 NONE 0;0 0;-32767
516 NONE 0;0 0;-32767
517 NONE 0;0 0;-32767
518 NONE 0;0 0;-32767
519 NONE 0;0 0;-32767
520 NONE 0;0 0;-32767
521 NONE 0;0 0;-32767
522 NONE 0;0 0;-32767
523 NONE 0;0 0;-32767
524 NONE 0;0 0;-32767
525 NONE 0;0 0;-32767
526 NONE 0;0 0;-32767
527 NONE 0;0 0;-32767
528 NONE 0;0 0;-32767
529 NONE 0;0 0;-32767
530 NONE 0;0 0;-32767
531 NONE 0;0 0;-32767
532 NONE 0;0 0;-32767
533 NONE 0;0 0;-32767
534 NONE 0;0 0;-32767
535 NONE 0;0 0;-32767
536 NONE 0;0 0;-32767
537 NONE 0;0 0;-32767
538 NONE 0;0 0;-32767
539 NONE 0;0 0;-32767
540 NONE 0;0 0;-32767
541 NONE 0;0 0;-32767
542 NONE 0;0 0;-32767
543 NONE 0;0 0;-32767
544 NONE 0;0 0;-32767
545 NONE 0;0 0;-32767
546 NONE 0;0 0;-32767
547 NONE 0;0 0;-32767
548 NONE 0;0 0;-32767
549 NONE 0;0 0;-32767
550 NONE 0;0 0;-32767
551 NONE -30790;11206 0;-32767
552 NONE -30790;11206 0;-32767
553 NONE -30790;11206 0;-32767
554 NONE -30790;11206 0;-32767
555 NONE -30790;11206 0;-32767
556 NONE -30790;11206 0;-32767
557 NONE 0;0 0;-32767
558 NONE 0;0 0;-32767
559 NONE -8756;31575 0;-32767
560 NONE -8756;31575 0;-32767
561 NONE -8756;31575 0;-32767
562 NONE -8756;31575 0;-32767
563 NONE -8756;31575 0;-32767
564 NONE -8756;31575 0;-32767
565 NONE -8756;31575 0;-32767
566 NONE -8756;31575 0;-32767
567 NONE -8756;31575 0;-32767
568 NONE -8756;31575 0;-32767
569 NONE -8756;31575 0;-32767
570 NONE -8815;31558 0;-32767
571 NONE -8874;31542 0;-32767
572 NONE -8933;31525 0;-32767
573 NONE -8992;31508 0;-32767
574 NONE -9051;31492 0;-32767
575 NONE -9110;31475 0;-32767
576 NONE -9169;31457 0;-32767
577 NONE -9227;31440 0;-32767
578 NONE -9286;31423 0;-32767
579 NONE -9345;31406 0;-32767
580 NONE -9404;31388 0;-32767
581 NONE -9462;31370 0;-32767
582 NONE -9521;31353 0;-32767
583 NONE -9580;31335 0;-32767
584 NONE -9580;31335 0;-32767
585 NONE -9654;31312 0;-32767
586 NONE -9728;31289 0;-32767
587 NONE -9802;31266 0;-32767
588 NONE -9876;31243 0;-32767
589 NONE -9950;31219 0;-32767
590 NONE -10024;31195 0;-32767
591 NONE -10098;31172 0;-32767
592 NONE -10172;31148 0;-32767
593 NONE -10245;31123 0;-32767
594 NONE -10319;31099 0;-32767
595 NONE -10393;31075 0;-32767
596 NONE -10466;31050 0;-32767
597 NONE -10540;31025 0;-32767
598 NONE -10613;31000 0;-32767
599 NONE -10613;31000 0;-32767
600 NONE -10613;31000 0;-32767
601 NONE -10613;31000 0;-32767
602 NONE -10613;31000 0;-32767
603 NONE -10613;31000 0;-32767
604 NONE -10613;31000 0;-32767
605 NONE -10613;31000 0;-32767
606 NONE -10613;31000 0;-32767
607 NONE -10613;31000 0;-32767
608 NONE -10613;31000 0;-32767
609 NONE -10613;31000 0;-32767
610 NONE -10613;31000 0;-32767
611 NONE -10613;31000 0;-32767
612 NONE -10613;31000 0;-32767
613 NONE -10613;31000 0;-32767
614 NONE -10613;31000 0;-32767
615 NONE -10613;31000 0;-32767
616 NONE -10613;31000 0;-32767
617 NONE -10613;31000 0;-32767
618 NONE -10613;31000 0;-32767
619 NONE -10613;31000 0;-32767
620 NONE -10613;31000 0;-32767
621 KEY_ZL -10613;31000 0;-32767
622 KEY_ZL;KEY_Y 0;0 0;0
623 KEY_ZL 0;0 0;0
624 KEY_ZL 0;0 0;0
625 KEY_ZL 0;0 0;0
626 KEY_ZL 0;0 0;0
627 KEY_ZL 0;0 0;0
628 KEY_ZL 0;0 0;0
629 KEY_ZL 0;0 0;0
630 KEY_ZL 0;0 0;0
631 KEY_ZL 0;0 0;0
632 KEY_ZL 0;0 0;0
633 KEY_ZL 0;0 0;0
634 KEY_ZL 0;0 0;0
635 KEY_ZL 0;0 0;0
636 KEY_ZL 0;0 0;0
637 KEY_ZL 0;0 0;0
638 KEY_ZL 0;0 0;0
639 KEY_ZL 0;0 0;0
640 KEY_ZL 0;0 0;0
641 KEY_ZL 0;0 0;0
642 KEY_ZL 0;0 0;0
643 KEY_ZL 0;0 0;0
644 KEY_ZL 0;0 0;0
645 KEY_ZL 0;0 0;0
646 KEY_ZL 0;0 0;0
647 KEY_ZL 0;0 0;0
648 KEY_ZL 0;0 0;0
649 KEY_ZL 0;0 0;0
650 KEY_ZL 0;0 0;0
651 KEY_ZL 0;0 0;0
652 KEY_ZL 0;0 0;0
653 KEY_ZL 0;0 0;0
654 KEY_ZL 0;0 0;0
655 KEY_ZL 0;0 0;0
656 KEY_ZL 0;0 0;0
657 KEY_ZL 0;0 0;0
658 KEY_ZL 0;0 0;0
659 KEY_ZL 0;0 0;0
660 KEY_ZL 0;0 0;0
661 KEY_ZL 0;0 0;0
662 KEY_ZL 0;0 0;0
663 KEY_ZL 0;0 0;0
664 KEY_ZL 0;0 0;0
665 KEY_ZL 0;0 0;0
666 KEY_ZL 0;0 0;0
667 KEY_ZL 0;0 0;0
668 KEY_ZL 0;0 0;0
669 KEY_ZL 0;0 0;0
670 KEY_ZL 0;0 0;0
671 KEY_ZL 0;0 0;0
672 KEY_ZL 0;0 0;0
673 KEY_ZL 0;0 0;0
674 KEY_ZL 0;0 0;0
675 KEY_ZL 0;0 0;0
676 KEY_ZL 0;0 0;0
677 KEY_ZL 0;0 0;0
678 KEY_ZL 0;0 0;0
679 KEY_ZL 0;0 0;0
680 KEY_ZL 0;0 0;0
681 KEY_ZL 0;0 0;0
682 KEY_ZL 0;0 0;0
683 KEY_ZL 0;0 0;0
684 KEY_ZL 0;0 0;0
685 KEY_ZL 0;0 0;0
686 KEY_ZL 0;0 0;0
687 KEY_ZL 0;0 0;0
688 KEY_ZL 0;0 0;0
689 KEY_ZL 0;0 0;0
690 KEY_ZL 0;0 0;0
691 KEY_ZL 0;0 0;0
692 KEY_ZL 0;0 0;0
693 KEY_ZL 0;0 0;0
694 KEY_ZL 0;0 0;0
695 KEY_ZL 0;0 0;0
696 KEY_ZL 0;0 0;0
697 KEY_ZL 0;0 0;0
698 KEY_ZL 0;0 0;0
699 KEY_ZL 0;0 0;0
700 KEY_ZL 0;0 0;0
701 KEY_ZL 0;0 0;0
702 KEY_ZL 0;0 0;0
703 KEY_ZL 0;0 0;0
704 KEY_ZL 0;0 0;0
705 KEY_ZL 0;0 0;0
706 KEY_ZL 0;0 0;0
707 KEY_ZL 0;0 0;0
708 KEY_ZL 0;0 0;0
709 KEY_ZL 0;0 0;0
710 KEY_ZL 0;0 0;0
711 KEY_ZL 0;0 0;0
712 KEY_ZL 0;0 0;0
713 KEY_ZL 0;0 0;0
714 KEY_ZL 0;0 0;0
715 KEY_ZL 0;0 0;0
716 KEY_ZL 0;0 0;0
717 KEY_ZL 0;0 0;0
718 KEY_ZL 0;0 0;0
719 KEY_ZL 0;0 0;0
720 KEY_ZL 0;0 0;0
721 KEY_ZL 0;0 0;0
722 KEY_ZL 0;0 0;0
723 KEY_ZL 0;0 0;0
724 KEY_ZL 0;0 0;0
725 KEY_ZL 0;0 0;0
726 KEY_ZL 0;0 0;0
727 KEY_ZL 0;0 0;0
728 KEY_ZL 0;0 0;0
729 KEY_ZL 0;0 0;0
730 KEY_ZL 0;0 0;0
731 KEY_ZL 0;0 0;0
732 KEY_ZL 0;0 0;0
733 KEY_ZL 0;0 0;0
734 KEY_ZL 0;0 0;0
735 KEY_ZL 0;0 0;0
736 KEY_ZL 0;0 0;0
737 KEY_ZL 0;0 0;0
738 KEY_ZL 0;0 0;0
739 KEY_ZL 0;0 0;0
740 KEY_ZL 0;0 0;0
741 KEY_ZL 0;0 0;0
742 KEY_ZL 0;0 0;0
743 KEY_ZL 0;0 0;0
744 KEY_ZL 0;0 0;0
745 KEY_ZL 0;0 0;0
746 KEY_ZL 0;0 0;0
747 KEY_ZL 0;0 0;0
748 KEY_ZL 0;0 0;0
749 KEY_ZL 0;0 0;0
750 KEY_ZL 0;0 0;0
751 KEY_ZL 0;0 0;0
752 KEY_ZL 0;0 0;0
753 KEY_ZL 0;0 0;0
754 KEY_ZL 0;0 0;0
755 KEY_ZL 0;0 0;0
756 NONE 23768;22555 0;0
757 NONE 23768;22555 0;0
758 NONE 23768;22555 0;0
759 NONE 23768;22555 0;0
760 NONE 23768;22555 0;0
761 NONE 23768;22555 0;0
762 NONE 23768;22555 0;0
763 NONE 23768;22555 0;0
764 NONE 23768;22555 0;0
765 NONE 23768;22555 0;0
766 NONE 23768;22555 0;0
767 NONE 23768;22555 0;0
768 NONE 23768;22555 0;0
769 NONE 23768;22555 0;0
770 NONE 23768;22555 0;0
771 NONE 23768;22555 0;0
772 NONE 23768;22555 0;0
773 NONE 23768;22555 0;0
774 NONE 23768;22555 0;0
775 NONE 23768;22555 0;0
776 NONE 23768;22555 0;0
777 NONE 23768;22555 0;0
778 NONE 23768;22555 0;0
779 NONE 23768;22555 0;0
780 NONE 23768;22555 0;0
781 NONE 23768;22555 0;0
782 NONE 23768;22555 0;0
783 NONE 23768;22555 0;0
784 NONE 23768;22555 0;0
785 NONE 23768;22555 0;0
786 NONE 23768;22555 0;0
787 NONE 23768;22555 0;0
788 NONE 23768;22555 0;0
789 NONE 23768;22555 0;0
790 NONE 23768;22555 0;0
791 NONE 23768;22555 0;0
792 NONE 23768;22555 0;0
793 NONE 23768;22555 0;0
794 NONE 23768;22555 0;0
795 NONE 23768;22555 0;0
796 NONE 23768;22555 0;0
797 NONE 23768;22555 0;0
798 NONE 23768;22555 0;0
799 NONE 23768;22555 0;0
800 NONE 23768;22555 0;0
801 NONE 23768;22555 0;0
802 NONE 23768;22555 0;0
803 NONE 23768;22555 0;0
804 NONE 23768;22555 0;0
805 NONE 23768;22555 0;0
806 NONE 23768;22555 0;0
807 NONE 23768;22555 0;0
808 NONE 23768;22555 0;0
809 NONE 23768;22555 0;0
810 NONE 23768;22555 0;0
811 NONE 23768;22555 0;0
812 NONE 23768;22555 0;0
813 NONE 23768;22555 0;0
814 NONE 23768;22555 0;0
815 NONE 23768;22555 0;0
816 NONE 23768;22555 0;0
817 NONE 23768;22555 0;0
818 NONE 23768;22555 0;0
819 NONE 23768;22555 0;0
820 KEY_DDOWN 23768;22555 0;0
821 KEY_DDOWN -18085;27323 0;0
822 KEY_DDOWN 23768;22555 0;0
823 KEY_DDOWN 23768;22555 0;0
824 KEY_DDOWN 23768;22555 0;0
825 KEY_DDOWN 23768;22555 0;0
826 KEY_DDOWN 23768;22555 0;0
827 KEY_DDOWN 23768;22555 0;0
828 KEY_DDOWN 23768;22555 0;0
829 KEY_A 23768;22555 0;0
830 KEY_A 22555;-23768 0;0
831 KEY_A 22555;-23768 0;0
832 KEY_A 22555;-23768 0;0
833 KEY_A 22555;-23768 0;0
834 KEY_A 22555;-23768 0;0
835 KEY_A 22555;-23768 0;0
836 KEY_A 22555;-23768 0;0
837 KEY_A 22555;-23768 0;0
838 KEY_A 22555;-23768 0;0
839 NONE 22555;-23768 0;0
840 NONE 22555;-23768 0;0
841 NONE 22555;-23768 0;0
842 NONE 22555;-23768 0;0
843 NONE 22555;-23768 0;0
844 NONE 22555;-23768 0;0
845 NONE 22555;-23768 0;0
846 KEY_DUP 22555;-23768 0;0
847 NONE 16383;28377 0;0
866 KEY_L 0;0 0;0
919 KEY_L 0;0 0;0
941 KEY_L 0;0 0;0
967 KEY_L 0;0 0;0
989 KEY_L 0;0 0;0
1015 KEY_L 0;0 0;0
1016 NONE -32767;0 0;0
1017 NONE -32767;0 0;0
1018 NONE -32767;0 0;0
1019 NONE -32767;0 0;0
1020 NONE -32767;0 0;0
1021 NONE -32767;0 0;0
1022 NONE -32767;0 0;0
1023 NONE -32767;0 0;0
1024 NONE -32767;0 0;0
1025 NONE -32767;0 0;0
1026 NONE -32767;0 0;0
1027 NONE -32767;0 0;0
1028 NONE -32767;0 0;0
1029 NONE -32767;0 0;0
1030 NONE -32767;0 0;0
1031 NONE -32767;0 0;0
1032 NONE -32767;0 0;0
1033 NONE -32767;0 0;0
1034 NONE -32767;0 0;0
1035 NONE -32767;0 0;0
1036 NONE -32767;0 0;0
1037 NONE -32767;0 0;0
1038 NONE -32767;0 0;0
1039 NONE -32767;0 0;0
1040 NONE -32767;0 0;0
1041 NONE -32767;0 0;0
1042 NONE -32767;0 0;0
1043 NONE -32767;0 0;0
1044 NONE -32767;0 0;0
1045 NONE -32767;0 0;0
1046 NONE -17363;-27787 0;0
1047 NONE -17363;-27787 0;0
1048 KEY_ZL 0;0 32767;0
1049 KEY_ZL;KEY_Y 0;0 32767;0
1050 NONE 0;0 32767;0
1051 NONE 0;0 32767;0
1052 NONE 0;0 32767;0
1053 NONE 0;0 32767;0
1054 NONE 0;0 32767;0
1055 NONE 0;0 32767;0
1056 NONE 0;0 32767;0
1057 NONE 0;0 32767;0
1058 NONE 0;0 32767;0
1059 NONE 0;0 32767;0
1060 NONE 0;0 32767;0
1061 NONE 0;0 32767;0
1062 NONE 0;0 32767;0
1063 NONE 0;0 32767;0
1064 NONE 0;0 32767;0
1065 NONE -28377;16383 32767;0
1066 NONE -28377;16383 32767;0
1067 NONE -28377;16383 32767;0
1068 KEY_A -28377;16383 32767;0
1069 NONE -21062;25100 0;32767
1070 NONE -21062;25100 0;32767
1071 NONE -21062;25100 0;32767
1072 NONE -21062;25100 0;32767
1073 NONE -21062;25100 0;32767
1074 NONE -21062;25100 0;32767
1075 NONE -21062;25100 0;32767
1076 NONE -21062;25100 0;32767
1077 NONE -21062;25100 0;32767
1078 NONE -21062;25100 0;32767
1079 KEY_DLEFT -21062;25100 0;0
1080 KEY_DLEFT -21062;25100 0;0
1081 KEY_DLEFT -21062;25100 0;0
1082 KEY_DLEFT -21062;25100 0;0
1083 KEY_DLEFT -21062;25100 0;0
1084 KEY_DLEFT -21062;25100 0;0
1085 KEY_DLEFT -21062;25100 0;0
1086 KEY_DLEFT -21062;25100 0;0
1087 KEY_DLEFT;KEY_ZL 0;0 0;0
1088 KEY_ZL;KEY_Y 0;0 0;0
1145 NONE -18794;-26841 0;-32767
1146 NONE -18794;-26841 0;-32767
1147 NONE -18794;-26841 0;-32767
1148 NONE -18794;-26841 0;-32767
1149 NONE -18794;-26841 0;-32767
1150 NONE -18794;-26841 0;-32767
1151 NONE 0;0 0;-32767
1152 NONE 0;0 0;-32767
1153 NONE 0;0 0;-32767
1154 NONE 0;0 0;-32767
1155 NONE 0;0 0;-32767
1156 NONE 0;0 0;-32767
1157 NONE 0;0 0;-32767
1158 NONE 0;0 0;-32767
1159 NONE 0;0 0;-32767
1160 NONE 0;0 0;-32767
1161 NONE 0;0 0;-32767
1162 NONE 0;0 0;-32767
1163 NONE 0;0 0;-32767
1164 NONE 0;0 0;-32767
1165 NONE 0;0 0;-32767
1166 NONE 0;0 0;-32767
1167 NONE 0;0 0;-32767
1168 NONE 0;0 0;-32767
1169 NONE 0;0 0;-32767
1170 NONE 0;0 0;-32767
1171 NONE 0;0 0;-32767
1172 NONE 0;0 0;-32767
1173 KEY_L 0;0 0;-32767
1174 NONE 0;0 0;-32767
1175 NONE 0;0 0;-32767
1176 NONE 0;0 0;-32767
1177 NONE 0;0 0;-32767
1178 NONE 0;0 0;-32767
1179 NONE 0;0 0;-32767
1180 NONE 0;0 0;-32767
1181 NONE 0;0 0;-32767
1182 NONE 0;0 0;-32767
1183 NONE 0;0 0;-32767
1184 NONE 0;0 0;-32767
1185 NONE 0;0 0;-32767
1186 NONE 0;0 0;-32767
1187 NONE 0;0 0;-32767
1188 NONE 0;0 0;-32767
1189 NONE 0;0 0;-32767
1190 NONE 0;0 0;-32767
1191 NONE 0;0 0;-32767
1192 NONE 0;0 0;-32767
1193 NONE 0;0 0;-32767
1194 NONE 0;0 0;-32767
1195 NONE 0;0 0;-32767
1196 NONE 0;0 0;-32767
1197 NONE 0;0 0;-32767
1198 NONE 0;0 0;-32767
1199 KEY_L 0;0 0;-32767
1200 NONE 0;0 0;-32767
1201 NONE 0;0 0;-32767
1202 NONE 0;0 0;-32767
1203 NONE 0;0 0;-32767
1204 NONE 0;0 0;-32767
1205 NONE 0;0 0;-32767
1206 NONE 0;0 0;-32767
1207 NONE 0;0 0;-32767
1208 NONE 0;0 0;-32767
1209 NONE 0;0 0;-32767
1210 NONE 0;0 0;-32767
1211 NONE 0;0 0;-32767
1212 NONE 0;0 0;-32767
1213 NONE 0;0 0;-32767
1214 NONE 0;0 0;-32767
1215 NONE 0;0 0;-32767
1216 NONE 0;0 0;-32767
1217 NONE 0;0 0;-32767
1218 NONE 0;0 0;-32767
1219 NONE 0;0 0;-32767
1220 NONE 0;-32767 0;-32767
1221 NONE 0;-32767 0;-32767
1222 NONE 0;-32767 0;-32767
1223 NONE 0;-32767 0;-32767
1224 NONE 0;-32767 0;-32767
1225 NONE 0;-32767 0;-32767
1226 NONE 0;-32767 0;-32767
1227 NONE 0;-32767 0;-32767
1228 NONE 0;-32767 0;-32767
1229 NONE 0;-32767 0;-32767
1230 NONE 0;-32767 0;-32767
1231 NONE 0;-32767 0;-32767
1232 KEY_DUP 0;0 0;-32767
1233 KEY_DUP 0;0 0;-32767
1234 KEY_DUP 0;0 0;-32767
1235 KEY_DUP 0;0 0;-32767
1236 KEY_DUP 0;0 0;-32767
1237 KEY_DUP 0;0 0;-32767
1238 KEY_DUP 0;0 0;-32767
1239 KEY_DUP 0;0 0;-32767
1240 KEY_DUP 0;0 0;-32767
1241 KEY_DUP 0;0 0;-32767
1242 KEY_DUP 0;0 0;-32767
1243 KEY_DUP 0;0 0;-32767
1244 KEY_DUP 0;0 0;-32767
1245 KEY_DUP 0;0 0;-32767
1246 KEY_DUP 0;0 0;-32767
1247 KEY_DUP 0;0 0;-32767
1248 KEY_DUP 0;0 0;-32767
1249 KEY_DUP 0;0 0;-32767
1250 KEY_DUP 0;0 0;-32767
1251 KEY_DUP 0;0 0;-32767
1252 KEY_L 0;0 0;-32767
1305 KEY_L 0;0 0;-32767
1306 NONE 0;0 0;-32767
1307 NONE 0;0 0;-32767
1308 NONE 0;0 0;-32767
1309 NONE 0;0 0;-32767
1310 NONE 0;0 0;-32767
1311 NONE 0;0 0;-32767
1312 NONE 0;0 0;-32767
1313 NONE 0;0 0;-32767
1314 NONE 0;0 0;-32767
1315 NONE 0;0 0;-32767
1316 NONE 0;0 0;-32767
1317 NONE 0;0 0;-32767
1318 NONE 0;0 0;-32767
1319 NONE 0;0 0;-32767
1320 NONE 0;0 0;-32767
1321 NONE 0;0 0;-32767
1322 NONE 0;0 0;-32767
1323 NONE 0;0 0;-32767
1324 NONE 0;0 0;-32767
1325 NONE 0;0 0;-32767
1326 NONE 0;-32767 0;-32767
1327 NONE 0;-32767 0;-32767
1328 NONE 0;-32767 0;-32767
1329 NONE 0;-32767 0;-32767
1330 NONE 0;-32767 0;-32767
1331 NONE 0;-32767 0;-32767
1332 NONE 0;-32767 0;-32767
1333 NONE 0;-32767 0;-32767
1334 NONE 0;-32767 0;-32767
1335 NONE 0;-32767 0;-32767
1336 NONE 0;-32767 0;-32767
1337 NONE 0;-32767 0;-32767
1338 KEY_DUP 0;0 0;-32767
1339 KEY_DUP 0;0 0;-32767
1340 KEY_DUP 0;0 0;-32767
1341 KEY_DUP 0;0 0;-32767
1342 KEY_DUP 0;0 0;-32767
1343 KEY_DUP 0;0 0;-32767
1344 KEY_DUP 0;0 0;-32767
1345 KEY_DUP 0;0 0;-32767
1346 KEY_DUP 0;0 0;-32767
1347 KEY_DUP 0;0 0;-32767
1348 KEY_DUP 0;0 0;-32767
1349 KEY_DUP 0;0 0;-32767
1350 KEY_DUP 0;0 0;-32767
1351 KEY_DUP 0;0 0;-32767
1352 KEY_DUP 0;0 0;-32767
1353 KEY_DUP 0;0 0;-32767
1354 KEY_DUP 0;0 0;-32767
1355 KEY_DUP 0;0 0;-32767
1356 KEY_DUP 0;0 0;-32767
1357 KEY_DUP 0;0 0;-32767
1358 KEY_L 0;0 0;-32767
1359 NONE 0;0 0;-32767
1360 NONE 0;0 0;-32767
1361 NONE 0;0 0;-32767
1362 NONE 0;0 0;-32767
1363 NONE 0;0 0;-32767
1364 NONE 0;0 0;-32767
1365 NONE 0;0 0;-32767
1366 NONE 0;0 0;-32767
1367 NONE 0;0 0;-32767
1368 NONE 0;0 0;-32767
1369 NONE 0;0 0;-32767
1370 NONE 0;0 0;-32767
1371 NONE 0;0 0;-32767
1372 NONE 0;0 0;-32767
1373 NONE 0;0 0;-32767
1374 NONE 0;0 0;-32767
1375 NONE 0;0 0;-32767
1376 NONE 0;0 0;-32767
1377 NONE 0;0 0;-32767
1378 NONE 0;0 0;-32767
1379 NONE 0;0 0;-32767
1380 NONE 0;0 0;-32767
1381 NONE 0;0 0;-32767
1382 NONE 0;0 0;-32767
1383 NONE 0;0 0;-32767
1384 NONE 0;0 0;-32767
1385 NONE 0;0 0;-32767
1386 NONE 0;0 0;-32767
1387 NONE 0;0 0;-32767
1388 NONE 0;0 0;-32767
1389 NONE 0;0 0;-32767
1390 NONE 0;0 0;-32767
1391 NONE 0;0 0;-32767
1392 NONE 0;0 0;-32767
1393 NONE 0;0 0;-32767
1394 NONE 0;0 0;-32767
1395 NONE 0;0 0;-32767
1396 NONE 0;0 0;-32767
1397 NONE 0;0 0;-32767
1398 NONE 0;0 0;-32767
1399 NONE 0;0 0;-32767
1400 NONE 0;0 0;-32767
1401 NONE 0;0 0;-32767
1402 NONE 0;0 0;-32767
1403 NONE 0;0 0;-32767
1404 NONE 0;0 0;-32767
1405 NONE 0;0 0;-32767
1406 NONE 0;0 0;-32767
1407 NONE 0;0 0;-32767
1408 NONE 0;0 0;-32767
1409 NONE 0;0 0;-32767
1410 NONE 0;0 0;-32767
1411 NONE 0;0 0;-32767
1412 NONE 0;0 0;-32767
1413 NONE 0;0 0;-32767
1414 NONE 0;0 0;-32767
1415 NONE 0;0 0;-32767
1416 NONE 0;0 0;-32767
1417 KEY_L 0;0 0;-32767
1418 NONE 0;0 0;-32767
1419 NONE -30790;11206 0;-32767
1420 NONE -30790;11206 0;-32767
1421 NONE -30790;11206 0;-32767
1422 NONE -30790;11206 0;-32767
1423 NONE -30790;11206 0;-32767
1424 NONE -30790;11206 0;-32767
1425 NONE -30790;11206 0;-32767
1426 NONE -30790;11206 0;-32767
1427 NONE -30790;11206 0;-32767
1428 NONE -30790;11206 0;-32767
1429 NONE -30790;11206 0;-32767
1430 NONE -30790;11206 0;-32767
1431 NONE -30790;11206 0;-32767
1432 NONE -30790;11206 0;-32767
1433 NONE -30790;11206 0;-32767
1434 NONE -30790;11206 0;-32767
1435 NONE -30790;11206 0;-32767
1436 NONE -30790;11206 0;-32767
1437 NONE -32765;285 0;-32767
1438 NONE -32765;285 0;-32767
1439 NONE -32765;285 0;-32767
1440 NONE -32765;285 0;-32767
1441 NONE 0;0 0;-32767
1442 NONE 0;0 0;-32767
1443 NONE 0;0 0;-32767
1444 NONE 32767;0 0;-32767
1445 KEY_ZL 32269;-5689 0;0
1446 KEY_ZL;KEY_Y 0;0 0;0
