1 NONE -32767;0 0;0
2 NONE -32767;0 0;0
3 NONE -32767;0 0;0
4 NONE -32767;0 0;0
5 NONE -32767;0 0;0
6 NONE -32767;0 0;0
7 NONE -32767;0 0;0
8 NONE -32767;0 0;0
9 NONE -32767;0 0;0
10 NONE -32767;0 0;0
11 KEY_ZL 0;0 0;0
12 KEY_ZL;KEY_L 0;0 0;0
154 NONE 0;0 32767;0
155 NONE 0;0 32767;0
156 NONE 0;0 32767;0
157 NONE 0;0 32767;0
158 NONE 0;0 32767;0
159 NONE 0;0 32767;0
160 NONE 0;0 32767;0
161 NONE 0;0 32767;0
162 NONE 0;0 32767;0
163 NONE 0;0 32767;0
164 NONE 0;0 32767;0
165 NONE 0;0 32767;0
166 NONE 0;0 32767;0
167 NONE 0;0 32767;0
168 NONE 0;0 32767;0
169 NONE 0;0 32767;0
170 NONE 0;0 32767;0
171 NONE 0;0 32767;0
172 NONE 0;0 32767;0
173 NONE 0;0 32767;0
174 NONE 0;0 32767;0
175 NONE 0;0 32767;0
176 NONE 0;0 32767;0
177 NONE 0;0 32767;0
178 NONE 0;0 32767;0
179 NONE 0;0 32767;0
180 NONE 0;0 32767;0
181 NONE 0;0 32767;0
182 NONE 0;0 32767;0
183 NONE 0;0 32767;0
184 NONE 0;0 32767;0
185 NONE 0;0 32767;0
186 NONE 0;0 32767;0
187 NONE 0;0 32767;0
188 NONE 0;0 32767;0
189 NONE 0;0 32767;0
190 NONE 0;0 32767;0
191 NONE 0;0 32767;0
192 NONE 0;0 32767;0
193 NONE 0;0 32767;0
194 NONE 0;0 32767;0
195 NONE 0;0 32767;0
196 NONE 0;0 32767;0
197 NONE 0;0 32767;0
198 NONE 0;0 32767;0
199 NONE 0;0 32767;0
200 NONE 0;0 32767;0
201 NONE 0;0 32767;0
202 NONE 0;0 32767;0
203 NONE 0;0 32767;0
204 NONE 0;0 32767;0
205 KEY_ZL 0;0 0;0
206 KEY_ZL 0;0 0;0
207 KEY_ZL 0;0 0;0
208 KEY_ZL 0;0 0;0
209 KEY_ZL 0;0 0;0
210 KEY_ZL 0;0 0;0
211 KEY_ZL 0;0 0;0
212 KEY_ZL 0;0 0;0
213 KEY_ZL;KEY_A 0;0 0;0
214 NONE 0;-32767 0;0
215 NONE 0;-32767 0;0
216 NONE 0;-32767 0;0
217 NONE 0;-32767 0;0
218 NONE 0;-32767 0;0
219 NONE 0;-32767 0;0
220 NONE 0;-32767 0;0
221 NONE 0;-32767 0;0
222 NONE 0;-32767 0;0
223 NONE 0;-32767 0;0
224 KEY_DUP 0;-32767 0;0
225 NONE 2855;-32642 0;0
226 NONE 2855;-32642 0;0
227 NONE 2855;-32642 0;0
228 NONE 2855;-32642 0;0
229 NONE 2855;-32642 0;0
230 NONE 2855;-32642 0;0
231 NONE 2855;-32642 0;0
232 NONE 2855;-32642 0;0
233 KEY_ZL 2855;-32642 0;0
234 KEY_ZL;KEY_Y 0;0 0;0
235 KEY_Y 0;0 0;0
236 KEY_Y 0;0 0;0
237 KEY_Y 0;0 0;0
238 KEY_Y 0;0 0;0
239 KEY_Y 0;0 0;0
240 KEY_Y 0;0 0;0
241 KEY_Y 0;0 0;0
242 KEY_Y 0;0 0;0
243 KEY_Y 0;0 0;0
244 KEY_Y 0;0 0;0
245 KEY_Y 0;0 0;0
246 KEY_Y 0;0 0;0
247 KEY_Y 0;0 0;0
248 KEY_Y 0;0 0;0
249 KEY_Y 0;0 0;0
250 NONE 0;-32767 0;0
251 NONE 0;-32767 0;0
252 NONE 0;-32767 0;0
253 NONE 0;-32767 0;0
254 NONE 0;-32767 0;0
255 NONE 0;-32767 0;0
256 NONE 0;-32767 0;0
263 NONE 32767;0 0;0
264 NONE 32767;0 0;0
265 KEY_L 32767;0 0;0
266 NONE 12539;30272 0;0
267 NONE 32767;0 0;0
268 NONE 32767;0 0;0
269 NONE 32767;0 0;0
270 NONE 32767;0 0;0
271 NONE 32767;0 0;0
272 NONE 32767;0 0;0
273 KEY_ZL 0;0 0;0
274 KEY_ZL;KEY_Y 0;0 0;0
275 KEY_ZL;KEY_Y 0;0 0;0
276 KEY_ZL;KEY_Y 0;0 0;0
277 KEY_ZL;KEY_Y 0;0 0;0
278 KEY_ZL;KEY_Y 0;0 0;0
279 KEY_ZL;KEY_Y 0;0 0;0
280 KEY_ZL;KEY_Y 0;0 0;0
281 KEY_ZL;KEY_Y 0;0 0;0
282 KEY_ZL;KEY_Y 0;0 0;0
283 KEY_ZL;KEY_Y 0;0 0;0
284 KEY_ZL;KEY_Y 0;0 0;0
285 KEY_ZL;KEY_Y 0;0 0;0
286 KEY_ZL;KEY_Y -16383;28377 0;0
287 KEY_ZL;KEY_Y -16383;28377 0;0
288 KEY_ZL;KEY_Y -16383;28377 0;0
289 KEY_ZL;KEY_Y -16383;28377 0;0
290 KEY_ZL;KEY_Y -16383;28377 0;0
291 KEY_ZL;KEY_Y -16383;28377 0;0
292 KEY_ZL;KEY_Y 21062;25100 0;0
293 KEY_ZL;KEY_X 21062;25100 0;0
294 KEY_ZL;KEY_X 21062;25100 0;0
295 KEY_ZL;KEY_X 21062;25100 0;0
296 KEY_X -22347;23964 0;0
297 NONE -22347;23964 0;0
298 NONE -22898;23437 0;0
299 NONE -23437;22898 0;0
300 NONE -23964;22347 0;0
301 NONE -24350;21925 0;0
302 NONE -24350;21925 0;0
303 NONE -24350;21925 0;0
304 NONE -24350;21925 0;0
305 NONE -24350;21925 0;0
306 NONE -24350;21925 0;0
307 NONE -24350;21925 0;0
308 NONE -24350;21925 0;0
309 NONE -24350;21925 0;0
310 NONE -24350;21925 0;0
311 NONE -24350;21925 0;0
312 NONE -24350;21925 0;0
313 NONE -24350;21925 0;0
314 NONE -24350;21925 0;0
315 NONE -24350;21925 0;0
316 NONE -24350;21925 0;0
317 NONE -24350;21925 0;0
318 NONE -24350;21925 0;0
319 NONE -24350;21925 0;0
320 NONE -24350;21925 0;0
321 NONE -24787;21430 0;0
322 NONE -25213;20927 0;0
323 NONE -25630;20415 0;0
324 NONE -26035;19894 0;0
325 NONE -26431;19366 0;0
326 NONE -26815;18830 0;0
327 NONE -27189;18286 0;0
328 NONE -27552;17735 0;0
329 NONE -27903;17176 0;0
330 NONE -28244;16611 0;0
331 NONE -28572;16039 0;0
332 NONE -28890;15460 0;0
333 NONE -29195;14875 0;0
334 NONE -29195;14875 0;0
335 NONE -29195;14875 0;0
336 NONE -29195;14875 0;0
337 NONE -29195;14875 0;0
338 NONE -29195;14875 0;0
339 NONE -29195;14875 0;0
340 NONE -29195;14875 0;0
341 NONE -29195;14875 0;0
342 NONE -29195;14875 0;0
343 NONE -29195;14875 0;0
344 NONE -29195;14875 0;0
345 NONE -29195;14875 0;0
346 NONE -29195;14875 0;0
347 NONE -29195;14875 0;0
348 KEY_L -29195;14875 0;0
349 NONE 16630;28233 0;0
350 NONE -24916;21280 0;0
351 NONE -24916;21280 0;0
352 NONE -24916;21280 0;0
353 NONE -24916;21280 0;0
354 NONE -24916;21280 0;0
355 NONE -24916;21280 0;0
358 KEY_ZL 0;0 0;0
359 KEY_ZL;KEY_Y 0;0 0;0
360 KEY_Y 0;0 0;0
361 KEY_Y 0;0 0;0
362 KEY_Y 0;0 0;0
363 KEY_Y 0;0 0;0
364 KEY_Y 0;0 0;0
365 KEY_Y 0;0 0;0
366 KEY_Y 0;0 0;0
367 KEY_Y 0;0 0;0
368 KEY_Y 0;0 0;0
369 KEY_Y 0;0 0;0
370 KEY_Y 0;0 0;0
371 KEY_Y 0;0 0;0
372 KEY_Y 0;0 0;0
373 KEY_Y 0;0 0;0
374 KEY_Y 0;0 0;0
375 KEY_Y 0;0 0;0
376 KEY_Y 0;0 0;0
377 KEY_Y 0;0 0;0
378 KEY_Y 0;0 0;0
379 KEY_Y 0;0 0;0
380 KEY_Y 0;0 0;0
381 KEY_Y 0;0 0;0
382 KEY_Y 0;0 0;0
383 KEY_Y 0;0 0;0
384 KEY_Y 0;0 0;0
385 KEY_Y 0;0 0;0
386 KEY_Y 0;0 0;0
387 KEY_Y 0;0 0;0
388 KEY_Y -28233;16630 0;0
389 NONE -28233;16630 0;0
390 NONE -28233;16630 0;0
391 NONE -28233;16630 0;0
392 NONE -28233;16630 0;0
393 NONE -28233;16630 0;0
394 NONE -28233;16630 0;0
395 NONE -28233;16630 0;0
396 NONE -28233;16630 0;0
397 NONE -28233;16630 0;0
398 NONE -28233;16630 0;0
399 NONE -28233;16630 0;0
400 NONE -28233;16630 0;0
401 NONE -28233;16630 0;0
402 NONE -28233;16630 0;0
403 NONE -28233;16630 0;0
404 NONE -28233;16630 0;0
405 NONE -28233;16630 0;0
406 NONE -28233;16630 0;0
407 NONE -28233;16630 0;0
408 NONE -28233;16630 0;0
409 NONE -28233;16630 0;0
410 NONE -28233;16630 0;0
411 NONE -28233;16630 0;0
412 NONE -28233;16630 0;0
413 NONE -28233;16630 0;0
414 NONE -28233;16630 0;0
415 NONE -28233;16630 0;0
416 NONE -28233;16630 0;0
417 NONE -28233;16630 0;0
418 NONE -28233;16630 0;0
419 NONE -28233;16630 0;0
420 NONE -28233;16630 0;0
421 NONE -28233;16630 0;0
422 NONE -28233;16630 0;0
423 NONE -28233;16630 0;0
424 NONE -28233;16630 0;0
425 NONE -28233;16630 0;0
426 NONE -28233;16630 0;0
427 NONE -28233;16630 0;0
428 NONE -28233;16630 0;0
429 NONE -28233;16630 0;0
430 NONE -28233;16630 0;0
431 NONE -28233;16630 0;0
432 NONE -28233;16630 0;0
433 NONE -28233;16630 0;0
434 NONE -28233;16630 0;0
435 NONE -28233;16630 0;0
436 NONE -28233;16630 0;0
437 NONE -28233;16630 0;0
438 NONE -28233;16630 0;0
439 NONE -28233;16630 0;0
440 NONE -28233;16630 0;0
441 NONE -28233;16630 0;0
442 NONE -28233;16630 0;0
443 NONE -28233;16630 0;0
444 NONE -28233;16630 0;0
445 NONE -28233;16630 0;0
446 NONE -28233;16630 0;0
447 NONE -28233;16630 0;0
448 NONE -28233;16630 0;0
449 NONE -28233;16630 0;0
450 NONE -28233;16630 0;0
451 KEY_L -28233;16630 0;0
452 NONE 10505;31037 0;0
453 NONE 10505;31037 0;0
454 NONE 10505;31037 0;0
455 NONE 10505;31037 0;0
456 NONE 10505;31037 0;0
457 NONE 10505;31037 0;0
458 NONE 10505;31037 0;0
459 KEY_ZL 0;0 0;0
460 KEY_ZL;KEY_Y 0;0 0;0
461 KEY_Y 0;0 0;0
462 KEY_Y 0;0 0;0
463 KEY_Y 0;0 0;0
464 KEY_Y 0;0 0;0
465 KEY_Y 0;0 0;0
466 KEY_Y 0;0 0;0
467 KEY_Y 0;0 0;0
468 KEY_Y 0;0 0;0
469 KEY_Y 0;0 0;0
470 KEY_Y 0;0 0;0
471 KEY_Y 0;0 0;0
472 KEY_Y 0;0 0;0
473 KEY_Y 0;0 0;0
474 KEY_Y 0;0 0;0
475 KEY_Y 0;0 0;0
476 KEY_Y 0;0 0;0
477 KEY_Y 0;0 0;0
478 KEY_Y 0;0 0;0
479 KEY_Y 0;0 0;0
480 KEY_Y 0;0 0;0
481 KEY_Y 0;0 0;0
482 KEY_Y 0;0 0;0
483 KEY_Y 0;0 0;0
484 KEY_Y 0;0 0;0
485 KEY_Y 0;0 0;0
486 KEY_Y 0;0 0;0
487 KEY_Y 0;0 0;0
488 KEY_Y -30003;13170 0;0
489 NONE -30003;13170 0;0
490 NONE -30003;13170 0;0
491 NONE -30003;13170 0;0
492 NONE -30003;13170 0;0
493 NONE -30003;13170 0;0
494 NONE -30003;13170 0;0
495 NONE -30003;13170 0;0
496 NONE -30003;13170 0;0
497 NONE -30003;13170 0;0
498 NONE -30003;13170 0;0
499 NONE -30003;13170 0;0
500 NONE -30003;13170 0;0
501 NONE -30003;13170 0;0
502 NONE -30003;13170 0;0
503 NONE -30003;13170 0;0
504 NONE -30003;13170 0;0
505 NONE -30003;13170 0;0
506 NONE -30003;13170 0;0
507 NONE -30003;13170 0;0
508 NONE -30003;13170 0;0
509 NONE -30003;13170 0;0
510 NONE -30003;13170 0;0
511 NONE -30003;13170 0;0
512 NONE -30003;13170 0;0
513 NONE -30003;13170 0;0
514 NONE -30003;13170 0;0
515 NONE -30003;13170 0;0
516 NONE -30003;13170 0;0
517 NONE -30003;13170 0;0
518 NONE -30003;13170 0;0
519 NONE -30003;13170 0;0
520 NONE -30003;13170 0;0
521 NONE -30003;13170 0;0
522 NONE -30003;13170 0;0
523 NONE -30003;13170 0;0
524 NONE -30003;13170 0;0
525 NONE -30003;13170 0;0
526 NONE 32767;0 0;0
527 NONE 32767;0 0;0
528 KEY_ZL 32767;0 0;0
529 KEY_ZL;KEY_Y -30790;-11206 0;0
530 KEY_ZL 0;0 0;0
531 KEY_ZL 0;0 0;0
532 KEY_ZL 0;0 0;0
533 KEY_ZL 0;0 0;0
534 KEY_ZL 0;0 0;0
535 KEY_ZL 0;0 0;0
536 KEY_ZL 0;0 0;0
537 KEY_ZL 0;0 0;0
538 KEY_ZL 0;0 0;0
539 KEY_ZL 0;0 0;0
540 KEY_ZL 0;0 0;0
541 KEY_ZL 0;0 0;0
542 KEY_ZL 0;0 0;0
543 KEY_ZL 0;0 0;0
544 KEY_ZL 0;0 0;0
545 KEY_ZL 0;0 0;0
546 KEY_ZL 0;0 0;0
547 KEY_ZL 0;0 0;0
548 KEY_ZL 0;0 0;0
549 KEY_ZL 0;0 0;0
550 KEY_ZL 0;0 0;0
551 KEY_ZL 0;0 0;0
552 KEY_ZL 0;0 0;0
553 KEY_ZL 0;0 0;0
554 KEY_ZL 0;0 0;0
555 KEY_ZL 0;0 0;0
556 KEY_ZL 0;0 0;0
557 KEY_ZL 0;0 0;0
558 KEY_ZL 0;0 0;0
559 KEY_ZL 32767;0 0;0
560 KEY_ZL -16383;28377 0;0
561 KEY_ZL -16383;-28377 0;0
562 KEY_ZL 32767;0 0;0
563 KEY_ZL -16383;28377 0;0
564 KEY_ZL -16383;-28377 0;0
565 KEY_ZL 32767;0 0;0
566 KEY_ZL -16383;28377 0;0
567 KEY_ZL -16383;-28377 0;0
568 KEY_ZL 32767;0 0;0
569 KEY_ZL -16383;28377 0;0
570 KEY_ZL -16383;-28377 0;0
571 KEY_ZL 32767;0 0;0
572 KEY_ZL -16383;28377 0;0
573 KEY_ZL -16383;-28377 0;0
574 KEY_ZL 32767;0 0;0
575 KEY_ZL -16383;28377 0;0
576 KEY_ZL -16383;-28377 0;0
577 KEY_ZL 32767;0 0;0
578 KEY_ZL -16383;28377 0;0
579 KEY_ZL -16383;-28377 0;0
580 NONE 32767;0 0;0
581 NONE -16383;28377 0;0
582 NONE -16383;-28377 0;0
583 NONE 32767;0 0;0
584 NONE -16383;28377 0;0
585 NONE -16383;-28377 0;0
586 NONE 32767;0 0;0
587 NONE -16383;28377 0;0
588 NONE -16383;-28377 0;0
589 NONE 32767;0 0;0
590 NONE -16383;28377 0;0
591 NONE -16383;-28377 0;0
592 NONE 32767;0 0;0
593 KEY_A 15885;28658 0;0
594 KEY_ZL 15885;28658 0;0
595 KEY_ZL 15885;28658 0;0
596 KEY_ZL 15885;28658 0;0
597 KEY_ZL 15885;28658 0;0
598 KEY_ZL 15885;28658 0;0
599 KEY_ZL 15885;28658 0;0
600 KEY_ZL;KEY_Y 15885;28658 0;0
601 KEY_ZL 0;0 0;0
602 KEY_ZL 0;0 0;0
603 KEY_L;KEY_A 0;0 0;0
604 KEY_R 0;0 0;0
615 NONE 0;32767 0;0
616 NONE 0;32767 0;0
617 NONE 0;32767 0;0
618 NONE 0;32767 0;0
619 NONE 0;32767 0;0
620 NONE 0;32767 0;0
621 NONE 0;32767 0;0
622 NONE 0;32767 0;0
623 NONE 0;32767 0;0
624 NONE 0;32767 0;0
625 KEY_ZL 0;32767 0;0
626 KEY_ZL;KEY_Y 0;0 0;0
627 KEY_Y 0;0 0;0
628 KEY_Y 0;0 0;0
629 KEY_Y 0;0 0;0
630 KEY_Y 0;0 0;0
631 KEY_Y 0;0 0;0
632 KEY_Y 0;0 0;0
633 KEY_Y 0;0 0;0
634 KEY_Y 0;0 0;0
635 KEY_Y 0;0 0;0
636 KEY_Y 0;0 0;0
637 KEY_Y 0;0 0;0
638 KEY_Y 0;0 0;0
639 KEY_Y 0;0 0;0
640 KEY_Y 0;0 0;0
641 NONE 16383;-28377 0;0
642 KEY_ZL 2855;-32642 0;0
643 KEY_ZL;KEY_Y -11206;-30790 0;0
