0 NONE 0;0 0;0
1 KEY_A 0;0 0;0
2 KEY_B 0;0 0;0
3 KEY_A 0;0 0;0
4 KEY_B 0;0 0;0
5 KEY_A 0;0 0;0
6 KEY_B 0;0 0;0
7 KEY_A 0;0 0;0
8 KEY_B 0;0 0;0
9 KEY_A 0;0 0;0
10 KEY_B 0;0 0;0
11 KEY_A 0;0 0;0
12 KEY_B 0;0 0;0
13 KEY_A 0;0 0;0
14 KEY_B 0;0 0;0
15 KEY_A 0;0 0;0
16 KEY_B 0;0 0;0
17 KEY_A 0;0 0;0
18 KEY_B 0;0 0;0
19 KEY_A 0;0 0;0
20 KEY_B 0;0 0;0
21 KEY_A 0;0 0;0
22 KEY_B 0;0 0;0
23 KEY_A 0;0 0;0
24 KEY_B 0;0 0;0
25 KEY_A 0;0 0;0
26 KEY_B 0;0 0;0
27 KEY_A 0;0 0;0
28 KEY_B 0;0 0;0
29 KEY_A 0;0 0;0
30 KEY_B 0;0 0;0
31 KEY_A 0;0 0;0
32 KEY_B 0;0 0;0
33 KEY_A 0;0 0;0
34 KEY_B 0;0 0;0
35 KEY_A 0;0 0;0
36 KEY_B 0;0 0;0
37 KEY_A 0;0 0;0
38 KEY_B 0;0 0;0
39 KEY_A 0;0 0;0
40 KEY_B 0;0 0;0
41 KEY_A 0;0 0;0
42 KEY_B 0;0 0;0
43 KEY_A 0;0 0;0
44 KEY_B 0;0 0;0
45 KEY_A 0;0 0;0
46 KEY_B 0;0 0;0
47 KEY_A 0;0 0;0
48 KEY_B 0;0 0;0
49 KEY_A 0;0 0;0
50 KEY_B 0;0 0;0
51 KEY_A 0;0 0;0
52 KEY_B 0;0 0;0
53 KEY_A 0;0 0;0
54 KEY_B 0;0 0;0
55 KEY_A 0;0 0;0
56 KEY_B 0;0 0;0
57 KEY_A 0;0 0;0
58 KEY_B 0;0 0;0
59 KEY_A 0;0 0;0
60 KEY_B 0;0 0;0
61 KEY_A 0;0 0;0
62 KEY_B 0;0 0;0
63 KEY_A 0;0 0;0
64 KEY_B 0;0 0;0
65 KEY_A 0;0 0;0
66 KEY_B 0;0 0;0
67 KEY_A 0;0 0;0
68 KEY_B 0;0 0;0
69 KEY_A 0;0 0;0
70 KEY_B 0;0 0;0
71 KEY_A 0;0 0;0
72 KEY_B 0;0 0;0
73 KEY_A 0;0 0;0
74 KEY_B 0;0 0;0
75 KEY_A 0;0 0;0
76 KEY_B 0;0 0;0
77 KEY_A 0;0 0;0
78 KEY_B 0;0 0;0
79 KEY_A 0;0 0;0
80 KEY_B 0;0 0;0
81 KEY_A 0;0 0;0
82 KEY_B 0;0 0;0
83 KEY_A 0;0 0;0
84 KEY_B 0;0 0;0
85 KEY_A 0;0 0;0
86 KEY_B 0;0 0;0
87 KEY_A 0;0 0;0
88 KEY_B 0;0 0;0
89 KEY_A 0;0 0;0
90 KEY_B 0;0 0;0
91 KEY_A 0;0 0;0
92 KEY_B 0;0 0;0
93 KEY_A 0;0 0;0
94 KEY_B 0;0 0;0
95 KEY_A 0;0 0;0
96 KEY_B 0;0 0;0
97 KEY_A 0;0 0;0
98 KEY_B 0;0 0;0
99 KEY_A 0;0 0;0
100 KEY_B 0;0 0;0
101 KEY_A 0;0 0;0
102 KEY_B 0;0 0;0
103 KEY_A 0;0 0;0
104 KEY_B 0;0 0;0
105 KEY_A 0;0 0;0
106 KEY_B 0;0 0;0
107 KEY_A 0;0 0;0
108 KEY_B 0;0 0;0
109 KEY_A 0;0 0;0
110 KEY_B 0;0 0;0
111 KEY_A 0;0 0;0
112 KEY_B 0;0 0;0
113 KEY_A 0;0 0;0
114 KEY_B 0;0 0;0
115 KEY_A 0;0 0;0
116 KEY_B 0;0 0;0
117 KEY_A 0;0 0;0
118 KEY_B 0;0 0;0
119 KEY_A 0;0 0;0
120 KEY_B 0;0 0;0
121 KEY_A 0;0 0;0
122 KEY_B 0;0 0;0
123 KEY_A 0;0 0;0
124 KEY_B 0;0 0;0
125 KEY_A 0;0 0;0
126 KEY_B 0;0 0;0
127 KEY_A 0;0 0;0
128 KEY_B 0;0 0;0
129 KEY_A 0;0 0;0
130 KEY_B 0;0 0;0
131 KEY_A 0;0 0;0
132 KEY_B 0;0 0;0
133 KEY_A 0;0 0;0
134 KEY_B 0;0 0;0
135 KEY_A 0;0 0;0
136 KEY_B 0;0 0;0
137 KEY_A 0;0 0;0
138 KEY_B 0;0 0;0
139 KEY_A 0;0 0;0
140 KEY_B 0;0 0;0
141 KEY_A 0;0 0;0
142 KEY_B 0;0 0;0
143 NONE 0;32000 0;0
144 NONE -28377;-16383 0;0
145 NONE 28377;-16383 0;0
146 NONE 0;32000 0;0
147 NONE -28377;-16383 0;0
148 NONE 28377;-16383 0;0
149 NONE 0;32000 0;0
150 NONE -28377;-16383 0;0
151 NONE 28377;-16383 0;0
152 NONE 0;32000 0;0
153 NONE -28377;-16383 0;0
154 NONE 28377;-16383 0;0
155 NONE 0;32000 0;0
156 NONE -28377;-16383 0;0
157 NONE 28377;-16383 0;0
158 NONE 0;32000 0;0
159 NONE -28377;-16383 0;0
160 NONE 28377;-16383 0;0
161 NONE 0;32000 0;0
162 NONE -28377;-16383 0;0
163 NONE 28377;-16383 0;0
164 NONE 0;32000 0;0
165 NONE -28377;-16383 0;0
166 NONE 28377;-16383 0;0
167 NONE 0;32000 0;0
168 NONE -28377;-16383 0;0
169 NONE 28377;-16383 0;0
170 NONE 0;32000 0;0
171 NONE -28377;-16383 0;0
172 NONE 28377;-16383 0;0
173 NONE 0;32000 0;0
174 NONE -28377;-16383 0;0
175 NONE 28377;-16383 0;0
176 NONE 0;32000 0;0
177 NONE -28377;-16383 0;0
178 NONE 28377;-16383 0;0
179 NONE 0;32000 0;0
180 NONE -28377;-16383 0;0
181 NONE 28377;-16383 0;0
182 NONE 0;32000 0;0
183 NONE -28377;-16383 0;0
184 NONE 28377;-16383 0;0
185 NONE 0;32000 0;0
186 NONE -28377;-16383 0;0
187 NONE 28377;-16383 0;0
188 NONE 0;32000 0;0
189 NONE -28377;-16383 0;0
190 NONE 28377;-16383 0;0
191 NONE 0;32000 0;0
192 NONE -28377;-16383 0;0
193 NONE 28377;-16383 0;0
194 NONE 0;32000 0;0
195 NONE -28377;-16383 0;0
196 NONE 28377;-16383 0;0
197 NONE 0;32000 0;0
198 NONE -28377;-16383 0;0
199 NONE 28377;-16383 0;0
200 NONE 0;32000 0;0
201 NONE -28377;-16383 0;0
202 NONE 28377;-16383 0;0
203 NONE 0;32000 0;0
204 NONE -28377;-16383 0;0
205 NONE 28377;-16383 0;0
206 NONE 0;32000 0;0
207 NONE -28377;-16383 0;0
208 NONE 28377;-16383 0;0
209 NONE 0;32000 0;0
210 NONE -28377;-16383 0;0
211 NONE 28377;-16383 0;0
212 NONE 0;32000 0;0
213 NONE -28377;-16383 0;0
214 NONE 28377;-16383 0;0
215 NONE 0;32000 0;0
216 NONE -28377;-16383 0;0
217 NONE 28377;-16383 0;0
218 NONE 0;32000 0;0
219 NONE -28377;-16383 0;0
220 NONE 28377;-16383 0;0
221 NONE 0;32000 0;0
222 NONE -28377;-16383 0;0
223 NONE 28377;-16383 0;0
224 NONE 0;32000 0;0
225 NONE -28377;-16383 0;0
226 NONE 28377;-16383 0;0
227 NONE 0;32000 0;0
228 NONE -28377;-16383 0;0
229 NONE 28377;-16383 0;0
230 NONE 0;32000 0;0
231 NONE -28377;-16383 0;0
232 NONE 28377;-16383 0;0
233 NONE 0;32000 0;0
234 NONE -28377;-16383 0;0
235 NONE 28377;-16383 0;0
236 KEY_B 0;0 0;0
237 KEY_ZL -32579;3495 0;0
238 KEY_ZL -32579;3495 0;0
239 KEY_ZL -32579;3495 0;0
240 KEY_B -32579;3495 0;0
241 NONE -32579;3495 0;0
242 NONE -32579;3495 0;0
243 NONE -32579;3495 0;0
244 NONE -32579;3495 0;0
245 NONE -32579;3495 0;0
246 NONE -32579;3495 0;0
247 NONE -32579;3495 0;0
248 NONE -32579;3495 0;0
249 NONE -32579;3495 0;0
250 NONE -32579;3495 0;0
251 NONE -32579;3495 0;0
252 NONE -32579;3495 0;0
253 NONE -32579;3495 0;0
254 NONE -32579;3495 0;0
255 NONE -32579;3495 0;0
256 NONE -32579;3495 0;0
257 NONE -32579;3495 0;0
258 NONE -32579;3495 0;0
259 NONE -32579;3495 0;0
260 NONE -32000;7000 0;0
261 NONE -32000;7000 0;0
262 NONE -32000;7000 0;0
263 NONE -32000;7000 0;0
264 NONE -32000;7000 0;0
265 NONE -32000;7000 0;0
266 NONE -32000;7000 0;0
267 NONE -32000;7000 0;0
268 NONE -32000;7000 0;0
269 NONE -32000;7000 0;0
270 NONE -32000;7000 0;0
271 NONE -32000;7000 0;0
272 NONE -32000;7000 0;0
273 NONE -32000;7000 0;0
274 NONE -32000;7000 0;0
275 KEY_Y 32000;-7000 0;0
276 NONE 32000;-7000 0;0
277 NONE 32000;-7000 0;0
278 NONE 32000;-7000 0;0
279 NONE 32000;-7000 0;0
280 NONE 32000;-7000 0;0
281 NONE 32000;-7000 0;0
282 NONE 32000;-7000 0;0
283 NONE 32000;-7000 0;0
284 NONE 32000;-7000 0;0
285 NONE 32000;-7000 0;0
286 NONE 32000;-7000 0;0
287 NONE 32000;-7000 0;0
288 NONE 32000;-7000 0;0
289 NONE 32000;-7000 0;0
290 NONE 32000;-7000 0;0
291 KEY_ZL 0;0 0;0
292 KEY_Y;KEY_ZL 32000;-7000 0;0
293 KEY_Y;KEY_ZL 32000;-7000 0;0
294 KEY_Y;KEY_ZL 32000;-7000 0;0
295 KEY_Y;KEY_ZL 32000;-7000 0;0
296 KEY_Y;KEY_ZL 32000;-7000 0;0
297 KEY_Y;KEY_ZL 32000;-7000 0;0
298 KEY_Y;KEY_ZL 32000;-7000 0;0
299 KEY_Y;KEY_ZL 32000;-7000 0;0
300 KEY_Y;KEY_ZL -32000;7000 0;0
301 KEY_Y;KEY_ZL -32000;7000 0;0
302 KEY_Y;KEY_ZL 23000;-23000 0;0
303 KEY_X;KEY_Y;KEY_ZL 23000;-23000 0;0
304 KEY_Y;KEY_ZL 23000;-23000 0;0
305 KEY_X;KEY_Y;KEY_ZL 23000;-23000 0;0
306 KEY_Y;KEY_ZL 23000;-23000 0;0
307 KEY_X;KEY_Y;KEY_ZL 23000;-23000 0;0
308 KEY_Y;KEY_ZL 23000;-23000 0;0
309 KEY_X;KEY_Y;KEY_ZL 23000;-23000 0;0
310 KEY_Y;KEY_ZL 23000;-23000 0;0
311 KEY_X;KEY_Y;KEY_ZL 23000;-23000 0;0
312 KEY_Y;KEY_ZL 23000;-23000 0;0
313 KEY_X;KEY_Y;KEY_ZL 23000;-23000 0;0
314 KEY_Y;KEY_ZL 23000;-23000 0;0
315 KEY_X;KEY_Y;KEY_ZL 23000;-23000 0;0
316 KEY_Y;KEY_ZL 23000;-23000 0;0
317 KEY_X;KEY_Y;KEY_ZL 23000;-23000 0;0
318 KEY_Y;KEY_ZL 23000;-23000 0;0
319 KEY_X;KEY_Y;KEY_ZL 23000;-23000 0;0
320 KEY_Y;KEY_ZL 23000;-23000 0;0
321 KEY_X;KEY_Y;KEY_ZL 23000;-23000 0;0
322 KEY_R 23169;-23169 0;0
323 NONE 23168;-23168 0;0
324 NONE 25566;-20491 0;0
325 NONE 27657;-17567 0;0
326 NONE 29415;-14432 0;0
327 NONE 30819;-11123 0;0
328 NONE 31852;-7680 0;0
329 NONE 32502;-4145 0;0
330 NONE 32761;-560 0;0
331 NONE 32625;3031 0;0
332 NONE 32097;6587 0;0
333 NONE 31182;10063 0;0
334 NONE 29892;13419 0;0
335 NONE 28243;16613 0;0
336 NONE 28243;16613 0;0
337 NONE 28243;16613 0;0
338 NONE 28243;16613 0;0
339 NONE 28243;16613 0;0
340 NONE 28243;16613 0;0
341 NONE 28243;16613 0;0
342 NONE 28243;16613 0;0
343 NONE 28243;16613 0;0
344 NONE 28243;16613 0;0
345 NONE 28243;16613 0;0
346 NONE 28243;16613 0;0
347 NONE 28243;16613 0;0
348 NONE 28243;16613 0;0
349 NONE 28243;16613 0;0
350 NONE 28243;16613 0;0
351 NONE 28243;16613 0;0
352 NONE 28243;16613 0;0
353 NONE 28243;16613 0;0
354 NONE 28243;16613 0;0
355 NONE 28243;16613 0;0
356 NONE 28243;16613 0;0
357 NONE 28243;16613 0;0
358 NONE 28243;16613 0;0
359 KEY_L;KEY_DUP 28243;16613 0;0
360 NONE 18794;26840 0;0
361 NONE 18794;26840 0;0
362 NONE 18794;26840 0;0
363 NONE 18794;26840 0;0
364 NONE 18794;26840 0;0
365 NONE 18794;26840 0;0
366 NONE 18794;26840 0;0
367 NONE 18794;26840 0;0
368 NONE 18794;26840 0;0
369 NONE 18794;26840 0;0
370 NONE 18794;26840 0;0
371 NONE 18794;26840 0;0
372 NONE 18794;26840 0;0
373 NONE 18794;26840 0;0
374 NONE 18794;26840 0;0
375 NONE 18794;26840 0;0
376 NONE 18794;26840 0;0
377 NONE 18794;26840 0;0
378 NONE 18794;26840 0;0
379 NONE 18794;26840 0;0
380 NONE 18794;26840 0;0
381 NONE 18794;26840 0;0
382 NONE 18794;26840 0;0
383 NONE 18794;26840 0;0
384 NONE 18794;26840 0;0
385 KEY_ZL 18794;26840 0;0
386 KEY_Y 18794;26840 0;0
387 KEY_Y 32767;0 0;0
388 KEY_Y 32767;0 0;0
389 KEY_Y 32767;0 0;0
390 KEY_Y 32767;0 0;0
391 KEY_Y 32767;0 0;0
392 KEY_Y 32767;0 0;0
393 KEY_Y 32767;0 0;0
394 KEY_Y 32767;0 0;0
395 KEY_Y 32767;0 0;0
396 KEY_Y 32767;0 0;0
397 KEY_Y 32767;0 0;0
398 KEY_Y 32767;0 0;0
399 KEY_Y 32767;0 0;0
400 KEY_Y 32767;0 0;0
401 KEY_Y 32767;0 0;0
402 KEY_Y 32767;0 0;0
403 KEY_Y 32767;0 0;0
404 KEY_Y 32767;0 0;0
405 KEY_Y 32767;0 0;0
406 KEY_Y 32767;0 0;0
407 KEY_Y 32767;0 0;0
408 KEY_Y 32767;0 0;0
409 KEY_Y 32767;0 0;0
410 KEY_Y 32767;0 0;0
411 KEY_Y 32767;0 0;0
412 KEY_Y 32767;0 0;0
413 KEY_Y 0;32767 0;0
414 KEY_Y 0;32767 0;0
415 KEY_Y 0;32767 0;0
416 NONE 0;32767 0;0
417 NONE 0;32767 0;0
418 NONE 0;32767 0;0
419 NONE 0;32767 0;0
420 NONE 0;32767 0;0
421 NONE 0;32767 0;0
422 NONE 0;32767 0;0
423 NONE 0;32767 0;0
424 NONE 0;32767 0;0
425 NONE 0;32767 0;0
426 NONE 0;32767 0;0
427 NONE 0;32767 0;0
428 NONE 0;32767 0;0
429 NONE 0;32767 0;0
430 NONE 0;32767 0;0
431 NONE 0;32767 0;0
432 NONE 0;32767 0;0
433 NONE 0;32767 0;0
434 NONE 0;32767 0;0
435 NONE 0;32767 0;0
436 NONE 0;32767 0;0
437 NONE 0;32767 0;0
438 NONE 0;32767 0;0
439 NONE -16612;-28243 0;0
440 NONE -2855;-32642 0;0
441 NONE 11206;-30791 0;0
442 NONE -25100;21062 0;0
443 KEY_ZL -25100;21062 0;0
444 KEY_Y 0;0 0;0
445 KEY_R 0;0 0;0
446 NONE 0;0 0;0
447 NONE 0;0 0;0
448 NONE 0;0 0;0
449 NONE 0;0 0;0
450 NONE 0;0 0;0
451 NONE 0;0 0;0
452 NONE 0;0 0;0
453 NONE 0;0 0;0
454 NONE 0;0 0;0
455 NONE 0;0 0;0
456 KEY_ZL 0;0 0;0
457 KEY_B;KEY_ZL 0;-32767 0;0
458 NONE 0;-32767 0;0
459 NONE 0;-32767 0;0
460 NONE 0;-32767 0;0
461 NONE 0;-32767 0;0
462 NONE 0;-32767 0;0
463 NONE 0;-32767 0;0
464 NONE 0;-32767 0;0
465 NONE 0;-32767 0;0
466 NONE 0;-32767 0;0
467 NONE 0;-32767 0;0
468 NONE 0;-32767 0;0
469 NONE 0;-32767 0;0
470 NONE 0;-32767 0;0
471 NONE 0;-32767 0;0
472 NONE 0;-32767 0;0
473 NONE 0;-32767 0;0
474 NONE 0;-32767 0;0
475 NONE 0;-32767 0;0
476 NONE 0;-32767 0;0
477 NONE 0;-32767 0;0
478 NONE 0;-32767 0;0
479 NONE 0;-32767 0;0
480 NONE 0;-32767 0;0
481 NONE 0;-32767 0;0
482 KEY_L;KEY_DUP 0;-32767 0;0
483 NONE -18794;26841 0;0
484 NONE 0;0 0;0
485 NONE 0;0 0;0
486 NONE 0;0 0;0
487 NONE 0;0 0;0
488 NONE 0;0 0;0
489 NONE 0;0 0;0
490 NONE 0;0 0;0
491 NONE 0;0 0;0
492 NONE 0;0 0;0
493 KEY_ZL 0;0 0;0
494 KEY_Y 0;0 0;0
495 KEY_Y 0;0 0;0
496 KEY_Y 0;0 0;0
497 KEY_Y 0;0 0;0
498 KEY_Y 0;0 0;0
499 KEY_Y 0;0 0;0
500 KEY_ZL 0;0 0;0
501 KEY_Y 0;-32767 0;0
502 KEY_R 23169;-23169 0;0
503 NONE 32767;0 0;0
504 NONE 0;32767 0;0
505 NONE -32767;0 0;0
506 NONE -23169;-23169 0;0
507 NONE 0;-32767 0;0
508 NONE 23169;-23169 0;0
509 NONE 32767;0 0;0
510 NONE 0;32767 0;0
511 NONE -32767;0 0;0
512 NONE -23169;-23169 0;0
513 NONE 0;-32767 0;0
514 NONE 23169;-23169 0;0
515 NONE 32767;0 0;0
516 NONE 0;32767 0;0
517 NONE -32767;0 0;0
518 NONE -23169;-23169 0;0
519 NONE 0;-32767 0;0
520 NONE 23169;-23169 0;0
521 KEY_B -13847;29697 0;0
522 KEY_ZL -13847;29697 0;0
523 KEY_ZL -13847;29697 0;0
524 KEY_X;KEY_ZL -13847;29697 0;0
525 KEY_Y;KEY_ZL -13847;29697 0;0
526 KEY_X;KEY_ZL -13847;29697 0;0
527 KEY_Y;KEY_ZL -13847;29697 0;0
528 KEY_X;KEY_ZL -13847;29697 0;0
529 KEY_Y;KEY_ZL -13847;29697 0;0
530 KEY_B;KEY_L;KEY_DUP -13847;29697 0;0
531 NONE -29697;-13847 0;0
532 NONE 0;32767 0;0
533 NONE 0;32767 0;0
534 NONE 0;32767 0;0
535 NONE 0;32767 0;0
536 NONE 21062;25100 0;0
537 NONE 21062;25100 0;0
538 KEY_B 29697;13847 0;0
539 KEY_B 29697;13847 0;0
540 KEY_B 29697;13847 0;0
541 KEY_B 29697;13847 0;0
542 KEY_B 32767;0 0;0
543 KEY_B 32767;0 0;0
544 KEY_B 32767;0 0;0
545 NONE 32767;0 0;0
546 NONE 32767;0 0;0
547 NONE 32767;0 0;0
548 NONE 0;32767 0;0
549 NONE 0;32767 0;0
550 NONE 0;32767 0;0
551 NONE 0;32767 0;0
552 NONE 0;32767 0;0
553 NONE 0;32767 0;0
554 NONE 0;32767 0;0
555 NONE 0;32767 0;0
556 NONE -28377;16383 0;0
557 NONE -32642;2855 0;0
558 NONE -30791;-11206 0;0
559 NONE 0;32767 0;0
560 NONE 0;32767 0;0
561 NONE 0;32767 0;0
562 KEY_B 0;32767 0;0
563 NONE 16383;28377 0;0
564 NONE 16383;28377 0;0
565 NONE 16383;28377 0;0
566 NONE 16383;28377 0;0
567 NONE 16383;28377 0;0
568 NONE 16383;28377 0;0
569 NONE 16383;28377 0;0
570 NONE 16383;28377 0;0
571 NONE 16383;28377 0;0
572 NONE 16383;28377 0;0
573 NONE 16383;28377 0;0
574 NONE 16383;28377 0;0
575 NONE 16383;28377 0;0
576 NONE 16383;28377 0;0
577 NONE 16383;28377 0;0
578 NONE -30791;-11206 0;0
579 NONE -23169;-23169 0;0
580 NONE -11206;-30791 0;0
581 NONE -23169;23169 0;0
582 NONE -23169;23169 0;0
583 NONE -23169;23169 0;0
584 NONE -23169;23169 0;0
585 NONE -23169;23169 0;0
586 NONE -23169;23169 0;0
587 KEY_B -23169;23169 0;0
588 KEY_B -23169;-23169 0;0
589 KEY_B -23169;-23169 0;0
590 KEY_B -23169;-23169 0;0
591 KEY_B -23169;-23169 0;0
592 KEY_B -23169;-23169 0;0
593 KEY_B -23169;-23169 0;0
594 KEY_B -23169;-23169 0;0
595 KEY_B -23169;-23169 0;0
596 NONE -23169;-23169 0;0
597 NONE -23169;-23169 0;0
598 NONE -23169;-23169 0;0
599 NONE -23169;-23169 0;0
600 NONE -23169;-23169 0;0
601 NONE -23169;-23169 0;0
602 NONE -23169;-23169 0;0
603 NONE -23169;-23169 0;0
604 NONE -23169;-23169 0;0
605 NONE -23169;-23169 0;0
606 NONE -23169;-23169 0;0
607 NONE -23169;-23169 0;0
608 NONE -23169;-23169 0;0
609 NONE -23169;-23169 0;0
610 NONE -23169;-23169 0;0
611 NONE -23169;-23169 0;0
612 NONE -23169;-23169 0;0
613 NONE -23169;-23169 0;0
614 NONE -23169;-23169 0;0
615 NONE -23169;-23169 0;0
616 NONE -23169;-23169 0;0
617 NONE -23169;-23169 0;0
618 NONE -23169;-23169 0;0
619 KEY_L;KEY_DUP -23169;-23169 0;0
620 NONE -32642;-2855 0;0
621 NONE -31650;-8480 0;0
622 NONE -31650;-8480 0;0
623 NONE -31650;-8480 0;0
624 NONE -31650;-8480 0;0
625 NONE -31650;-8480 0;0
626 NONE -31650;-8480 0;0
627 NONE -31650;-8480 0;0
628 NONE -31650;-8480 0;0
629 NONE -31650;-8480 0;0
630 NONE -31650;-8480 0;0
631 NONE -31650;-8480 0;0
632 NONE -31650;-8480 0;0
633 NONE -31650;-8480 0;0
634 NONE -31650;-8480 0;0
635 KEY_ZL -31650;-8480 0;0
636 KEY_Y -31650;-8480 0;0
637 KEY_Y;KEY_R -31650;-8480 0;0
638 KEY_Y -31650;-8479 0;0
639 KEY_Y -32571;-3566 0;0
640 KEY_Y -32735;1429 0;0
641 KEY_Y -32136;6392 0;0
642 KEY_Y -30790;11207 0;0
643 KEY_Y -28727;15760 0;0
644 KEY_Y -25995;19947 0;0
645 KEY_Y -22658;23669 0;0
646 KEY_Y -18794;26841 0;0
647 KEY_Y -14492;29387 0;0
648 KEY_Y -9853;31250 0;0
649 KEY_Y -4984;32385 0;0
650 KEY_Y 0;32767 0;0
651 KEY_Y 0;32767 0;0
652 KEY_Y 0;32767 0;0
653 KEY_Y 0;32767 0;0
654 KEY_Y 0;32767 0;0
655 KEY_Y 0;32767 0;0
656 KEY_Y 0;32767 0;0
657 KEY_Y 0;32767 0;0
658 KEY_Y 0;32767 0;0
659 KEY_Y 0;32767 0;0
660 KEY_Y 0;32767 0;0
661 KEY_Y 0;32767 0;0
662 KEY_Y 0;32767 0;0
663 KEY_Y 0;32767 0;0
664 KEY_Y 0;32767 0;0
665 KEY_Y 0;32767 0;0
666 KEY_Y 0;32767 0;0
667 KEY_Y 0;32767 0;0
668 KEY_Y 0;32767 0;0
669 KEY_Y 0;32767 0;0
670 NONE 32767;0 0;0
671 NONE 32767;0 0;0
672 NONE 32767;0 0;0
673 NONE 32767;0 0;0
674 NONE 32767;0 0;0
675 NONE 32767;0 0;0
676 NONE 32767;0 0;0
677 NONE 32767;0 0;0
678 NONE 32767;0 0;0
679 NONE 32767;0 0;0
680 NONE 32767;0 0;0
681 NONE 32767;0 0;0
682 NONE 32767;0 0;0
683 NONE 32767;0 0;0
684 NONE 32767;0 0;0
685 KEY_B 32767;0 0;0
686 NONE 11344;30740 0;0
687 NONE 11344;30740 0;0
688 NONE 11344;30740 0;0
689 NONE 11344;30740 0;0
690 NONE 11344;30740 0;0
691 NONE 11344;30740 0;0
692 NONE 11344;30740 0;0
693 NONE 11344;30740 0;0
694 NONE 11344;30740 0;0
695 NONE 11344;30740 0;0
696 NONE 11344;30740 0;0
697 NONE 11344;30740 0;0
698 NONE 11344;30740 0;0
699 NONE 11344;30740 0;0
700 NONE 11344;30740 0;0
701 NONE 11344;30740 0;0
702 NONE 11344;30740 0;0
703 NONE 11344;30740 0;0
704 NONE 11344;30740 0;0
705 NONE 11344;30740 0;0
706 KEY_L;KEY_DRIGHT 11344;30740 0;0
707 NONE 32164;-6252 0;0
708 NONE 0;0 0;0
709 NONE 0;0 0;0
710 NONE 0;0 0;0
711 NONE 0;0 0;0
712 NONE 0;0 0;0
713 NONE 0;0 0;0
714 KEY_ZL 0;0 0;0
715 KEY_Y;KEY_ZL 0;0 0;0
716 KEY_Y;KEY_ZL;KEY_R 0;0 0;0
717 KEY_Y;KEY_ZL 0;0 0;0
718 KEY_Y;KEY_ZL 0;0 0;0
719 KEY_X;KEY_ZL 0;0 0;0
720 KEY_Y;KEY_ZL 0;0 0;0
721 KEY_X;KEY_ZL 0;0 0;0
722 KEY_Y;KEY_ZL 0;0 0;0
723 KEY_X;KEY_ZL 0;0 0;0
724 KEY_Y;KEY_ZL 0;0 0;0
725 KEY_X;KEY_ZL 0;0 0;0
726 KEY_Y;KEY_ZL 0;0 0;0
727 KEY_X;KEY_ZL 0;0 0;0
728 KEY_Y;KEY_ZL 0;0 0;0
729 KEY_X;KEY_ZL 0;0 0;0
730 KEY_Y;KEY_ZL 32767;0 0;0
731 KEY_X;KEY_ZL 32767;0 0;0
732 KEY_Y;KEY_ZL 32767;0 0;0
733 KEY_X;KEY_ZL 32767;0 0;0
734 KEY_Y;KEY_ZL 32767;0 0;0
735 KEY_X;KEY_ZL 32767;0 0;0
736 KEY_Y;KEY_ZL 32767;0 0;0
737 KEY_X;KEY_ZL 32767;0 0;0
738 KEY_Y;KEY_ZL 32767;0 0;0
739 KEY_X;KEY_ZL 32767;0 0;0
740 KEY_Y;KEY_ZL 32767;0 0;0
741 KEY_X;KEY_ZL 32767;0 0;0
742 NONE 32767;0 0;0
743 NONE 32767;0 0;0
744 NONE 32767;0 0;0
745 NONE 23169;-23169 0;0
746 NONE 23169;-23169 0;0
747 NONE 23169;-23169 0;0
748 NONE 23169;-23169 0;0
749 NONE 32767;0 0;0
750 NONE 32767;0 0;0
751 NONE 32767;0 0;0
752 NONE 32767;0 0;0
753 NONE 32767;0 0;0
754 NONE 32767;0 0;0
755 NONE 32767;0 0;0
756 NONE 32767;0 0;0
757 NONE 32767;0 0;0
758 NONE 32767;0 0;0
759 NONE 32767;0 0;0
760 NONE 32767;0 0;0
761 NONE 32767;0 0;0
762 NONE 32767;0 0;0
763 NONE 32767;0 0;0
764 NONE 32767;0 0;0
765 NONE 32767;0 0;0
766 NONE 32767;0 0;0
767 NONE 32767;0 0;0
768 KEY_B -28377;16383 0;0
769 KEY_B -32642;2855 0;0
770 KEY_B -30791;-11206 0;0
771 KEY_B 11206;30791 0;0
772 KEY_B 11206;30791 0;0
773 NONE 11206;30791 0;0
774 NONE 11206;30791 0;0
775 KEY_ZL 11206;30791 0;0
776 KEY_Y;KEY_ZL 11206;30791 0;0
777 KEY_ZL 11206;30791 0;0
778 KEY_ZL 11206;30791 0;0
779 KEY_ZL 11206;30791 0;0
780 KEY_ZL -23169;-23169 0;0
781 KEY_ZL 11742;30590 0;0
782 KEY_ZL 11742;30590 0;0
783 KEY_ZL 11742;30590 0;0
784 KEY_ZL 11742;30590 0;0
785 KEY_ZL 11742;30590 0;0
786 KEY_ZL 11742;30590 0;0
787 KEY_ZL 11742;30590 0;0
788 KEY_ZL 11742;30590 0;0
789 KEY_ZL 17173;27906 0;0
790 KEY_ZL 17173;27906 0;0
791 KEY_ZL -18794;26841 0;0
792 KEY_ZL -18794;26841 0;0
793 KEY_ZL -18794;26841 0;0
794 KEY_ZL;KEY_L -18794;26841 0;0
795 KEY_ZL -18794;26841 0;0
796 KEY_ZL -18794;26841 0;0
797 KEY_ZL 0;0 0;0
798 KEY_ZL 0;0 0;0
799 KEY_ZL 0;0 0;0
800 KEY_ZL 0;0 0;0
801 KEY_ZL 0;0 0;0
802 KEY_ZL 0;0 0;0
803 KEY_ZL 0;0 0;0
804 KEY_ZL 0;0 0;0
805 KEY_ZL 0;0 0;0
806 KEY_ZL 0;0 0;0
807 KEY_ZL 0;0 0;0
808 KEY_ZL 0;0 0;0
809 KEY_ZL 0;0 0;0
810 KEY_ZL 0;0 0;0
811 KEY_ZL -16383;28377 0;0
812 KEY_ZL;KEY_L -16383;28377 0;0
813 KEY_ZL -16383;28377 0;0
814 KEY_ZL -16383;28377 0;0
815 KEY_ZL -16383;28377 0;0
816 KEY_ZL -32256;5759 0;0
817 KEY_ZL -32256;5759 0;0
818 KEY_ZL -32256;5759 0;0
819 KEY_ZL -32256;5759 0;0
820 KEY_ZL -32256;5759 0;0
821 KEY_ZL -32256;5759 0;0
822 KEY_ZL -32256;5759 0;0
823 KEY_ZL -32256;5759 0;0
824 KEY_ZL -32256;5759 0;0
825 KEY_ZL -32256;5759 0;0
826 KEY_ZL -32256;5759 0;0
827 KEY_ZL -32256;5759 0;0
828 KEY_ZL -32256;5759 0;0
829 KEY_ZL -32256;5759 0;0
830 KEY_ZL -32256;5759 0;0
831 KEY_ZL -32256;5759 0;0
832 KEY_ZL -32256;5759 0;0
833 KEY_ZL -32256;5759 0;0
834 KEY_ZL;KEY_L -32256;5759 0;0
835 KEY_ZL -32256;5759 0;0
836 KEY_ZL -32256;5759 0;0
837 KEY_ZL -32256;5759 0;0
838 KEY_ZL -32256;5759 0;0
839 KEY_ZL -32256;5759 0;0
840 KEY_ZL -32256;5759 0;0
841 KEY_ZL -32256;5759 0;0
842 KEY_ZL -32256;5759 0;0
843 KEY_ZL -32256;5759 0;0
844 KEY_ZL -32256;5759 0;0
845 KEY_ZL -32256;5759 0;0
846 KEY_ZL -32256;5759 0;0
847 KEY_ZL -32256;5759 0;0
848 KEY_ZL -32256;5759 0;0
849 KEY_ZL -32256;5759 0;0
850 KEY_ZL -32256;5759 0;0
851 KEY_ZL -32642;2855 0;0
852 KEY_ZL;KEY_L -32642;2855 0;0
853 KEY_ZL -32642;2855 0;0
854 KEY_ZL -32642;2855 0;0
855 KEY_ZL -32642;2855 0;0
856 KEY_ZL -32642;2855 0;0
857 KEY_ZL -32642;2855 0;0
858 KEY_ZL -32642;2855 0;0
859 KEY_ZL -32642;2855 0;0
860 KEY_ZL -32642;2855 0;0
861 KEY_ZL -32642;2855 0;0
862 KEY_ZL -32642;2855 0;0
863 KEY_ZL -32642;2855 0;0
864 KEY_ZL -32642;2855 0;0
865 KEY_ZL -32642;2855 0;0
866 KEY_ZL -32642;2855 0;0
867 KEY_ZL -32642;2855 0;0
868 KEY_ZL;KEY_L -32642;2855 0;0
869 KEY_ZL -32642;2855 0;0
870 KEY_ZL -32767;0 0;0
871 KEY_ZL -32767;0 0;0
872 KEY_ZL -32767;0 0;0
873 KEY_ZL -32767;0 0;0
874 KEY_ZL -32767;0 0;0
875 KEY_ZL -32767;0 0;0
876 KEY_ZL -32767;0 0;0
877 KEY_ZL -32767;0 0;0
878 KEY_ZL -32767;0 0;0
879 KEY_ZL -32767;0 0;0
880 KEY_ZL -32767;0 0;0
881 KEY_ZL -32767;0 0;0
882 KEY_ZL -32767;0 0;0
883 KEY_ZL -32767;0 0;0
884 KEY_ZL -32767;0 0;0
885 KEY_ZL -32767;0 0;0
886 KEY_ZL;KEY_L -32767;0 0;0
887 KEY_ZL -32767;0 0;0
888 KEY_ZL -32767;0 0;0
889 KEY_ZL -32767;0 0;0
890 KEY_ZL -32767;0 0;0
891 KEY_ZL -32767;0 0;0
892 KEY_ZL -32767;0 0;0
893 KEY_ZL -32767;0 0;0
894 KEY_ZL -32767;0 0;0
895 KEY_ZL -32767;0 0;0
896 KEY_ZL -32767;0 0;0
897 KEY_ZL -32767;0 0;0
898 KEY_ZL -32767;0 0;0
899 KEY_ZL -32767;0 0;0
900 KEY_ZL -32767;0 0;0
901 KEY_ZL -32767;0 0;0
902 KEY_ZL -32767;0 0;0
903 KEY_ZL;KEY_L -32767;0 0;0
904 KEY_ZL -32767;0 0;0
905 KEY_ZL -32767;0 0;0
906 KEY_ZL -32767;0 0;0
907 KEY_ZL 11206;30791 0;0
908 KEY_ZL 11206;30791 0;0
909 KEY_ZL 11206;30791 0;0
910 KEY_ZL 11206;30791 0;0
911 KEY_ZL 11206;30791 0;0
912 KEY_ZL 11206;30791 0;0
913 KEY_ZL 11206;30791 0;0
914 KEY_ZL 11206;30791 0;0
915 KEY_ZL 11206;30791 0;0
916 KEY_ZL 11206;30791 0;0
917 KEY_ZL 11206;30791 0;0
918 KEY_ZL 11206;30791 0;0
919 KEY_ZL 11206;30791 0;0
920 KEY_ZL 11206;30791 0;0
921 KEY_ZL 11206;30791 0;0
922 KEY_ZL 11206;30791 0;0
923 KEY_ZL 11206;30791 0;0
924 KEY_ZL 11206;30791 0;0
925 KEY_ZL 11206;30791 0;0
926 KEY_ZL 11206;30791 0;0
927 KEY_ZL;KEY_L -32767;0 0;0
928 KEY_ZL -32767;0 0;0
929 KEY_ZL -32767;0 0;0
930 KEY_ZL -32767;0 0;0
931 KEY_ZL -32767;0 0;0
932 KEY_ZL -32767;0 0;0
933 KEY_ZL -32767;0 0;0
934 KEY_ZL -32767;0 0;0
935 KEY_ZL -32767;0 0;0
936 KEY_ZL -32767;0 0;0
937 KEY_ZL -32767;0 0;0
938 KEY_ZL -32767;0 0;0
939 KEY_ZL -32767;0 0;0
940 KEY_ZL -32767;0 0;0
941 KEY_ZL -32767;0 0;0
942 KEY_ZL;KEY_L -32767;0 0;0
943 KEY_ZL -32767;0 0;0
944 KEY_ZL 11206;30791 0;0
945 KEY_ZL 11206;30791 0;0
946 KEY_ZL 11206;30791 0;0
947 KEY_ZL 11206;30791 0;0
948 KEY_ZL 11206;30791 0;0
949 KEY_ZL 11206;30791 0;0
950 KEY_ZL 11206;30791 0;0
951 KEY_ZL 11206;30791 0;0
952 KEY_ZL 11206;30791 0;0
953 KEY_ZL 11206;30791 0;0
954 KEY_ZL 11206;30791 0;0
955 KEY_ZL 11206;30791 0;0
956 KEY_ZL 11206;30791 0;0
957 KEY_ZL 11206;30791 0;0
958 KEY_ZL 11206;30791 0;0
959 KEY_ZL 11206;30791 0;0
960 KEY_ZL;KEY_L 11206;30791 0;0
961 KEY_ZL 16383;28377 0;0
962 KEY_ZL 16383;28377 0;0
963 KEY_ZL 16383;28377 0;0
964 KEY_ZL 16383;28377 0;0
965 KEY_ZL 16383;28377 0;0
966 KEY_ZL 16383;28377 0;0
967 KEY_ZL 16383;28377 0;0
968 KEY_ZL 16383;28377 0;0
969 KEY_ZL 16383;28377 0;0
970 KEY_ZL 16383;28377 0;0
971 KEY_ZL 16383;28377 0;0
972 KEY_ZL 16383;28377 0;0
973 KEY_ZL 16383;28377 0;0
974 KEY_ZL 16383;28377 0;0
975 KEY_ZL 16383;28377 0;0
976 KEY_ZL;KEY_L 16383;28377 0;0
977 KEY_ZL 16383;28377 0;0
978 KEY_ZL 16383;28377 0;0
979 KEY_ZL 16383;28377 0;0
980 KEY_ZL 16383;28377 0;0
981 KEY_ZL 16383;28377 0;0
982 KEY_ZL 16383;28377 0;0
983 KEY_ZL 16383;28377 0;0
984 KEY_ZL 16383;28377 0;0
985 KEY_ZL 16383;28377 0;0
986 KEY_ZL 16383;28377 0;0
987 KEY_ZL 16383;28377 0;0
988 KEY_ZL 16383;28377 0;0
989 KEY_ZL 16383;28377 0;0
990 KEY_ZL 16383;28377 0;0
991 KEY_ZL;KEY_L 16383;28377 0;0
992 KEY_ZL 0;32767 0;0
993 KEY_ZL 0;32767 0;0
994 KEY_ZL 0;32767 0;0
995 KEY_ZL 0;32767 0;0
996 KEY_ZL 0;32767 0;0
997 KEY_ZL 0;32767 0;0
998 KEY_ZL 0;32767 0;0
999 KEY_ZL 0;32767 0;0
1000 KEY_ZL 0;32767 0;0
1001 KEY_ZL 0;32767 0;0
1002 KEY_ZL 0;32767 0;0
1003 KEY_ZL 0;32767 0;0
1004 KEY_ZL 0;32767 0;0
1005 KEY_ZL 0;32767 0;0
1006 KEY_ZL;KEY_L 0;32767 0;0
1007 KEY_ZL 0;32767 0;0
1008 KEY_ZL 0;32767 0;0
1009 KEY_ZL 0;32767 0;0
1010 KEY_ZL 0;32767 0;0
1011 KEY_ZL 0;32767 0;0
1012 KEY_ZL 0;32767 0;0
1013 KEY_ZL 0;32767 0;0
1014 KEY_ZL 0;32767 0;0
1015 KEY_ZL 0;32767 0;0
1016 KEY_ZL 0;32767 0;0
1017 KEY_ZL 0;32767 0;0
1018 KEY_ZL 0;32767 0;0
1019 KEY_ZL 0;32767 0;0
1020 KEY_ZL 0;32767 0;0
1021 KEY_ZL 0;32767 0;0
1022 KEY_ZL 0;32767 0;0
1023 KEY_ZL 0;32767 0;0
1024 KEY_ZL 0;32767 0;0
1025 KEY_ZL;KEY_L 0;32767 0;0
1026 KEY_ZL 0;32767 0;0
1027 KEY_ZL 0;32767 0;0
1028 KEY_ZL 0;32767 0;0
1029 KEY_ZL 0;32767 0;0
1030 KEY_ZL 0;32767 0;0
1031 KEY_ZL 0;32767 0;0
1032 KEY_ZL 0;32767 0;0
1033 KEY_ZL 0;32767 0;0
1034 KEY_ZL 0;32767 0;0
1035 KEY_ZL 0;32767 0;0
1036 KEY_ZL 0;32767 0;0
1037 KEY_ZL 0;32767 0;0
1038 KEY_ZL 0;32767 0;0
1039 KEY_ZL 0;32767 0;0
1040 KEY_ZL 0;32767 0;0
1041 KEY_ZL 0;32767 0;0
1042 KEY_ZL 0;32767 0;0
1043 KEY_ZL 0;32767 0;0
1044 KEY_ZL;KEY_L 0;32767 0;0
1045 KEY_ZL 0;32767 0;0
1046 KEY_ZL 0;32767 0;0
1047 KEY_ZL 0;32767 0;0
1048 KEY_ZL 0;32767 0;0
1049 KEY_ZL 0;32767 0;0
1050 KEY_ZL 0;32767 0;0
1051 KEY_ZL 0;32767 0;0
1052 KEY_ZL 0;32767 0;0
1053 KEY_ZL 0;32767 0;0
1054 KEY_ZL 0;32767 0;0
1055 KEY_ZL 0;32767 0;0
1056 KEY_ZL 0;32767 0;0
1057 KEY_ZL 0;32767 0;0
1058 KEY_ZL 0;32767 0;0
1059 KEY_ZL 0;32767 0;0
1060 KEY_ZL 0;32767 0;0
1061 KEY_ZL;KEY_L 0;32767 0;0
1062 NONE 0;0 0;0
1063 NONE 0;0 0;0
1064 NONE 0;0 0;0
1065 NONE 0;0 0;0
1066 NONE 0;0 0;0
1067 NONE 0;0 0;0
1068 NONE 0;0 0;0
1069 NONE 0;0 0;0
1070 NONE 0;0 0;0
1071 NONE 0;0 0;0
1072 NONE 0;0 0;0
1073 NONE 0;0 0;0
1074 NONE 0;0 0;0
1075 KEY_PLUS 0;0 0;0
1076 NONE 0;0 0;0
1077 NONE 0;0 0;0
1078 NONE 0;0 0;0
1079 NONE 0;0 0;0
1080 NONE 0;0 0;0
1081 NONE 0;0 0;0
1082 NONE 0;0 0;0
1083 NONE 0;0 0;0
1084 KEY_PLUS 0;0 0;0
1085 NONE 0;0 0;0
1086 NONE 0;0 0;0
1087 NONE 0;0 0;0
1088 NONE 0;0 0;0
1089 NONE 0;0 0;0
1090 NONE 0;0 0;0
1091 NONE 0;0 0;0
1092 NONE 0;0 0;0
1093 NONE 0;0 0;0
1094 NONE 0;0 0;0
1095 NONE 0;0 0;0
1096 NONE 0;0 0;0
1097 NONE 0;0 0;0
1098 NONE 0;0 0;0
1099 NONE 0;0 0;0
1100 NONE 0;0 0;0
1101 NONE 0;0 0;0
1102 NONE 0;0 0;0
1103 NONE 0;0 0;0
1104 NONE 0;0 0;0
1105 NONE 0;0 0;0
1106 NONE 0;0 0;0
1107 KEY_A 0;0 0;0
