1 NONE 0;32767 0;0
2 NONE 0;32767 0;0
3 NONE 0;32767 0;0
4 NONE 0;32767 0;0
5 NONE 0;32767 0;0
6 NONE 0;32767 0;0
7 NONE 0;32767 0;0
8 NONE 0;32767 0;0
9 NONE 0;32767 0;0
10 NONE 0;32767 0;0
11 KEY_ZL 0;0 0;0
12 KEY_ZL;KEY_Y 0;0 0;0
143 NONE 0;32767 0;0
144 NONE -28377;-16383 0;0
145 NONE 28377;-16383 0;0
146 NONE 0;32767 0;0
147 NONE -28377;-16383 0;0
148 NONE 28377;-16383 0;0
149 NONE 0;32767 0;0
150 NONE -28377;-16383 0;0
151 NONE 28377;-16383 0;0
152 NONE 0;32767 0;0
153 NONE -28377;-16383 0;0
154 NONE 28377;-16383 0;0
155 NONE 0;32767 0;0
156 NONE -28377;-16383 0;0
157 NONE 28377;-16383 0;0
158 NONE 0;32767 0;0
159 NONE -28377;-16383 0;0
160 NONE 28377;-16383 0;0
161 NONE 0;32767 0;0
162 NONE -28377;-16383 0;0
163 NONE 28377;-16383 0;0
164 NONE 0;32767 0;0
165 NONE -28377;-16383 0;0
166 NONE 28377;-16383 0;0
167 NONE 0;32767 0;0
168 NONE -28377;-16383 0;0
169 NONE 28377;-16383 0;0
170 NONE 0;32767 0;0
171 NONE -28377;-16383 0;0
172 NONE 28377;-16383 0;0
173 NONE 0;32767 0;0
174 NONE -28377;-16383 0;0
175 NONE 28377;-16383 0;0
176 NONE 0;32767 0;0
177 KEY_A 0;0 0;0
178 KEY_ZL 0;32767 0;0
179 KEY_ZL 0;32767 0;0
180 KEY_ZL 0;32767 0;0
181 KEY_ZL 0;32767 0;0
182 KEY_ZL 0;32767 0;0
183 KEY_ZL 0;32767 0;0
184 KEY_ZL 0;32767 0;0
185 KEY_ZL;KEY_Y 0;0 0;0
186 KEY_ZL 0;0 0;0
187 KEY_ZL 0;0 0;0
188 KEY_ZL 0;0 0;0
189 KEY_ZL 0;0 0;0
190 KEY_ZL 0;0 0;0
191 KEY_ZL 0;0 0;0
192 KEY_ZL 0;0 0;0
193 KEY_ZL 0;0 0;0
194 KEY_ZL 0;0 0;0
195 KEY_ZL 0;0 0;0
196 KEY_ZL 0;0 0;0
197 KEY_ZL 0;0 0;0
198 KEY_ZL 0;0 0;0
199 KEY_ZL 0;0 0;0
200 KEY_ZL 0;0 0;0
201 KEY_ZL 0;0 0;0
202 KEY_ZL 0;0 0;0
203 KEY_ZL 0;0 0;0
204 KEY_ZL 0;0 0;0
205 KEY_ZL 0;0 0;0
206 KEY_ZL 0;0 0;0
207 KEY_ZL 0;0 0;0
208 KEY_ZL 0;0 0;0
209 KEY_ZL 0;0 0;0
210 KEY_ZL 0;0 0;0
211 KEY_ZL 0;0 0;0
212 KEY_ZL 0;0 0;0
213 KEY_ZL 0;0 0;0
214 KEY_ZL 0;0 0;0
215 KEY_ZL 0;0 0;0
216 KEY_ZL 0;0 0;0
217 KEY_ZL 0;0 0;0
218 KEY_ZL 0;0 0;0
219 KEY_ZL 0;0 0;0
220 KEY_ZL 0;0 0;0
221 KEY_ZL 0;0 0;0
222 KEY_ZL 0;0 0;0
223 KEY_ZL 0;0 0;0
224 KEY_ZL;KEY_L 0;0 0;0
225 KEY_ZL 0;0 0;0
226 KEY_ZL 0;0 0;0
227 KEY_ZL 0;0 0;0
228 KEY_ZL 0;0 0;0
229 KEY_ZL 0;0 0;0
230 KEY_ZL 0;0 0;0
231 KEY_ZL 0;0 0;0
232 KEY_ZL 0;0 0;0
233 KEY_ZL 0;0 0;0
234 KEY_ZL 0;0 0;0
235 KEY_ZL 0;0 0;0
236 KEY_ZL 0;0 0;0
237 KEY_ZL 0;0 0;0
238 KEY_ZL 0;0 0;0
239 KEY_ZL 0;0 0;0
240 KEY_ZL 0;0 0;0
241 KEY_ZL 0;0 0;0
242 KEY_ZL 0;0 0;0
243 KEY_ZL 0;0 0;0
244 KEY_ZL 0;0 0;0
245 KEY_ZL 0;0 0;0
246 KEY_L;KEY_A 0;0 0;0
247 NONE 32767;0 0;0
248 NONE 0;32767 0;0
249 NONE 0;32767 0;0
250 NONE 0;32767 0;0
251 NONE 0;32767 0;0
252 NONE 0;32767 0;0
253 NONE 0;32767 0;0
254 KEY_A 0;32767 0;0
255 NONE 0;32767 0;0
256 NONE 0;32767 0;0
257 NONE 0;32767 0;0
258 NONE 0;32767 0;0
259 NONE 0;32767 0;0
260 NONE 0;32767 0;0
261 NONE 0;32767 0;0
262 NONE 0;32767 0;0
263 NONE 0;32767 0;0
264 NONE 0;32767 0;0
265 NONE 0;32767 0;0
266 NONE 0;32767 0;0
267 NONE 0;32767 0;0
268 NONE 0;32767 0;0
269 NONE 0;32767 0;0
270 NONE 0;32767 0;0
271 NONE 0;32767 0;0
272 NONE 0;32767 0;0
273 NONE 0;32767 0;0
274 NONE 0;32767 0;0
275 NONE 0;32767 0;0
276 NONE 0;32767 0;0
277 NONE 0;32767 0;0
278 NONE 0;32767 0;0
279 KEY_A 0;32767 0;0
280 NONE 0;32767 0;0
281 NONE 0;32767 0;0
282 NONE 0;32767 0;0
283 NONE 0;32767 0;0
284 NONE 0;32767 0;0
285 NONE 0;32767 0;0
286 NONE 0;32767 0;0
287 NONE 0;32767 0;0
288 NONE 0;32767 0;0
289 NONE 0;32767 0;0
290 NONE 0;32767 0;0
291 NONE 0;32767 0;0
292 NONE 0;32767 0;0
293 NONE 0;32767 0;0
294 NONE 0;32767 0;0
295 NONE 0;32767 0;0
296 NONE 0;32767 0;0
297 NONE 0;32767 0;0
298 NONE 0;32767 0;0
299 NONE 0;32767 0;0
300 NONE -13847;29696 0;0
301 NONE -13847;29696 0;0
302 NONE -13847;29696 0;0
303 NONE -13847;29696 0;0
304 NONE -13847;29696 0;0
305 NONE -13847;29696 0;0
306 NONE -13847;29696 0;0
307 NONE -13847;29696 0;0
308 NONE -13847;29696 0;0
309 NONE -13847;29696 0;0
310 KEY_A -13847;29696 0;0
311 KEY_A -13847;29696 0;0
312 KEY_A -13847;29696 0;0
313 KEY_A -13847;29696 0;0
314 KEY_A -13847;29696 0;0
315 KEY_A -13847;29696 0;0
316 KEY_A -13847;29696 0;0
317 KEY_A -13847;29696 0;0
318 KEY_A -13847;29696 0;0
319 KEY_A -13847;29696 0;0
320 NONE -13847;29696 0;0
321 NONE -13847;29696 0;0
322 NONE -13847;29696 0;0
323 NONE -13847;29696 0;0
324 NONE -13847;29696 0;0
325 NONE -13847;29696 0;0
326 NONE -13847;29696 0;0
327 NONE -13847;29696 0;0
328 NONE -13847;29696 0;0
329 NONE -13847;29696 0;0
330 NONE -13847;29696 0;0
331 NONE -13847;29696 0;0
332 NONE -13847;29696 0;0
333 NONE -13847;29696 0;0
334 NONE -13847;29696 0;0
335 NONE -13847;29696 0;0
336 NONE -13847;29696 0;0
337 NONE -13847;29696 0;0
338 NONE -13847;29696 0;0
339 NONE -13847;29696 0;0
340 NONE -13847;29696 0;0
341 NONE -13847;29696 0;0
342 NONE -13847;29696 0;0
343 NONE -13847;29696 0;0
344 KEY_L -13847;29696 0;0
345 NONE 0;32767 0;0
346 NONE 0;32767 0;0
347 NONE 0;32767 0;0
348 NONE 0;32767 0;0
349 NONE 0;32767 0;0
350 NONE 0;32767 0;0
351 NONE 0;32767 0;0
352 KEY_ZL 0;0 0;0
353 KEY_ZL;KEY_Y 0;32767 0;0
354 KEY_ZL;KEY_Y 0;32767 0;0
355 KEY_ZL;KEY_Y 0;32767 0;0
356 KEY_ZL;KEY_Y 0;32767 0;0
357 KEY_ZL;KEY_Y 0;32767 0;0
358 KEY_ZL;KEY_Y 0;32767 0;0
359 KEY_ZL;KEY_Y 0;32767 0;0
360 KEY_ZL;KEY_Y 0;32767 0;0
361 KEY_ZL;KEY_Y 0;32767 0;0
362 KEY_ZL;KEY_Y 0;32767 0;0
363 KEY_ZL;KEY_Y 0;32767 0;0
364 KEY_ZL;KEY_Y 0;32767 0;0
365 KEY_ZL;KEY_Y 0;32767 0;0
366 KEY_ZL;KEY_Y 0;32767 0;0
367 KEY_ZL;KEY_Y 0;32767 0;0
368 KEY_ZL;KEY_Y 0;32767 0;0
369 KEY_ZL;KEY_Y 0;32767 0;0
370 KEY_ZL;KEY_Y 0;32767 0;0
371 KEY_ZL;KEY_Y 0;32767 0;0
372 KEY_ZL;KEY_Y 0;32767 0;0
373 KEY_ZL;KEY_Y 0;32767 0;0
374 KEY_ZL;KEY_Y 0;32767 0;0
375 KEY_ZL;KEY_Y 0;32767 0;0
376 KEY_ZL;KEY_Y 0;32767 0;0
377 KEY_ZL;KEY_Y 0;32767 0;0
378 KEY_ZL;KEY_Y 0;32767 0;0
379 KEY_ZL;KEY_Y 0;32767 0;0
380 KEY_ZL;KEY_Y 0;32767 0;0
381 KEY_A 0;0 0;0
395 KEY_L 0;0 0;0
396 NONE -31927;-7370 0;0
397 NONE -31927;-7370 0;0
398 NONE -31927;-7370 0;0
399 NONE -31927;-7370 0;0
400 NONE -31927;-7370 0;0
401 NONE -31927;-7370 0;0
402 NONE -31927;-7370 0;0
403 KEY_ZL 0;0 0;0
404 KEY_ZL;KEY_Y 0;0 0;0
421 KEY_A -31927;-7370 0;0
422 KEY_A -31927;-7370 0;0
423 KEY_A -31927;-7370 0;0
424 KEY_A -31927;-7370 0;0
425 KEY_A -31927;-7370 0;0
426 KEY_A -31927;-7370 0;0
427 KEY_A -31927;-7370 0;0
428 NONE -31927;-7370 0;0
429 NONE -31927;-7370 0;0
430 NONE -31927;-7370 0;0
431 NONE -31927;-7370 0;0
432 NONE -31927;-7370 0;0
433 NONE -31927;-7370 0;0
434 NONE -31927;-7370 0;0
435 NONE -31927;-7370 0;0
436 NONE -31927;-7370 0;0
437 NONE 22347;-23964 0;0
438 NONE 9580;31335 0;0
439 NONE -31927;-7370 0;0
440 NONE -31927;-7370 0;0
441 NONE -31927;-7370 0;0
442 NONE -31927;-7370 0;0
443 NONE -31927;-7370 0;0
444 NONE 22347;-23964 0;0
445 NONE 9580;31335 0;0
446 NONE -31927;-7370 0;0
447 NONE -31927;-7370 0;0
448 NONE -31927;-7370 0;0
449 NONE -31927;-7370 0;0
450 NONE -31927;-7370 0;0
451 NONE 22347;-23964 0;0
452 NONE 9580;31335 0;0
453 NONE -31927;-7370 0;0
454 NONE -31927;-7370 0;0
455 NONE -31927;-7370 0;0
456 NONE -31927;-7370 0;0
457 NONE -31927;-7370 0;0
458 NONE 22347;-23964 0;0
459 NONE 9580;31335 0;0
460 NONE -31927;-7370 0;0
461 KEY_A -32767;0 0;0
462 KEY_ZL -32767;0 0;0
463 KEY_ZL -32767;0 0;0
464 KEY_ZL -32767;0 0;0
465 KEY_A -32767;0 0;0
466 NONE -32767;0 0;0
467 NONE -32767;0 0;0
468 NONE -32767;0 0;0
469 NONE -32767;0 0;0
470 NONE -32767;0 0;0
471 NONE -32767;0 0;0
472 NONE -32767;0 0;0
473 NONE -32767;0 0;0
474 NONE -32767;0 0;0
475 NONE -32767;0 0;0
476 NONE -32767;0 0;0
477 NONE -32767;0 0;0
478 NONE -32767;0 0;0
479 NONE -32767;0 0;0
480 NONE -32767;0 0;0
481 NONE -32767;0 0;0
482 NONE -32767;0 0;0
483 NONE -32767;0 0;0
484 NONE -32767;0 0;0
485 NONE -32767;0 0;0
486 NONE -32767;0 0;0
487 NONE -32767;0 0;0
488 KEY_DUP -32767;0 0;0
489 KEY_DUP -32767;0 0;0
490 KEY_DUP -32767;0 0;0
491 KEY_DUP -32767;0 0;0
492 KEY_DUP -32767;0 0;0
493 KEY_DUP -32767;0 0;0
494 KEY_DUP -32767;0 0;0
495 KEY_DUP -32767;0 0;0
496 KEY_DUP -32767;0 0;0
497 KEY_DUP -32767;0 0;0
498 KEY_DUP -32767;0 0;0
499 KEY_DUP -32767;0 0;0
500 KEY_DUP -32767;0 0;0
501 KEY_DUP -32767;0 0;0
502 KEY_ZL 0;0 0;0
503 KEY_ZL;KEY_Y -32767;0 0;0
504 KEY_ZL;KEY_Y -32767;0 0;0
505 KEY_ZL;KEY_Y -32767;0 0;0
506 KEY_ZL;KEY_Y -32767;0 0;0
507 KEY_ZL;KEY_Y -32767;0 0;0
508 KEY_ZL;KEY_Y -32767;0 0;0
509 KEY_ZL;KEY_Y -32767;0 0;0
510 KEY_ZL;KEY_Y -32767;0 0;0
511 KEY_ZL;KEY_Y -32767;0 0;0
512 KEY_ZL;KEY_Y -32767;0 0;0
513 KEY_ZL;KEY_Y -32767;0 0;0
514 KEY_ZL;KEY_Y -32767;0 0;0
515 KEY_ZL;KEY_Y -32767;0 0;0
516 KEY_ZL;KEY_Y -32767;0 0;0
517 KEY_ZL;KEY_Y -32767;0 0;0
518 NONE 32767;0 0;0
519 NONE 32767;0 0;0
520 NONE 32767;0 0;0
521 NONE 32767;0 0;0
522 NONE 32767;0 0;0
523 NONE 32767;0 0;0
524 NONE 32767;0 0;0
525 NONE 32767;0 0;0
526 KEY_ZL 0;0 0;0
527 KEY_ZL;KEY_Y 0;0 0;0
541 NONE -32767;0 0;0
542 NONE -32767;0 0;0
543 KEY_A -32767;0 0;0
561 KEY_L -10125;31163 0;0
562 NONE -10125;31163 0;0
563 NONE -10125;31163 0;0
564 NONE -10125;31163 0;0
565 NONE -10125;31163 0;0
566 NONE -10125;31163 0;0
567 NONE -10125;31163 0;0
568 NONE -10125;31163 0;0
569 KEY_ZL 0;0 0;0
570 KEY_ZL;KEY_Y 0;0 0;0
571 KEY_Y -30790;-11206 0;0
572 KEY_Y -30790;-11206 0;0
573 KEY_Y -30790;-11206 0;0
574 KEY_Y -30790;-11206 0;0
575 KEY_Y -30790;-11206 0;0
576 KEY_Y -30790;-11206 0;0
577 KEY_Y -30790;-11206 0;0
578 KEY_Y -30790;-11206 0;0
579 KEY_Y -30790;-11206 0;0
580 KEY_Y -30790;-11206 0;0
581 NONE -30790;-11206 0;0
582 NONE -30790;-11206 0;0
583 NONE -30790;-11206 0;0
584 NONE -30790;-11206 0;0
585 NONE -30790;-11206 0;0
586 NONE -30790;-11206 0;0
587 NONE -30790;-11206 0;0
588 NONE -30790;-11206 0;0
589 NONE -30790;-11206 0;0
590 NONE -30790;-11206 0;0
591 KEY_ZL -30790;-11206 0;-32767
592 KEY_ZL;KEY_Y 0;0 0;-32767
593 KEY_Y 0;0 0;-32767
594 KEY_Y 0;0 0;-32767
595 KEY_Y 0;0 0;-32767
596 KEY_Y 0;0 0;-32767
597 KEY_Y 0;0 0;-32767
598 KEY_Y 0;0 0;-32767
599 KEY_Y 0;0 0;-32767
600 KEY_Y 0;0 0;-32767
601 KEY_Y 0;32767 0;-32767
602 KEY_Y 0;32767 0;-32767
603 KEY_Y 0;32767 0;-32767
604 KEY_A;KEY_Y 0;0 0;-32767
605 NONE 0;0 0;-32767
606 NONE 0;0 0;-32767
607 NONE 0;0 0;-32767
608 KEY_DUP 0;0 0;-32767
609 NONE 32767;0 0;-32767
610 NONE -32767;0 0;-32767
611 NONE -32767;0 0;-32767
612 NONE -32767;0 0;-32767
613 NONE -32767;0 0;-32767
614 NONE -32767;0 0;-32767
615 NONE -32767;0 0;-32767
616 KEY_ZL -32767;0 0;-32767
617 KEY_ZL;KEY_Y 0;0 0;-32767
618 KEY_Y 0;32767 0;-32767
619 KEY_Y 0;32767 0;-32767
620 KEY_Y 0;32767 0;-32767
621 KEY_Y 0;32767 0;-32767
622 KEY_Y 0;32767 0;-32767
623 KEY_Y 0;32767 0;-32767
624 KEY_Y 0;32767 0;-32767
625 KEY_A;KEY_Y 0;0 0;0
626 KEY_Y 0;0 0;0
627 KEY_Y 0;0 0;0
628 KEY_Y 0;0 0;0
629 KEY_Y 0;0 0;0
630 KEY_Y 0;0 0;0
631 KEY_Y 0;0 0;0
632 KEY_Y 0;0 0;0
633 KEY_Y 0;0 0;0
634 KEY_Y 0;0 0;0
635 KEY_Y 0;0 0;0
636 KEY_Y 32767;0 0;0
637 KEY_Y 32767;0 0;0
638 KEY_Y -32767;0 0;0
639 KEY_Y -32767;0 0;0
640 KEY_Y -32767;0 0;0
641 KEY_Y -32767;0 0;0
642 KEY_Y -32767;0 0;0
643 KEY_Y -32767;0 0;0
644 KEY_ZL -32767;0 0;0
645 KEY_ZL;KEY_Y 0;0 0;0
646 KEY_Y 0;32767 0;0
647 KEY_Y 0;32767 0;0
648 KEY_Y 0;32767 0;0
649 KEY_Y 0;32767 0;0
650 KEY_Y 0;32767 0;0
651 KEY_Y 0;32767 0;0
652 KEY_Y 0;32767 0;0
653 KEY_A 0;0 0;0
658 KEY_L 0;0 0;0
659 NONE -32767;0 0;0
661 KEY_ZL 0;0 0;0
662 KEY_ZL;KEY_Y 0;0 0;0
663 KEY_Y 0;32767 0;0
664 KEY_Y 0;32767 0;0
665 KEY_Y 0;32767 0;0
666 KEY_Y 0;32767 0;0
667 KEY_Y 0;32767 0;0
668 KEY_Y 0;32767 0;0
669 KEY_Y 0;32767 0;0
670 KEY_Y 0;32767 0;0
671 KEY_A;KEY_Y 0;0 0;0
675 KEY_DUP 0;0 0;0
676 NONE 32767;0 0;0
677 NONE 32767;0 0;0
678 NONE 32767;0 0;0
679 NONE -32767;0 0;0
680 NONE -32767;0 0;0
681 NONE -32767;0 0;0
682 NONE -32767;0 0;0
683 KEY_ZL -32767;0 0;0
684 KEY_ZL;KEY_Y 0;0 0;0
685 KEY_Y 0;32767 0;0
686 KEY_Y 0;32767 0;0
687 KEY_Y 0;32767 0;0
688 KEY_Y 0;32767 0;0
689 KEY_Y 0;32767 0;0
690 KEY_Y 0;32767 0;0
691 KEY_Y 0;32767 0;0
692 KEY_A;KEY_Y 0;0 0;0
693 KEY_Y 0;0 0;0
694 KEY_Y 0;0 0;0
695 KEY_Y 0;0 0;0
696 KEY_Y 0;0 0;0
697 KEY_Y 0;0 0;0
698 KEY_Y 0;0 0;0
699 KEY_Y 0;0 0;0
700 KEY_Y 0;0 0;0
701 KEY_Y 0;0 0;0
702 KEY_Y 32767;0 0;0
703 KEY_Y -16711;0 0;0
704 KEY_Y -16711;0 0;0
705 KEY_Y -16711;0 0;0
706 KEY_Y -16711;0 0;0
707 KEY_Y -16711;0 0;0
708 KEY_ZL -16711;0 0;0
709 KEY_ZL;KEY_Y 0;0 0;0
710 KEY_Y 32767;0 0;0
711 KEY_Y 32767;0 0;0
712 KEY_Y 32767;0 0;0
713 KEY_Y 32767;0 0;0
714 KEY_Y 32767;0 0;0
715 KEY_Y 32767;0 0;0
716 KEY_Y 0;32767 0;0
717 KEY_Y 0;32767 0;0
718 KEY_A;KEY_Y 0;32767 0;0
723 KEY_L 0;0 0;0
724 NONE -32767;0 0;0
731 KEY_ZL 0;0 0;0
732 KEY_ZL;KEY_Y 0;0 0;0
733 KEY_Y 0;32767 0;0
734 KEY_Y 0;32767 0;0
735 KEY_Y 0;32767 0;0
736 KEY_Y 0;32767 0;0
737 KEY_Y 0;32767 0;0
738 KEY_Y 0;32767 0;0
739 KEY_Y 0;32767 0;0
740 KEY_Y 0;32767 0;0
741 KEY_A 0;0 0;0
746 KEY_DUP 0;0 0;0
747 NONE 32767;0 0;0
748 NONE -32767;0 0;0
749 NONE -32767;0 0;0
750 NONE -32767;0 0;0
751 NONE -32767;0 0;0
752 NONE -32767;0 0;0
753 NONE -32767;0 0;0
754 KEY_ZL -32767;0 0;0
755 KEY_ZL;KEY_Y 0;0 0;0
756 KEY_Y 0;32767 0;0
757 KEY_Y 0;32767 0;0
758 KEY_Y 0;32767 0;0
759 KEY_Y 0;32767 0;0
760 KEY_Y 0;32767 0;0
761 KEY_Y 0;32767 0;0
762 KEY_L;KEY_Y 0;32767 0;0
763 KEY_A;KEY_Y 0;0 0;0
764 KEY_Y 0;0 0;0
765 KEY_Y 0;0 0;0
766 KEY_Y 0;0 0;0
767 KEY_Y 0;0 0;0
768 KEY_Y 0;0 0;0
769 KEY_Y 0;0 0;0
770 KEY_Y 0;0 0;0
771 KEY_Y 0;0 0;0
772 KEY_Y 0;0 0;0
773 KEY_Y 32767;0 0;0
774 KEY_Y 32767;0 0;0
775 KEY_Y 32767;0 0;0
776 KEY_Y -32767;0 0;0
777 KEY_Y -29696;13847 0;0
778 KEY_Y -21062;25100 0;0
779 KEY_Y -8480;31650 0;0
780 KEY_Y 5689;32269 0;0
781 KEY_Y 18794;26841 0;0
782 KEY_ZL 30790;11206 0;0
783 KEY_ZL;KEY_Y 0;0 0;0
784 KEY_Y 0;32767 0;0
785 KEY_Y 0;32767 0;0
786 KEY_Y 0;32767 0;0
787 KEY_Y 0;32767 0;0
788 KEY_Y 0;32767 0;0
789 KEY_Y 0;32767 0;0
790 KEY_Y 0;32767 0;0
791 KEY_Y 0;32767 0;0
792 KEY_A;KEY_Y 0;32767 0;0
800 KEY_DUP 0;0 0;0
801 NONE 32767;0 0;0
802 NONE -32767;0 0;0
803 NONE -32767;0 0;0
804 NONE -32767;0 0;0
805 NONE -32767;0 0;0
806 NONE -32767;0 0;0
807 NONE -32767;0 0;0
808 KEY_ZL -32767;0 0;0
809 KEY_ZL;KEY_Y 0;0 0;0
810 KEY_Y 0;32767 0;0
811 KEY_Y 0;32767 0;0
812 KEY_Y 0;32767 0;0
813 KEY_Y 0;32767 0;0
814 KEY_Y 0;32767 0;0
815 KEY_Y 0;32767 0;0
816 KEY_Y 0;32767 0;0
817 KEY_Y 0;32767 0;0
818 KEY_L;KEY_Y 0;32767 0;0
819 KEY_A;KEY_Y 0;0 0;0
820 KEY_Y 0;0 0;0
821 KEY_Y 0;0 0;0
822 KEY_Y 0;0 0;0
823 KEY_Y 0;0 0;0
824 KEY_Y 0;0 0;0
825 KEY_Y 0;0 0;0
826 KEY_Y 0;0 0;0
827 KEY_Y 0;0 0;0
828 KEY_Y 0;0 0;0
829 KEY_Y 0;0 0;0
830 KEY_Y 0;0 0;0
831 KEY_Y 0;0 0;0
832 KEY_Y 0;0 0;0
833 KEY_Y -32767;0 0;0
834 KEY_Y -32767;0 0;0
835 KEY_Y -32767;0 0;0
836 KEY_Y -32767;0 0;0
837 KEY_Y -32767;0 0;0
838 KEY_Y -32767;0 0;0
839 KEY_ZL -32767;0 0;0
840 KEY_ZL;KEY_Y 0;0 0;0
841 KEY_Y 0;32767 0;0
842 KEY_Y 0;32767 0;0
843 KEY_Y 0;32767 0;0
844 KEY_Y 0;32767 0;0
845 KEY_Y 0;32767 0;0
846 KEY_Y 0;32767 0;0
847 KEY_Y 0;32767 0;0
848 KEY_Y 0;32767 0;0
849 KEY_Y 0;32767 0;0
850 KEY_A 0;0 0;0
855 KEY_ZL 0;0 0;0
856 KEY_ZL;KEY_Y 0;0 0;0
857 KEY_Y 0;32767 0;0
858 KEY_Y 0;32767 0;0
859 KEY_Y 0;32767 0;0
860 KEY_Y 0;32767 0;0
861 KEY_Y 0;32767 0;0
862 KEY_Y 0;32767 0;0
863 KEY_Y 0;32767 0;0
864 KEY_Y 0;32767 0;0
865 KEY_A 0;0 0;0
868 KEY_L 0;0 0;0
869 NONE 32767;0 0;0
876 KEY_ZL 0;0 0;0
877 KEY_ZL;KEY_Y 0;0 0;0
882 NONE 32767;0 0;0
883 NONE 32767;0 0;0
884 NONE 32767;0 0;0
885 NONE 32767;0 0;0
886 NONE 32767;0 0;0
887 NONE 32767;0 0;0
888 KEY_A 0;0 0;0
908 KEY_DUP 0;0 0;0
909 NONE -25100;21062 0;0
910 NONE 32448;-4560 0;0
911 NONE 32448;-4560 0;0
912 NONE 32448;-4560 0;0
913 NONE 32448;-4560 0;0
914 NONE 32448;-4560 0;0
915 NONE 32448;-4560 0;0
916 NONE 32448;-4560 0;0
917 NONE 32448;-4560 0;0
918 NONE 32448;-4560 0;0
919 NONE 32448;-4560 0;0
920 NONE 32448;-4560 0;0
921 NONE 32448;-4560 0;0
922 NONE 32448;-4560 0;0
923 NONE 32448;-4560 0;0
924 NONE 32448;-4560 0;0
925 NONE 32448;-4560 0;0
926 NONE 32448;-4560 0;0
927 NONE -14472;8355 0;0
928 KEY_ZL;KEY_L -14472;8355 0;0
929 KEY_ZL;KEY_Y 0;0 0;0
940 NONE 0;32767 0;0
941 NONE 0;32767 0;0
942 NONE 0;32767 0;0
943 NONE 0;32767 0;0
944 NONE 0;32767 0;0
945 NONE 0;32767 0;0
947 KEY_A -32767;0 0;0
948 KEY_A -32767;0 0;0
949 KEY_A -32767;0 0;0
950 KEY_A -32767;0 0;0
951 KEY_A -32767;0 0;0
952 KEY_A -32767;0 0;0
953 KEY_A -32767;0 0;0
954 KEY_A -32767;0 0;0
955 KEY_A -32767;0 0;0
956 NONE -32767;0 0;0
957 NONE -32767;0 0;0
958 NONE -32767;0 0;0
959 NONE -32767;0 0;0
960 NONE -32767;0 0;0
961 NONE -32767;0 0;0
962 KEY_L -32767;0 0;0
963 NONE -32269;5689 0;0
964 NONE -28377;16383 0;0
965 NONE -28377;16383 0;0
966 NONE -28377;16383 0;0
967 NONE -28377;16383 0;0
968 NONE -28377;16383 0;0
969 NONE -28377;16383 0;0
970 NONE -28377;16383 0;0
971 KEY_ZL -28377;16383 0;0
972 KEY_ZL;KEY_Y 0;0 -32767;0
973 KEY_Y -19947;25995 -32767;0
974 KEY_Y -19947;25995 -32767;0
975 KEY_Y -19947;25995 -32767;0
976 KEY_Y -19947;25995 -32767;0
977 KEY_Y -19947;25995 -32767;0
978 KEY_Y -19947;25995 -32767;0
979 KEY_Y -19947;25995 -32767;0
980 KEY_Y -19947;25995 -32767;0
981 KEY_Y -19947;25995 -32767;0
982 KEY_Y -19947;25995 -32767;0
983 KEY_Y -19947;25995 -32767;0
984 KEY_Y -19947;25995 -32767;0
985 KEY_Y -19947;25995 -32767;0
986 KEY_Y -19947;25995 -32767;0
987 KEY_Y -19947;25995 -32767;0
988 KEY_Y -19947;25995 -32767;0
989 KEY_Y -19947;25995 -32767;0
990 KEY_Y -19947;25995 -32767;0
991 KEY_Y -19947;25995 -32767;0
992 KEY_Y -19947;25995 -32767;0
993 KEY_Y -19947;25995 -32767;0
994 KEY_Y -19947;25995 -32767;0
995 KEY_Y -19947;25995 -32767;0
996 KEY_Y -19947;25995 -32767;0
997 KEY_Y -19947;25995 -32767;0
998 KEY_Y -19947;25995 -32767;0
999 KEY_Y -19947;25995 -32767;0
1000 KEY_Y -19947;25995 -32767;0
1001 KEY_Y -19947;25995 -32767;0
1002 KEY_Y -19947;25995 -32767;0
1003 KEY_Y -19947;25995 -32767;0
1004 KEY_Y -19947;25995 -32767;0
1005 KEY_Y -19947;25995 -32767;0
1006 KEY_Y -19947;25995 -32767;0
1007 KEY_Y -19947;25995 -32767;0
1008 KEY_Y -19947;25995 -32767;0
1009 KEY_Y -19947;25995 -32767;0
1010 KEY_Y -19947;25995 -32767;0
1011 KEY_Y -19947;25995 -32767;0
1012 KEY_Y -19947;25995 -32767;0
1013 KEY_Y -19947;25995 -32767;0
1014 KEY_Y -19947;25995 -32767;0
1015 KEY_Y -19947;25995 -32767;0
1016 KEY_Y -19947;25995 -32767;0
1017 KEY_Y -19947;25995 -32767;0
1018 KEY_Y -19947;25995 -32767;0
1019 KEY_Y -19947;25995 -32767;0
1020 KEY_Y -19947;25995 -32767;0
1021 KEY_Y -19947;25995 -32767;0
1022 KEY_Y -19947;25995 -32767;0
1023 KEY_Y -19947;25995 -32767;0
1024 KEY_Y -19947;25995 -32767;0
1025 KEY_Y -19947;25995 -32767;0
1026 KEY_Y -19947;25995 -32767;0
1027 KEY_Y -19947;25995 -32767;0
1028 KEY_Y -19947;25995 -32767;0
1029 KEY_Y -19947;25995 -32767;0
1030 KEY_Y -19947;25995 -32767;0
1031 KEY_Y -19947;25995 -32767;0
1032 KEY_Y -19947;25995 -32767;0
1033 KEY_Y 0;0 -32767;0
1034 KEY_Y 0;0 -32767;0
1035 KEY_Y 0;0 -32767;0
1036 KEY_Y 0;0 -32767;0
1037 KEY_Y 0;0 -32767;0
1038 KEY_Y 0;0 -32767;0
1039 KEY_Y 0;0 -32767;0
1040 KEY_Y 0;0 -32767;0
1041 KEY_Y 0;0 -32767;0
1042 KEY_Y 0;0 -32767;0
1043 KEY_Y 0;0 -32767;0
1044 KEY_Y 0;0 -32767;0
1045 KEY_Y 0;0 -32767;0
1046 KEY_Y 0;0 -32767;0
1047 KEY_Y 0;0 -32767;0
1048 KEY_Y 0;0 -32767;0
1049 KEY_Y 0;0 -32767;0
1050 KEY_Y 0;0 -32767;0
1051 KEY_Y 0;0 -32767;0
1052 KEY_Y 0;0 -32767;0
1053 KEY_Y 0;0 -32767;0
1054 KEY_Y 0;0 -32767;0
1055 KEY_Y 0;0 -32767;0
1056 KEY_Y 0;0 -32767;0
1057 KEY_Y 0;0 -32767;0
1058 KEY_Y 0;0 -32767;0
1059 KEY_Y 0;0 -32767;0
1060 KEY_Y 0;0 -32767;0
1061 KEY_Y 0;0 -32767;0
1062 KEY_Y 0;0 -32767;0
1063 KEY_Y 0;0 -32767;0
1064 KEY_Y 0;0 -32767;0
1065 KEY_Y 0;0 -32767;0
1066 KEY_Y 0;0 -32767;0
1067 KEY_Y 0;0 -32767;0
1068 KEY_Y 0;0 -32767;0
1069 KEY_Y 0;0 -32767;0
1070 KEY_Y 0;0 -32767;0
1071 KEY_Y 0;0 -32767;0
1072 KEY_Y 0;0 -32767;0
1073 KEY_Y 0;0 -32767;0
1074 KEY_Y 0;0 -32767;0
1075 KEY_Y 0;0 -32767;0
1076 KEY_Y 0;0 -32767;0
1077 KEY_Y 0;0 -32767;0
1078 KEY_Y 0;0 -32767;0
1079 KEY_Y 0;0 -32767;0
1080 KEY_Y 0;0 -32767;0
1081 KEY_Y 0;0 -32767;0
1082 KEY_Y 0;0 -32767;0
1083 KEY_Y 0;0 -32767;0
1084 KEY_Y 0;0 -32767;0
1085 KEY_Y 0;0 -32767;0
1086 KEY_Y 0;0 -32767;0
1087 KEY_Y 0;0 -32767;0
1088 KEY_Y 0;0 -32767;0
1089 KEY_Y 0;0 -32767;0
1090 KEY_Y 0;0 -32767;0
1091 KEY_Y 0;0 -32767;0
1092 KEY_Y 0;0 -32767;0
1093 KEY_Y 0;0 -32767;0
1094 KEY_Y 0;0 -32767;0
1095 KEY_Y 0;0 -32767;0
1096 KEY_Y 0;0 -32767;0
1097 KEY_Y 0;0 -32767;0
1098 KEY_Y 0;0 -32767;0
1099 KEY_Y 0;0 -32767;0
1100 KEY_Y 0;0 -32767;0
1101 KEY_Y 0;0 -32767;0
1102 KEY_Y 0;0 -32767;0
1103 KEY_Y 0;0 -32767;0
1104 KEY_Y 0;0 -32767;0
1105 KEY_Y 0;0 -32767;0
1106 KEY_Y 0;0 -32767;0
1107 KEY_Y 0;0 -32767;0
1108 KEY_Y 0;0 -32767;0
1109 KEY_Y 0;0 -32767;0
1110 KEY_Y 0;0 -32767;0
1111 KEY_Y 0;0 -32767;0
1112 KEY_Y 0;0 -32767;0
1113 KEY_Y 0;0 -32767;0
1114 KEY_Y 0;0 -32767;0
1115 KEY_Y 0;0 -32767;0
1116 KEY_Y 0;0 -32767;0
1117 KEY_Y 0;0 -32767;0
1118 KEY_Y 0;0 -32767;0
1119 KEY_Y 0;0 -32767;0
1120 KEY_Y 0;0 -32767;0
1121 KEY_Y 0;0 -32767;0
1122 KEY_Y 0;0 -32767;0
1123 KEY_Y 0;0 -32767;0
1124 KEY_Y 0;0 -32767;0
1125 KEY_Y 0;0 -32767;0
1126 KEY_Y 0;0 -32767;0
1127 KEY_Y 0;0 -32767;0
1128 KEY_Y 0;0 -32767;0
1129 KEY_Y 0;0 -32767;0
1130 KEY_Y 0;0 -32767;0
1131 KEY_Y 0;0 -32767;0
1132 KEY_Y 0;0 -32767;0
1133 KEY_Y 0;0 -32767;0
1134 KEY_Y 0;0 -32767;0
1135 KEY_Y 0;0 -32767;0
1136 KEY_Y 0;0 -32767;0
1137 KEY_Y 0;0 -32767;0
1138 KEY_Y 0;0 -32767;0
1139 KEY_Y 0;0 -32767;0
1140 KEY_Y 0;0 -32767;0
1141 KEY_Y 0;0 -32767;0
1142 KEY_Y 0;0 -32767;0
1143 KEY_Y 0;0 -32767;0
1144 KEY_Y 0;0 -32767;0
1145 KEY_Y 0;0 -32767;0
1146 KEY_Y 0;0 -32767;0
1147 KEY_Y 0;0 -32767;0
1148 KEY_Y 0;0 -32767;0
1149 KEY_Y 0;0 -32767;0
1150 KEY_Y 0;0 -32767;0
1151 KEY_Y 0;0 -32767;0
1152 KEY_Y 0;0 -32767;0
1153 KEY_Y 32767;0 -32767;0
1154 KEY_Y -16383;28377 -32767;0
1155 KEY_Y -16383;-28377 -32767;0
1156 KEY_Y 32767;0 -32767;0
1157 KEY_Y -16383;28377 -32767;0
1158 KEY_Y -16383;-28377 -32767;0
1159 KEY_Y 32767;0 -32767;0
1160 KEY_Y -16383;28377 -32767;0
1161 KEY_Y -16383;-28377 -32767;0
1162 KEY_Y 32767;0 -32767;0
1163 KEY_Y -16383;28377 -32767;0
1164 KEY_Y -16383;-28377 -32767;0
1165 KEY_Y 32767;0 -32767;0
1166 KEY_Y -16383;28377 -32767;0
1167 KEY_Y -16383;-28377 -32767;0
1168 KEY_Y 32767;0 -32767;0
1169 KEY_Y -16383;28377 -32767;0
1170 KEY_Y -16383;-28377 -32767;0
1171 KEY_Y 32767;0 -32767;0
1172 KEY_Y -16383;28377 -32767;0
1173 KEY_Y -16383;-28377 -32767;0
1174 KEY_Y 32767;0 -32767;0
1175 KEY_Y -16383;28377 -32767;0
1176 KEY_Y -16383;-28377 -32767;0
1177 KEY_Y 32767;0 -32767;0
1178 KEY_Y -16383;28377 -32767;0
1179 KEY_Y -16383;-28377 -32767;0
1180 KEY_Y 32767;0 -32767;0
1181 KEY_Y -16383;28377 -32767;0
1182 KEY_Y -16383;-28377 -32767;0
1183 KEY_Y 32767;0 -32767;0
1184 KEY_Y -16383;28377 -32767;0
1185 KEY_Y -16383;-28377 -32767;0
1186 KEY_Y 32767;0 -32767;0
1187 KEY_Y -16383;28377 -32767;0
1188 KEY_Y -16383;-28377 -32767;0
1189 KEY_Y 32767;0 -32767;0
1190 KEY_Y -16383;28377 -32767;0
1191 KEY_Y -16383;-28377 -32767;0
1192 KEY_Y 32767;0 -32767;0
1193 KEY_Y -28377;16383 -32767;0
1194 KEY_Y -28377;16383 -32767;0
1195 KEY_Y -28377;16383 -32767;0
1196 KEY_Y -28377;16383 -32767;0
1197 KEY_Y -28377;16383 -32767;0
1198 KEY_Y -28377;16383 -32767;0
1199 KEY_Y -28377;16383 -32767;0
1200 KEY_Y -28377;16383 -32767;0
1201 KEY_Y -28377;16383 -32767;0
1202 KEY_Y -28377;16383 -32767;0
1203 KEY_Y -28377;16383 -32767;0
1204 KEY_Y -28377;16383 -32767;0
1205 KEY_Y -28377;16383 -32767;0
1206 KEY_Y -28377;16383 -32767;0
1207 KEY_Y -28377;16383 -32767;0
1208 KEY_Y -28377;16383 -32767;0
1209 KEY_Y -28377;16383 -32767;0
1210 KEY_Y -28377;16383 -32767;0
1211 KEY_Y -28377;16383 -32767;0
1212 KEY_Y -28377;16383 -32767;0
1213 KEY_A;KEY_Y -28377;16383 -32767;0
1214 KEY_ZL;KEY_Y -21497;-24729 -32767;0
1215 KEY_ZL;KEY_Y -21497;-24729 -32767;0
1216 KEY_ZL;KEY_Y -21497;-24729 -32767;0
1217 KEY_ZL;KEY_Y -21497;-24729 -32767;0
1218 KEY_ZL;KEY_Y -21497;-24729 -32767;0
1219 KEY_ZL;KEY_Y -21497;-24729 -32767;0
1220 KEY_ZL;KEY_Y -21497;-24729 -32767;0
1221 KEY_ZL;KEY_X;KEY_Y -21497;-24729 -32767;0
1222 KEY_Y -21497;-24729 0;0
1223 KEY_Y -21497;-24729 0;0
1224 KEY_Y 24729;-21497 0;0
1225 NONE 24729;-21497 0;0
1226 NONE 24729;-21497 0;0
1227 NONE 24729;-21497 0;0
1228 NONE 24729;-21497 0;0
1229 NONE 24729;-21497 0;0
1230 NONE 24729;-21497 0;0
1231 NONE 24729;-21497 0;0
1232 NONE 24729;-21497 0;0
1233 NONE 24729;-21497 0;0
1234 NONE 24729;-21497 0;0
1235 NONE 24729;-21497 0;0
1236 NONE 24729;-21497 0;0
1237 NONE 24729;-21497 0;0
1238 NONE 24729;-21497 0;0
1239 NONE 24729;-21497 0;0
1240 NONE 24729;-21497 0;0
1241 NONE 24729;-21497 0;0
1242 NONE 24729;-21497 0;0
1243 NONE 24729;-21497 0;0
1244 NONE 24729;-21497 0;0
1245 NONE 24729;-21497 0;0
1246 NONE 24729;-21497 0;0
1247 NONE 24729;-21497 0;0
1248 NONE 24729;-21497 0;0
1249 NONE 24729;-21497 0;0
1250 NONE 24729;-21497 0;0
1251 NONE 24729;-21497 0;0
1252 NONE 24729;-21497 0;0
1253 NONE 24729;-21497 0;0
1254 NONE 24729;-21497 0;0
1255 NONE 24729;-21497 0;0
1256 NONE 24420;-21847 0;0
1257 NONE 24107;-22192 0;0
1258 NONE 23788;-22534 0;0
1259 NONE 23464;-22870 0;0
1260 NONE 23136;-23202 0;0
1261 NONE 22803;-23530 0;0
1262 NONE 22466;-23852 0;0
1263 NONE 22124;-24170 0;0
1264 NONE 21777;-24482 0;0
1265 NONE 21426;-24790 0;0
1266 NONE 21071;-25093 0;0
1267 NONE 20711;-25391 0;0
1268 NONE 20347;-25683 0;0
1269 NONE 19979;-25970 0;0
1270 NONE 19607;-26252 0;0
1271 NONE 19231;-26529 0;0
1272 NONE 18851;-26800 0;0
1273 NONE 18467;-27066 0;0
1274 NONE 18080;-27327 0;0
1275 NONE 17689;-27581 0;0
1276 NONE 17294;-27831 0;0
1277 NONE 16896;-28074 0;0
1278 NONE 16494;-28312 0;0
1279 NONE 16089;-28544 0;0
1280 NONE 15681;-28771 0;0
1281 NONE 15269;-28991 0;0
1282 NONE 14855;-29206 0;0
1283 NONE 14437;-29414 0;0
1284 NONE 14016;-29617 0;0
1285 NONE 13593;-29814 0;0
1286 NONE 13167;-30004 0;0
1287 NONE 12738;-30189 0;0
1288 NONE 12307;-30367 0;0
1289 NONE 11873;-30540 0;0
1290 NONE 11436;-30706 0;0
1291 NONE 10998;-30866 0;0
1292 NONE 10557;-31019 0;0
1293 NONE 10114;-31166 0;0
1294 NONE 9669;-31307 0;0
1295 NONE 9222;-31442 0;0
1296 NONE 8773;-31570 0;0
1297 NONE 8322;-31692 0;0
1298 NONE 7870;-31807 0;0
1299 NONE 7416;-31916 0;0
1300 NONE 6960;-32019 0;0
1301 NONE 6504;-32114 0;0
1302 NONE 6045;-32204 0;0
1303 NONE 5586;-32287 0;0
1304 NONE 5125;-32363 0;0
1332 KEY_L 0;0 0;0
1333 NONE -32722;-1714 0;0
1340 KEY_ZL 0;0 0;0
1341 KEY_ZL;KEY_Y 0;0 0;0
1342 KEY_Y 0;0 0;0
1343 KEY_Y 0;0 0;0
1344 KEY_Y 0;0 0;0
1345 KEY_Y 0;0 0;0
1346 KEY_Y 0;0 0;0
1347 KEY_Y 0;0 0;0
1348 KEY_Y 0;0 0;0
1349 KEY_Y 0;0 0;0
1350 KEY_Y 0;0 0;0
1351 KEY_Y 0;0 0;0
1352 KEY_Y 0;0 0;0
1353 KEY_Y 0;0 0;0
1354 KEY_Y 0;0 0;0
1355 KEY_Y 0;0 0;0
1356 KEY_Y 0;0 0;0
1357 KEY_Y 0;0 0;0
1358 KEY_Y 0;0 0;0
1359 KEY_Y 0;0 0;0
1360 KEY_Y 0;0 0;0
1361 KEY_Y 0;0 0;0
1362 KEY_Y 0;0 0;0
1363 KEY_Y 0;0 0;0
1364 KEY_Y 0;0 0;0
1365 KEY_Y 0;0 0;0
1366 KEY_Y 0;0 0;0
1367 KEY_Y 0;0 0;0
1368 KEY_Y 0;0 0;0
1369 KEY_Y -32317;-5408 0;0
1382 KEY_ZL 0;0 0;0
1383 KEY_ZL;KEY_Y 0;0 0;0
1384 KEY_ZL 0;0 0;0
1385 KEY_ZL 0;0 0;0
1386 KEY_ZL 0;0 0;0
1387 KEY_ZL 0;0 0;0
1388 KEY_ZL 0;0 0;0
1389 KEY_ZL 0;0 0;0
1390 KEY_ZL 0;0 0;0
1391 KEY_ZL 0;0 0;0
1392 KEY_ZL 0;0 0;0
1393 KEY_ZL 0;0 0;0
1394 KEY_ZL 0;0 0;0
1395 KEY_ZL 0;0 0;0
1396 KEY_ZL 0;0 0;0
1397 KEY_ZL 0;0 0;0
1398 KEY_ZL 0;0 0;0
1399 KEY_ZL 0;0 0;0
1400 KEY_ZL 0;0 0;0
1401 KEY_ZL 0;0 0;0
1402 KEY_ZL 0;0 0;0
1403 KEY_ZL 0;0 0;0
1404 KEY_ZL 0;0 0;0
1405 KEY_ZL;KEY_L 0;0 0;0
1406 KEY_ZL 0;0 0;0
1407 KEY_ZL 0;0 0;0
1408 KEY_ZL 0;0 0;0
1409 KEY_ZL 0;0 0;0
1410 KEY_ZL 0;0 0;0
1411 KEY_ZL 0;0 0;0
1412 KEY_ZL 0;0 0;0
1413 KEY_ZL 0;0 0;0
1414 KEY_ZL 0;0 0;0
1415 KEY_ZL 0;0 0;0
1416 KEY_ZL 0;0 0;0
1417 KEY_ZL 0;0 0;0
1418 KEY_ZL 0;0 0;0
1419 KEY_ZL 0;0 0;0
1420 KEY_ZL 0;0 0;0
1421 KEY_ZL 0;0 0;0
1422 KEY_ZL 0;0 0;0
1423 KEY_ZL 0;0 0;0
1424 KEY_ZL 0;0 0;0
1425 KEY_ZL 0;0 0;0
1426 KEY_ZL 0;0 0;0
1427 KEY_ZL 0;0 0;0
1428 KEY_ZL;KEY_L 0;0 0;0
1429 KEY_ZL 0;0 0;0
1430 KEY_ZL 0;0 0;0
1431 KEY_ZL 0;0 0;0
1432 KEY_ZL 0;0 0;0
1433 KEY_ZL 0;0 0;0
1434 KEY_ZL 0;0 0;0
1435 KEY_ZL 0;0 0;0
1436 KEY_ZL 0;0 0;0
1437 KEY_ZL 0;0 0;0
1438 KEY_ZL 0;0 0;0
1439 KEY_ZL 0;0 0;0
1440 KEY_ZL 0;0 0;0
1441 KEY_ZL 0;0 0;0
1442 KEY_ZL 0;0 0;0
1443 KEY_ZL 0;0 0;0
1444 KEY_ZL;KEY_L 0;0 0;0
1445 KEY_ZL 0;0 0;0
1446 KEY_ZL 0;0 0;0
1447 KEY_ZL 0;0 0;0
1448 KEY_ZL 0;0 0;0
1449 KEY_ZL 0;0 0;0
1450 KEY_ZL 0;0 0;0
1451 KEY_ZL 0;0 0;0
1452 KEY_ZL 0;0 0;0
1453 KEY_ZL 0;0 0;0
1454 KEY_ZL 0;0 0;0
1455 KEY_ZL 0;0 0;0
1456 KEY_ZL 0;0 0;0
1457 KEY_ZL 0;0 0;0
1458 KEY_ZL 0;0 0;0
1459 KEY_ZL 0;0 0;0
1460 KEY_ZL 0;0 0;0
1461 KEY_ZL 0;0 0;0
1462 KEY_ZL;KEY_L 0;0 0;0
