0 NONE 0;0 0;0
1 NONE 0;0 0;0
2 NONE 0;0 0;0
3 NONE 0;0 0;0
4 NONE 0;0 0;0
5 NONE 0;0 0;0
6 NONE 0;0 0;0
7 NONE 0;0 0;0
8 NONE 0;0 0;0
9 NONE 0;0 0;0
10 NONE 0;0 0;0
11 NONE 0;0 0;0
12 NONE 0;0 0;0
13 NONE 0;0 0;0
14 NONE 0;0 0;0
15 NONE 0;0 0;0
16 NONE 0;0 0;0
17 NONE 0;0 0;0
18 NONE 0;0 0;0
19 NONE 0;0 0;0
20 NONE 0;0 0;0
21 NONE 0;0 0;0
22 NONE 0;0 0;0
23 NONE 0;0 0;0
24 NONE 0;0 0;0
25 NONE 0;0 0;0
26 NONE 0;0 0;0
27 NONE 0;0 0;0
28 NONE 0;0 0;0
29 NONE 0;0 0;0
30 NONE 0;0 0;0
31 NONE 0;0 0;0
32 NONE 0;0 0;0
33 NONE 0;0 0;0
34 NONE 0;0 0;0
35 NONE 0;0 0;0
36 NONE 0;0 0;0
37 NONE 0;0 0;0
38 NONE 0;0 0;0
39 NONE 0;0 0;0
40 NONE 0;0 0;0
41 NONE 0;0 0;0
42 NONE 0;0 0;0
43 NONE 0;0 0;0
44 NONE 0;0 0;0
45 NONE 0;0 0;0
46 NONE 0;0 0;0
47 NONE 0;0 0;0
48 NONE 0;0 0;0
49 NONE 0;0 0;0
50 NONE 0;0 0;0
51 NONE 0;0 0;0
52 NONE 0;0 0;0
53 NONE 0;0 0;0
54 NONE 0;0 0;0
55 NONE 0;0 0;0
56 NONE 0;0 0;0
57 NONE 0;0 0;0
58 NONE 0;0 0;0
59 NONE 0;0 0;0
60 NONE 0;0 0;0
61 NONE 0;0 0;0
62 NONE 0;0 0;0
63 NONE 0;0 0;0
64 NONE 0;0 0;0
65 NONE 0;0 0;0
66 NONE 0;0 0;0
67 NONE 0;0 0;0
68 NONE 0;0 0;0
69 NONE 0;0 0;0
70 NONE 0;0 0;0
71 NONE 0;0 0;0
72 NONE 0;0 0;0
73 NONE 0;0 0;0
74 NONE 0;0 0;0
75 NONE 0;0 0;0
76 NONE 0;0 0;0
77 NONE 0;0 0;0
78 NONE 0;0 0;0
79 NONE 0;0 0;0
80 NONE 0;0 0;0
81 NONE 0;0 0;0
82 NONE 0;0 0;0
83 NONE 0;0 0;0
84 NONE 0;0 0;0
85 NONE 0;0 0;0
86 NONE 0;0 0;0
87 NONE 0;0 0;0
88 NONE 0;0 0;0
89 NONE 0;0 0;0
90 NONE 0;0 0;0
91 NONE 0;0 0;0
92 NONE 0;0 0;0
93 NONE 0;0 0;0
94 NONE 0;0 0;0
95 NONE 0;0 0;0
96 NONE 0;0 0;0
97 NONE 0;0 0;0
98 NONE 0;0 0;0
99 NONE 0;0 0;0
100 NONE 0;0 0;0
101 NONE 0;0 0;0
102 NONE 0;0 0;0
103 NONE 0;0 0;0
104 NONE 0;0 0;0
105 NONE 0;0 0;0
106 NONE 0;0 0;0
107 NONE 0;0 0;0
108 NONE 0;0 0;0
109 NONE 0;0 0;0
110 NONE 0;0 0;0
111 NONE 0;0 0;0
112 NONE 0;0 0;0
113 NONE 0;0 0;0
114 NONE 0;0 0;0
115 NONE 0;0 0;0
116 NONE 0;0 0;0
117 NONE 0;0 0;0
118 NONE 0;0 0;0
119 NONE 0;0 0;0
120 NONE 0;0 0;0
121 NONE 0;0 0;0
122 NONE 0;0 0;0
123 NONE 0;0 0;0
124 NONE 0;0 0;0
125 NONE 0;0 0;0
126 NONE 0;0 0;0
127 NONE 0;0 0;0
128 NONE 0;0 0;0
129 NONE 0;0 0;0
130 NONE 0;0 0;0
131 NONE 0;0 0;0
132 NONE 0;0 0;0
133 NONE 0;0 0;0
134 NONE 0;0 0;0
135 NONE 0;0 0;0
136 NONE 0;0 0;0
137 NONE 0;0 0;0
138 NONE 0;0 0;0
139 NONE 0;0 0;0
140 NONE 0;0 0;0
141 NONE 0;0 0;0
142 NONE 0;0 0;0
143 NONE 0;0 0;0
144 NONE 0;0 0;0
145 NONE 0;0 0;0
146 NONE 0;0 0;0
147 NONE 0;0 0;0
148 NONE 0;0 0;0
149 NONE 0;0 0;0
150 NONE 0;0 0;0
151 NONE 0;0 0;0
152 NONE 0;0 0;0
153 NONE 0;0 0;0
154 NONE 0;0 0;0
155 NONE 0;0 0;0
156 NONE 0;0 0;0
157 NONE 0;0 0;0
158 NONE 0;0 0;0
159 NONE 0;0 0;0
160 NONE 0;0 0;0
161 NONE 0;0 0;0
162 NONE 0;0 0;0
163 NONE 0;0 0;0
164 NONE 0;0 0;0
165 NONE 0;0 0;0
166 NONE 0;0 0;0
167 NONE 0;0 0;0
168 NONE 0;0 0;0
169 NONE 0;0 0;0
170 NONE 0;0 0;0
171 NONE 0;0 0;0
172 NONE 0;0 0;0
173 NONE 0;0 0;0
174 NONE 0;0 0;0
175 NONE 0;0 0;0
176 NONE 0;0 0;0
177 NONE 0;0 0;0
178 NONE 0;0 0;0
179 NONE 0;0 0;0
180 NONE 0;0 0;0
181 NONE 0;0 0;0
182 NONE 0;0 0;0
183 NONE 0;0 0;0
184 NONE 0;0 0;0
185 NONE 0;0 0;0
186 NONE 0;0 0;0
187 NONE 0;0 0;0
188 NONE 0;0 0;0
189 NONE 0;0 0;0
190 NONE 0;0 0;0
191 NONE 0;0 0;0
192 NONE 0;0 0;0
193 NONE 0;0 0;0
194 NONE 0;0 0;0
195 NONE 0;0 0;0
196 NONE 0;0 0;0
197 NONE 0;0 0;0
198 NONE 0;0 0;0
199 NONE 0;0 0;0
200 NONE 0;0 0;0
201 NONE 0;0 0;0
202 NONE 0;0 0;0
203 NONE 32767;0 0;0
204 NONE -16376;28365 0;0
205 NONE -16382;-28377 0;0
206 NONE 32767;0 0;0
207 NONE -16376;28365 0;0
208 NONE -16382;-28377 0;0
209 NONE 32767;0 0;0
210 NONE -16376;28365 0;0
211 NONE -16382;-28377 0;0
212 NONE 32767;0 0;0
213 NONE -16376;28365 0;0
214 NONE -16382;-28377 0;0
215 NONE 32767;0 0;0
216 NONE -16376;28365 0;0
217 NONE -16382;-28377 0;0
218 NONE 32767;0 0;0
219 NONE -16376;28365 0;0
220 NONE -16382;-28377 0;0
221 NONE 32767;0 0;0
222 NONE -16376;28365 0;0
223 NONE -16382;-28377 0;0
224 NONE 32767;0 0;0
225 NONE -16376;28365 0;0
226 NONE -16382;-28377 0;0
227 NONE 32767;0 0;0
228 NONE -16376;28365 0;0
229 NONE -16382;-28377 0;0
230 NONE 32767;0 0;0
231 NONE -16376;28365 0;0
232 NONE -16382;-28377 0;0
233 NONE 32767;0 0;0
234 NONE -16376;28365 0;0
235 NONE -16382;-28377 0;0
236 NONE -9474;31367 0;0
237 NONE -9474;31367 0;0
238 NONE -9474;31367 0;0
239 NONE -9474;31367 0;0
240 NONE -9474;31367 0;0
241 KEY_A -9474;31367 0;0
242 KEY_ZR -9474;31367 0;0
243 KEY_ZR -9474;31367 0;0
244 KEY_ZR -9474;31367 0;0
245 KEY_ZR -9474;31367 0;0
246 KEY_Y;KEY_ZR -9474;31367 0;0
247 KEY_X;KEY_ZR -9474;31367 0;0
248 KEY_Y;KEY_ZR -9474;31367 0;0
249 KEY_X;KEY_ZR -9474;31367 0;0
250 KEY_Y;KEY_ZR -9474;31367 0;0
251 KEY_X;KEY_ZR -9474;31367 0;0
252 KEY_Y;KEY_ZR -9474;31367 0;0
253 KEY_X;KEY_ZR -9474;31367 0;0
254 KEY_Y;KEY_ZR -9474;31367 0;0
255 KEY_X;KEY_ZR -9474;31367 0;0
256 KEY_Y;KEY_ZR -9474;31367 0;0
257 KEY_X;KEY_ZR -9474;31367 0;0
258 KEY_Y;KEY_ZR -9474;31367 0;0
259 KEY_X;KEY_ZR -9474;31367 0;0
260 KEY_ZR -9474;31367 0;0
261 KEY_ZR -9474;31367 0;0
262 KEY_ZR -9474;31367 0;0
263 KEY_ZR -9474;31367 0;0
264 KEY_ZR -9474;31367 0;0
265 KEY_ZR -9474;31367 0;0
266 KEY_ZR -9474;31367 0;0
267 KEY_ZR -9474;31367 0;0
268 KEY_ZR -9474;31367 0;0
269 KEY_ZR -9474;31367 0;0
270 KEY_ZR -9474;31367 0;0
271 KEY_ZR -9474;31367 0;0
272 KEY_ZR -9474;31367 0;0
273 KEY_ZR -9474;31367 0;0
274 KEY_ZR -9474;31367 0;0
275 KEY_ZR -9474;31367 0;0
276 KEY_ZR -9474;31367 0;0
277 KEY_ZR -9474;31367 0;0
278 KEY_ZR -9474;31367 0;0
279 KEY_ZR -9474;31367 0;0
280 KEY_ZR -9474;31367 0;0
281 KEY_ZR;KEY_L -30789;11206 0;0
282 KEY_ZR -30789;11206 0;0
283 KEY_ZR -30789;11206 0;0
284 KEY_ZR -30789;11206 0;0
285 KEY_ZR -30789;11206 0;0
286 KEY_ZR -30789;11206 0;0
287 KEY_ZR -30789;11206 0;0
288 KEY_ZR -30789;11206 0;0
289 KEY_ZR -30789;11206 0;0
290 KEY_ZR -30789;11206 0;0
291 KEY_ZR -30789;11206 0;0
292 KEY_ZR -30789;11206 0;0
293 KEY_ZR -30789;11206 0;0
294 KEY_ZR -30789;11206 0;0
295 KEY_ZR -30789;11206 0;0
296 KEY_ZR -30789;11206 0;0
297 KEY_ZR -30789;11206 0;0
298 KEY_ZR -30789;11206 0;0
299 KEY_ZR;KEY_L -30789;11206 0;0
300 KEY_ZR -30789;11206 0;0
301 KEY_ZR -30789;11206 0;0
302 KEY_ZR -30789;11206 0;0
303 KEY_ZR -30789;11206 0;0
304 KEY_ZR -30789;11206 0;0
305 KEY_ZR -30789;11206 0;0
306 KEY_ZR -30789;11206 0;0
307 KEY_ZR -30789;11206 0;0
308 KEY_ZR -30789;11206 0;0
309 KEY_ZR -30789;11206 0;0
310 KEY_ZR -30789;11206 0;0
311 KEY_ZR -30789;11206 0;0
312 KEY_ZR -30789;11206 0;0
313 KEY_ZR -30789;11206 0;0
314 KEY_ZR -30789;11206 0;0
315 KEY_ZR -30789;11206 0;0
316 KEY_ZR -30789;11206 0;0
317 KEY_ZR;KEY_L -30789;11206 0;0
318 KEY_ZR -30789;11206 0;0
319 KEY_ZR -30789;11206 0;0
320 KEY_ZR -30789;11206 0;0
321 KEY_ZR -30789;11206 0;0
322 KEY_ZR -30789;11206 0;0
323 KEY_ZR -30789;11206 0;0
324 KEY_ZR -30789;11206 0;0
325 KEY_ZR -30789;11206 0;0
326 KEY_ZR -30789;11206 0;0
327 KEY_ZR -30789;11206 0;0
328 KEY_ZR -30789;11206 0;0
329 KEY_ZR -30789;11206 0;0
330 KEY_ZR -30789;11206 0;0
331 KEY_ZR -30789;11206 0;0
332 KEY_ZR -30789;11206 0;0
333 KEY_ZR -30789;11206 0;0
334 KEY_ZR;KEY_L -30789;11206 0;0
335 KEY_ZR -30789;11206 0;0
336 KEY_ZR -30789;11206 0;0
337 KEY_ZR -28375;16382 0;0
338 KEY_ZR 28375;16382 0;0
339 KEY_ZR 0;-32764 0;0
340 KEY_ZR -28375;16382 0;0
341 KEY_ZR 28375;16382 0;0
342 KEY_ZR 0;-32764 0;0
343 KEY_ZR -28375;16382 0;0
344 KEY_ZR 28375;16382 0;0
345 KEY_ZR 0;-32764 0;0
346 KEY_ZR -28375;16382 0;0
347 KEY_ZR 28375;16382 0;0
348 KEY_ZR 0;-32764 0;0
349 KEY_ZR -28375;16382 0;0
350 KEY_ZR 28375;16382 0;0
351 KEY_ZR;KEY_L 0;-32764 0;0
352 KEY_ZR -28375;16382 0;0
353 KEY_ZR 28375;16382 0;0
354 KEY_ZR 0;-32764 0;0
355 KEY_ZR -28375;16382 0;0
356 KEY_ZR 28375;16382 0;0
357 KEY_ZR 0;-32764 0;0
358 KEY_ZR -28375;16382 0;0
359 KEY_ZR 28375;16382 0;0
360 KEY_ZR 0;-32764 0;0
361 KEY_ZR -28375;16382 0;0
362 KEY_ZR 28375;16382 0;0
363 KEY_ZR 0;-32764 0;0
364 KEY_ZR -28375;16382 0;0
365 KEY_ZR 28375;16382 0;0
366 KEY_ZR 0;-32764 0;0
367 KEY_ZR -30789;11206 0;0
368 KEY_B;KEY_ZR;KEY_DDOWN -30789;11206 0;0
369 KEY_DDOWN -28377;16383 0;0
370 KEY_DDOWN 2851;32587 0;0
371 KEY_DDOWN 2851;32587 0;0
372 KEY_DDOWN 2851;32587 0;0
373 KEY_DDOWN 2851;32587 0;0
374 KEY_DDOWN 2851;32587 0;0
375 KEY_DDOWN 2851;32587 0;0
376 KEY_A;KEY_DDOWN 2851;32587 0;0
377 KEY_A;KEY_DDOWN 2851;32587 0;0
378 KEY_A 2851;32587 0;0
379 KEY_A 2851;32587 0;0
380 KEY_A 2851;32587 0;0
381 KEY_A 2851;32587 0;0
382 NONE 2851;32587 0;0
383 NONE 21061;25100 0;0
384 NONE -28375;16382 0;0
385 NONE 28375;16382 0;0
386 NONE 0;-32764 0;0
387 NONE -28375;16382 0;0
388 NONE 28375;16382 0;0
389 NONE 0;-32764 0;0
390 NONE -28375;16382 0;0
391 NONE 28375;16382 0;0
392 NONE 0;-32764 0;0
393 NONE -28375;16382 0;0
394 NONE 28375;16382 0;0
395 NONE 21060;25098 0;0
396 NONE 21061;25100 0;0
397 NONE 21061;25100 0;0
398 NONE 21061;25100 0;0
399 NONE 21061;25100 0;0
400 NONE 21061;25100 0;0
401 NONE 21061;25100 0;0
402 KEY_A -11203;30780 0;0
403 KEY_ZR -11203;30780 0;0
404 KEY_ZR -11203;30780 0;0
405 KEY_ZR -11203;30780 0;0
406 KEY_ZR -11203;30780 0;0
407 KEY_ZR -11203;30780 0;0
408 KEY_ZR -11203;30780 0;0
409 KEY_ZR -11203;30780 0;0
410 KEY_Y;KEY_ZR -11203;30780 0;0
411 KEY_B;KEY_L -11203;30780 0;0
412 NONE 5689;32266 0;0
413 NONE 5689;32266 0;0
414 NONE 5689;32266 0;0
415 NONE 5689;32266 0;0
416 NONE 5689;32266 0;0
417 NONE 5689;32266 0;0
418 NONE 5689;32266 0;0
419 NONE 5689;32266 0;0
420 NONE 5689;32266 0;0
421 NONE 5689;32266 0;0
422 NONE 5689;32266 0;0
423 NONE 5689;32266 0;0
424 NONE 5689;32266 0;0
425 NONE 5689;32266 0;0
426 NONE 5689;32266 0;0
427 NONE 5689;32266 0;0
428 NONE 5689;32266 0;0
429 NONE 5689;32266 0;0
430 NONE 5688;32265 0;0
431 NONE 4397;32467 0;0
432 NONE 3099;32617 0;0
433 NONE 1795;32714 0;0
434 NONE 489;32760 0;0
435 NONE -817;32754 0;0
436 NONE -2122;32695 0;0
437 NONE -3425;32585 0;0
438 NONE -4721;32422 0;0
439 NONE -6011;32208 0;0
440 NONE -7291;31943 0;0
441 NONE -8559;31627 0;0
442 NONE -9813;31260 0;0
443 NONE -11052;30844 0;0
444 NONE -12274;30379 0;0
445 NONE -13476;29865 0;0
446 NONE -14656;29304 0;0
447 NONE -15813;28696 0;0
448 NONE -16945;28043 0;0
449 NONE -18050;27345 0;0
450 NONE -19127;26603 0;0
451 NONE -20173;25820 0;0
452 NONE -20173;25820 0;0
453 NONE -20173;25820 0;0
454 NONE -20173;25820 0;0
455 NONE -20173;25820 0;0
456 NONE -20173;25820 0;0
457 NONE -20173;25820 0;0
458 NONE -20173;25820 0;0
459 NONE -20173;25820 0;0
460 NONE -20173;25820 0;0
461 NONE -20173;25820 0;0
462 NONE -20173;25820 0;0
463 NONE -20173;25820 0;0
464 NONE -20173;25820 0;0
465 NONE -20173;25820 0;0
466 NONE -20173;25820 0;0
467 NONE -20173;25820 0;0
468 NONE -20173;25820 0;0
469 NONE -20173;25820 0;0
470 NONE -20173;25820 0;0
471 NONE -20173;25820 0;0
472 NONE -20173;25820 0;0
473 NONE -20173;25820 0;0
474 NONE -20173;25820 0;0
475 NONE -20173;25820 0;0
476 NONE -20173;25820 0;0
477 NONE -20173;25820 0;0
478 NONE -20173;25820 0;0
479 NONE -20173;25820 0;0
480 NONE -20173;25820 0;0
481 NONE -20173;25820 0;0
482 NONE -20173;25820 0;0
483 NONE -20173;25820 0;0
484 NONE -20173;25820 0;0
485 NONE -20173;25820 0;0
486 NONE -20173;25820 0;0
487 NONE -20173;25820 0;0
488 NONE -20173;25820 0;0
489 NONE -20173;25820 0;0
490 NONE -20173;25820 0;0
491 NONE -20173;25820 0;0
492 NONE -20173;25820 0;0
493 NONE -20173;25820 0;0
494 NONE -20173;25820 0;0
495 NONE -20173;25820 0;0
496 NONE -20173;25820 0;0
497 NONE -20173;25820 0;0
498 NONE -20173;25820 0;0
499 NONE -20173;25820 0;0
500 NONE -20173;25820 0;0
501 NONE -20173;25820 0;0
502 NONE -20173;25820 0;0
503 NONE -20173;25820 0;0
504 NONE 0;0 0;0
505 NONE 0;0 0;0
506 NONE 0;0 0;0
507 NONE 0;0 0;0
508 NONE 0;0 0;0
509 NONE 0;0 0;0
510 KEY_R 0;0 0;0
511 NONE 0;0 0;0
512 NONE 0;0 0;0
513 NONE 0;0 0;0
514 NONE 0;0 0;0
515 NONE 0;0 0;0
516 NONE 0;0 0;0
517 NONE 0;0 0;0
518 NONE 0;0 0;0
519 NONE 0;0 0;0
520 NONE 0;0 0;0
521 NONE 0;0 0;0
522 NONE 0;0 0;0
523 NONE 0;0 0;0
524 NONE 0;0 0;0
525 NONE 0;0 0;0
526 NONE 0;0 0;0
527 NONE 0;0 0;0
528 NONE 0;0 0;0
529 NONE 0;0 0;0
530 NONE 0;0 0;0
531 NONE 0;0 0;0
532 NONE 0;0 0;0
533 NONE 0;0 0;0
534 NONE 0;0 0;0
535 NONE 0;0 0;0
536 NONE 0;0 0;0
537 NONE 0;0 0;0
538 NONE 0;0 0;0
539 NONE 0;0 0;0
540 NONE 0;0 0;0
541 KEY_L 0;0 0;0
542 KEY_Y -32766;0 0;0
543 KEY_Y 5689;32266 0;0
544 KEY_Y 5689;32266 0;0
545 KEY_Y 5689;32266 0;0
546 KEY_Y 5689;32266 0;0
547 KEY_Y 5689;32266 0;0
548 KEY_Y 5689;32266 0;0
549 KEY_A;KEY_Y 5689;32266 0;0
550 KEY_A;KEY_Y 5689;32266 0;0
551 KEY_A;KEY_Y 5689;32266 0;0
552 KEY_Y 5689;32266 0;0
553 KEY_Y 5689;32266 0;0
554 KEY_Y 5689;32266 0;0
555 KEY_Y 5689;32266 0;0
556 KEY_Y 5689;32266 0;0
557 KEY_Y 5689;32266 0;0
558 KEY_Y 5689;32266 0;0
559 KEY_Y 5689;32266 0;0
560 KEY_Y 5689;32266 0;0
561 KEY_Y 5689;32266 0;0
562 KEY_Y 5689;32266 0;0
563 KEY_Y 5689;32266 0;0
564 KEY_Y 5689;32266 0;0
565 KEY_Y 5689;32266 0;0
566 KEY_Y 5689;32266 0;0
567 KEY_Y 5689;32266 0;0
568 KEY_Y 5689;32266 0;0
569 KEY_Y 5689;32266 0;0
570 KEY_A;KEY_Y 0;32761 0;0
571 KEY_A;KEY_Y 476;32757 0;0
572 KEY_A;KEY_Y 952;32747 0;0
573 KEY_Y 1428;32730 0;0
574 KEY_Y 1904;32706 0;0
575 KEY_Y 2380;32675 0;0
576 KEY_Y 2855;32637 0;0
577 KEY_Y 3329;32592 0;0
578 KEY_Y 3803;32541 0;0
579 KEY_Y 4276;32482 0;0
580 KEY_Y 4748;32417 0;0
581 KEY_Y 5219;32344 0;0
582 KEY_Y 5689;32265 0;0
583 KEY_Y 6157;32179 0;0
584 KEY_Y 6625;32086 0;0
585 KEY_Y 7091;31987 0;0
586 KEY_Y 7555;31881 0;0
587 KEY_Y 8018;31768 0;0
588 KEY_Y 8479;31648 0;0
589 KEY_Y 8939;31521 0;0
590 KEY_Y 9396;31388 0;0
591 KEY_Y 9852;31248 0;0
592 KEY_Y 10305;31102 0;0
593 KEY_Y 10756;30949 0;0
594 KEY_Y 5689;32266 0;0
595 KEY_Y 5689;32266 0;0
596 KEY_Y 5689;32266 0;0
597 KEY_A;KEY_Y 5689;32266 0;0
598 KEY_A;KEY_Y 13845;29692 0;0
599 KEY_A;KEY_Y 13845;29692 0;0
600 KEY_A;KEY_Y 13845;29692 0;0
601 KEY_A;KEY_Y 13845;29692 0;0
602 KEY_A 13845;29692 0;0
603 KEY_A 13845;29692 0;0
604 KEY_A 13845;29692 0;0
605 KEY_A 13845;29692 0;0
606 KEY_A 13845;29692 0;0
607 NONE 13845;29692 0;0
608 NONE 13845;29692 0;0
609 NONE 13845;29692 0;0
610 NONE 13845;29692 0;0
611 NONE 13845;29692 0;0
612 NONE 13845;29692 0;0
613 NONE 13845;29692 0;0
614 NONE 13845;29692 0;0
615 NONE 13845;29692 0;0
616 NONE 13845;29692 0;0
617 NONE 13845;29692 0;0
618 NONE 13845;29692 0;0
619 NONE 13845;29692 0;0
620 NONE 13845;29692 0;0
621 NONE 13845;29692 0;0
622 NONE 13845;29692 0;0
623 NONE 13845;29692 0;0
624 NONE 13845;29692 0;0
625 NONE 13845;29692 0;0
626 NONE 13845;29692 0;0
627 NONE 13845;29692 0;0
628 NONE 13845;29692 0;0
629 NONE 13845;29692 0;0
630 NONE 13845;29692 0;0
631 NONE 13845;29692 0;0
632 NONE 13845;29692 0;0
633 NONE 13845;29692 0;0
634 NONE 13845;29692 0;0
635 KEY_A 13845;29692 0;0
636 KEY_A -5689;32263 0;0
637 KEY_A -5689;32263 0;0
638 KEY_A -5689;32263 0;0
639 KEY_A -5689;32263 0;0
640 KEY_A -5689;32263 0;0
641 KEY_A -5689;32263 0;0
642 KEY_A -5689;32263 0;0
643 KEY_A -5689;32263 0;0
644 KEY_A -5689;32263 0;0
645 NONE -5689;32263 0;0
646 NONE -5689;32268 0;0
647 NONE -5689;32263 0;0
648 NONE -5689;32263 0;0
649 NONE -5689;32263 0;0
650 NONE -5689;32263 0;0
651 NONE -5689;32263 0;0
652 NONE -5689;32263 0;0
653 NONE -5689;32263 0;0
654 NONE -5689;32263 0;0
655 NONE -5689;32263 0;0
656 NONE -5689;32263 0;0
657 NONE -5689;32263 0;0
658 NONE -5689;32263 0;0
659 NONE -5689;32263 0;0
660 NONE -5689;32263 0;0
661 NONE -5689;32263 0;0
662 NONE -5689;32263 0;0
663 NONE -5689;32263 0;0
664 NONE -5689;32263 0;0
665 NONE -5689;32263 0;0
666 NONE -5689;32263 0;0
667 NONE -5689;32263 0;0
668 NONE -5689;32263 0;0
669 KEY_L -5689;32263 0;0
670 NONE 0;32767 0;0
671 NONE 0;32763 0;0
672 NONE 0;32763 0;0
673 NONE 0;32763 0;0
674 NONE 0;32763 0;0
675 NONE 0;32763 0;0
676 NONE 0;32763 0;0
677 KEY_ZR 0;32766 0;0
678 KEY_Y 0;32766 0;0
679 KEY_Y 0;32766 0;0
680 KEY_Y 0;32766 0;0
681 KEY_Y 0;32767 0;0
682 KEY_Y 28374;-16382 0;0
683 KEY_Y -28374;-16382 0;0
684 KEY_Y 0;32766 0;0
685 KEY_Y 28374;-16382 0;0
686 KEY_Y -28374;-16382 0;0
687 KEY_Y 0;32766 0;0
688 KEY_Y 28374;-16382 0;0
689 KEY_Y -28374;-16382 0;0
690 KEY_Y -32761;0 0;0
691 KEY_Y -32761;0 0;0
692 KEY_Y -32761;0 0;0
693 KEY_Y -32761;0 0;0
694 KEY_Y -32761;0 0;0
695 KEY_Y -32761;0 0;0
696 KEY_Y -32761;0 0;0
697 KEY_Y -32761;0 0;0
698 KEY_ZR -32761;0 0;0
699 KEY_Y -32761;0 0;0
700 NONE -32766;0 0;0
701 NONE -32766;0 0;0
702 NONE -32766;0 0;0
703 NONE 0;32766 0;0
704 NONE 0;32766 0;0
705 NONE 0;32766 0;0
706 NONE 0;32767 0;0
707 NONE 0;32767 0;0
708 NONE 0;32767 0;0
709 NONE 0;32767 0;0
710 NONE 0;32767 0;0
711 NONE 0;32767 0;0
712 NONE 0;32766 0;0
713 NONE 28374;-16382 0;0
714 NONE -28374;-16382 0;0
715 NONE 0;32767 0;0
716 NONE 0;32767 0;0
717 NONE 0;32767 0;0
718 KEY_A -32767;0 0;0
719 KEY_ZR -32767;0 0;0
720 KEY_ZR -32767;0 0;0
721 KEY_ZR -32767;0 0;0
722 KEY_ZR -32767;0 0;0
723 KEY_ZR -32767;0 0;0
724 KEY_ZR -32767;0 0;0
725 KEY_ZR -32767;0 0;0
726 KEY_A;KEY_ZR -32767;0 0;0
727 NONE -32767;0 0;0
728 NONE -32767;0 0;0
729 NONE -32767;0 0;0
730 NONE -32767;0 0;0
731 NONE -32767;0 0;0
732 NONE 16381;28374 0;0
733 NONE 16383;-28376 0;0
734 NONE -32763;0 0;0
735 NONE -32763;0 0;0
736 NONE -32763;0 0;0
737 NONE -32763;0 0;0
738 NONE -32763;0 0;0
739 NONE -32763;0 0;0
740 NONE -32763;0 0;0
741 NONE -32763;0 0;0
742 NONE -32763;0 0;0
743 NONE -32763;0 0;0
744 NONE -32763;0 0;0
745 NONE -32763;0 0;0
746 KEY_ZR -32763;0 0;0
747 KEY_Y -32763;0 0;0
748 NONE -32763;0 0;0
749 NONE 16381;28374 0;0
750 NONE 16383;-28376 0;0
751 NONE -32763;0 0;0
752 NONE 16381;28374 0;0
753 NONE 16383;-28376 0;0
754 NONE -32763;0 0;0
755 NONE 16381;28374 0;0
756 NONE 16383;-28376 0;0
757 NONE -32763;0 0;0
758 NONE 16381;28374 0;0
759 NONE 16383;-28376 0;0
760 NONE 0;32767 0;0
761 NONE 0;32767 0;0
762 KEY_A 0;-32767 0;0
763 KEY_ZR 0;0 0;0
764 KEY_ZR 0;0 0;0
765 KEY_ZR 0;0 0;0
766 KEY_ZR 0;0 0;0
767 KEY_ZR 0;0 0;0
768 KEY_ZR 0;0 0;0
769 KEY_ZR 0;0 0;0
770 KEY_A;KEY_ZR 0;0 0;0
771 NONE 0;0 0;0
772 NONE -3424;32579 0;0
773 NONE -3424;32579 0;0
774 NONE -3424;32579 0;0
775 NONE 0;0 0;0
776 NONE 0;0 0;0
777 NONE 0;0 0;0
778 NONE 0;0 0;0
779 NONE 0;0 0;0
780 NONE 0;0 0;0
781 NONE 0;0 0;0
782 NONE 0;0 0;0
783 NONE 0;0 0;0
784 NONE 0;0 0;0
785 NONE 0;0 0;0
786 NONE 0;0 0;0
787 KEY_L;KEY_DUP 0;0 0;0
788 NONE -7926;31790 0;0
789 NONE 0;0 0;0
790 NONE 0;0 0;0
791 NONE 0;0 0;0
792 NONE 0;0 0;0
793 NONE 0;0 0;0
794 NONE 0;0 0;0
795 KEY_ZR 0;0 0;0
796 KEY_Y 0;0 0;0
797 KEY_Y 0;0 0;0
798 KEY_Y 0;0 0;0
799 KEY_Y 0;0 0;0
800 KEY_Y 0;0 0;0
801 KEY_Y 0;0 0;0
802 KEY_Y 0;0 0;0
803 KEY_Y 0;0 0;0
804 KEY_Y 0;0 0;0
805 KEY_ZR 0;0 0;0
806 KEY_Y;KEY_ZR 0;0 0;0
807 KEY_ZR 0;0 0;0
808 KEY_ZR 0;0 0;0
809 KEY_ZR 0;0 0;0
810 KEY_ZR 0;0 0;0
811 KEY_ZR 0;0 0;0
812 KEY_ZR 0;0 0;0
813 KEY_ZR 0;0 0;0
814 KEY_ZR 0;0 0;0
815 KEY_ZR 0;0 0;0
816 KEY_ZR 0;0 0;0
817 KEY_ZR 0;0 0;0
818 KEY_ZR 0;0 0;0
819 KEY_ZR 0;0 0;0
820 KEY_ZR 0;0 0;0
821 KEY_ZR 0;0 0;0
822 KEY_ZR 0;0 0;0
823 KEY_ZR 0;0 0;0
824 KEY_ZR 0;0 0;0
825 KEY_ZR 0;0 0;0
826 KEY_ZR;KEY_L 0;0 0;0
827 KEY_ZR 0;0 0;0
828 KEY_ZR 0;0 0;0
829 KEY_ZR 0;0 0;0
830 KEY_ZR 0;0 0;0
831 KEY_ZR 0;0 0;0
832 KEY_ZR 0;0 0;0
833 KEY_ZR 0;0 0;0
834 KEY_ZR 0;0 0;0
835 KEY_ZR 0;0 0;0
836 KEY_ZR 0;0 0;0
837 KEY_ZR 0;0 0;0
838 KEY_ZR 0;0 0;0
839 KEY_ZR 0;0 0;0
840 KEY_ZR 0;0 0;0
841 KEY_ZR 0;0 0;0
842 KEY_ZR 0;0 0;0
843 KEY_ZR;KEY_R;KEY_L 0;0 0;0
844 KEY_ZR 0;0 0;0
845 KEY_ZR 0;0 0;0
846 KEY_ZR 0;0 0;0
847 KEY_ZR 0;0 0;0
848 KEY_ZR 0;0 0;0
849 KEY_ZR 0;0 0;0
850 KEY_ZR 0;0 0;0
851 KEY_ZR 0;0 0;0
852 KEY_ZR 0;0 0;0
853 KEY_ZR 0;0 0;0
854 KEY_ZR 0;0 0;0
855 KEY_ZR 0;0 0;0
856 KEY_ZR 0;0 0;0
857 KEY_ZR 0;0 0;0
858 KEY_ZR 0;0 0;0
859 KEY_ZR 0;0 0;0
860 KEY_A;KEY_L -18790;26840 0;0
861 KEY_Y -19211;26540 0;0
862 KEY_Y -19626;26235 0;0
863 KEY_Y -20036;25923 0;0
864 KEY_Y -20442;25604 0;0
865 KEY_Y -20842;25279 0;0
866 KEY_Y -21237;24948 0;0
867 KEY_Y -21627;24611 0;0
868 KEY_A;KEY_Y -22012;24268 0;0
869 KEY_A;KEY_Y -22391;23918 0;0
870 KEY_A;KEY_Y -22765;23563 0;0
871 KEY_Y -23133;23202 0;0
872 KEY_Y -23495;22835 0;0
873 KEY_Y -23852;22462 0;0
874 KEY_Y -24202;22084 0;0
875 KEY_Y -24547;21700 0;0
876 KEY_Y -24885;21311 0;0
877 KEY_Y -25218;20917 0;0
878 KEY_Y -25544;20518 0;0
879 KEY_Y -25863;20113 0;0
880 KEY_Y -26177;19704 0;0
881 KEY_Y -26484;19289 0;0
882 KEY_Y -26784;18870 0;0
883 KEY_Y -27078;18446 0;0
884 KEY_Y -27365;18018 0;0
885 KEY_Y -27645;17585 0;0
886 KEY_Y -27918;17148 0;0
887 KEY_Y -28184;16706 0;0
888 KEY_Y -28444;16261 0;0
889 KEY_Y -28696;15811 0;0
890 KEY_Y -28942;15358 0;0
891 KEY_Y -29180;14900 0;0
892 KEY_Y -29411;14439 0;0
893 KEY_Y -29634;13975 0;0
894 KEY_Y -29850;13507 0;0
895 KEY_Y -30059;13035 0;0
896 KEY_Y -30261;12560 0;0
897 KEY_Y -30455;12083 0;0
898 KEY_Y -30641;11602 0;0
899 KEY_Y -30820;11118 0;0
900 KEY_Y -30991;10632 0;0
901 KEY_Y -31155;10143 0;0
902 KEY_Y -31310;9651 0;0
903 KEY_Y -31458;9157 0;0
904 KEY_Y -31599;8661 0;0
905 KEY_Y -31731;8163 0;0
906 KEY_Y -31856;7662 0;0
907 KEY_Y -31972;7160 0;0
908 KEY_Y -32081;6656 0;0
909 KEY_Y -32182;6150 0;0
910 KEY_Y -32275;5643 0;0
911 KEY_Y -32359;5135 0;0
912 KEY_Y -32436;4625 0;0
913 KEY_Y -32505;4114 0;0
914 KEY_Y -32566;3602 0;0
915 KEY_Y -32618;3089 0;0
916 KEY_Y -32663;2575 0;0
917 KEY_Y -32700;2061 0;0
918 KEY_Y -32728;1546 0;0
919 KEY_Y -32748;1031 0;0
920 KEY_Y -32760;515 0;0
921 KEY_Y -32765;0 0;0
922 KEY_Y -32765;0 0;0
923 KEY_Y -32765;0 0;0
924 KEY_Y -32765;0 0;0
925 KEY_Y -32765;0 0;0
926 KEY_Y -32765;0 0;0
927 KEY_Y -32765;0 0;0
928 KEY_Y -32765;0 0;0
929 KEY_Y -32765;0 0;0
930 KEY_Y -32765;0 0;0
931 KEY_Y -32765;0 0;0
932 KEY_Y -32765;0 0;0
933 KEY_Y -32765;0 0;0
934 KEY_Y -32765;0 0;0
935 KEY_Y -32765;0 0;0
936 KEY_Y -32765;0 0;0
937 KEY_Y 0;32759 0;0
938 KEY_Y 0;32759 0;0
939 KEY_Y 0;32759 0;0
940 KEY_Y 0;32759 0;0
941 KEY_Y 25094;21057 0;0
942 KEY_Y 25094;21056 0;0
943 KEY_Y 25093;21055 0;0
944 KEY_Y 21054;25091 0;0
945 KEY_Y 21054;25091 0;0
946 KEY_Y -18787;26831 0;0
947 KEY_Y -18787;26831 0;0
948 KEY_Y;KEY_R -18787;26831 0;0
949 KEY_Y -18787;26831 0;0
950 KEY_Y -18787;26831 0;0
951 KEY_Y -18787;26831 0;0
952 KEY_Y -18787;26831 0;0
953 KEY_Y -18787;26831 0;0
954 KEY_Y -18787;26831 0;0
955 KEY_Y -18787;26831 0;0
956 KEY_Y -18787;26831 0;0
957 KEY_Y -18787;26831 0;0
958 KEY_Y -18787;26831 0;0
959 KEY_Y -18787;26831 0;0
960 KEY_ZR -18787;26831 0;0
961 KEY_Y;KEY_ZR;KEY_R -18787;26831 0;0
962 KEY_ZR 0;0 0;0
963 KEY_ZR 0;0 0;0
964 KEY_ZR 0;0 0;0
965 KEY_ZR 0;0 0;0
966 KEY_ZR 0;0 0;0
967 KEY_ZR 0;0 0;0
968 KEY_ZR 0;0 0;0
969 KEY_ZR 0;0 0;0
970 KEY_ZR 0;0 0;0
971 KEY_ZR 0;0 0;0
972 KEY_ZR 0;0 0;0
973 KEY_ZR 0;0 0;0
974 KEY_ZR 0;0 0;0
975 KEY_ZR 0;0 0;0
976 KEY_ZR 0;0 0;0
977 KEY_Y;KEY_ZR 0;0 0;0
978 KEY_X;KEY_ZR 0;0 0;0
979 KEY_Y;KEY_ZR 0;0 0;0
980 KEY_X;KEY_ZR 0;0 0;0
981 KEY_Y;KEY_ZR 0;0 0;0
982 KEY_X;KEY_ZR 0;0 0;0
983 KEY_ZR 0;0 0;0
984 KEY_ZR 0;0 0;0
985 KEY_ZR 0;0 0;0
986 KEY_ZR 0;0 0;0
987 KEY_ZR 0;0 0;0
988 KEY_ZR 0;0 0;0
989 KEY_ZR 0;0 0;0
990 KEY_ZR 0;0 0;0
991 KEY_ZR 0;0 0;0
992 KEY_ZR 0;0 0;0
993 KEY_ZR 0;0 0;0
994 KEY_ZR 0;0 0;0
995 KEY_ZR 0;0 0;0
996 KEY_ZR 0;0 0;0
997 KEY_ZR 0;0 0;0
998 KEY_ZR 0;0 0;0
999 KEY_ZR 0;0 0;0
1000 KEY_ZR 0;0 0;0
1001 KEY_ZR 0;0 0;0
1002 KEY_ZR 0;0 0;0
1003 KEY_ZR 0;0 0;0
1004 KEY_ZR 0;0 0;0
1005 KEY_ZR 0;0 0;0
1006 KEY_ZR 0;0 0;0
1007 KEY_ZR 0;0 0;0
1008 KEY_ZR;KEY_R;KEY_L 0;0 0;0
1009 KEY_ZR 0;0 0;0
1010 KEY_ZR 0;0 0;0
1011 KEY_ZR 0;0 0;0
1012 KEY_ZR 0;0 0;0
1013 KEY_ZR 0;0 0;0
1014 KEY_ZR 0;0 0;0
1015 KEY_ZR 0;0 0;0
1016 KEY_ZR 0;0 0;0
1017 KEY_ZR 0;0 0;0
1018 KEY_ZR 0;0 0;0
1019 KEY_ZR 0;0 0;0
1020 KEY_ZR 0;0 0;0
1021 KEY_ZR 0;0 0;0
1022 KEY_ZR 0;0 0;0
1023 KEY_ZR 0;0 0;0
1024 KEY_ZR 0;0 0;0
1025 KEY_A;KEY_L 0;32767 0;0
1026 NONE 32767;0 0;0
1027 NONE 0;32767 0;0
1028 NONE 0;32767 0;0
1029 NONE 0;32767 0;0
1030 NONE 0;32767 0;0
1031 NONE 0;32767 0;0
1032 KEY_A 0;32767 0;0
1033 NONE -26495;19250 0;0
1034 NONE -26495;19250 0;0
1035 NONE -26495;19250 0;0
1036 NONE -26495;19250 0;0
1037 KEY_ZR 0;0 0;0
1038 KEY_Y;KEY_ZR;KEY_R 0;0 0;0
1039 KEY_ZR 0;0 0;0
1040 KEY_ZR 0;0 0;0
1041 KEY_ZR 0;0 0;0
1042 KEY_ZR 0;0 0;0
1043 KEY_ZR 0;0 0;0
1044 KEY_ZR 0;0 0;0
1045 KEY_ZR 0;0 0;0
1046 KEY_ZR 0;0 0;0
1047 KEY_ZR 0;0 0;0
1048 KEY_ZR 0;0 0;0
1049 KEY_ZR 0;0 0;0
1050 KEY_ZR 0;0 0;0
1051 KEY_ZR 0;0 0;0
1052 KEY_ZR 0;0 0;0
1053 KEY_ZR 0;0 0;0
1054 KEY_ZR 0;0 0;0
1055 KEY_ZR 0;0 0;0
1056 KEY_ZR 0;0 0;0
1057 KEY_ZR 0;0 0;0
1058 KEY_ZR 0;0 0;0
1059 KEY_ZR 0;0 0;0
1060 KEY_ZR 0;0 0;0
1061 KEY_ZR;KEY_L -9030;31493 0;0
1062 KEY_ZR -9030;31493 0;0
1063 KEY_ZR -9030;31493 0;0
1064 KEY_ZR -9030;31493 0;0
1065 KEY_ZR -9030;31493 0;0
1066 KEY_ZR -9030;31493 0;0
1067 KEY_ZR -9030;31493 0;0
1068 KEY_ZR -9030;31493 0;0
1069 KEY_ZR -9030;31493 0;0
1070 KEY_ZR -9030;31493 0;0
1071 KEY_ZR -9030;31493 0;0
1072 KEY_ZR -9030;31493 0;0
1073 KEY_ZR -9030;31493 0;0
1074 KEY_ZR -9030;31493 0;0
1075 KEY_ZR -9030;31493 0;0
1076 KEY_ZR -9030;31493 0;0
1077 KEY_ZR;KEY_L -9030;31493 0;0
1078 KEY_ZR -9030;31493 0;0
1079 KEY_ZR -9030;31493 0;0
1080 KEY_ZR -9030;31493 0;0
1081 KEY_ZR -9030;31493 0;0
1082 KEY_ZR -9030;31493 0;0
1083 KEY_ZR -9030;31493 0;0
1084 KEY_ZR -9030;31493 0;0
1085 KEY_ZR -9030;31493 0;0
1086 KEY_ZR -9030;31493 0;0
1087 KEY_ZR -9030;31493 0;0
1088 KEY_ZR -9030;31493 0;0
1089 KEY_ZR -9030;31493 0;0
1090 KEY_ZR -9030;31493 0;0
1091 KEY_ZR -9030;31493 0;0
1092 KEY_ZR -9030;31493 0;0
1093 KEY_ZR -9030;31493 0;0
1094 KEY_ZR;KEY_L -9030;31493 0;0
1095 KEY_ZR -9030;31493 0;0
1096 KEY_ZR -9030;31493 0;0
1097 KEY_ZR -9030;31493 0;0
1098 KEY_ZR -9030;31493 0;0
1099 KEY_ZR -9030;31493 0;0
1100 KEY_ZR -9030;31493 0;0
1101 KEY_ZR -9030;31493 0;0
1102 KEY_ZR -9030;31493 0;0
1103 KEY_ZR -9030;31493 0;0
1104 KEY_ZR -9030;31493 0;0
1105 KEY_ZR -9030;31493 0;0
1106 KEY_ZR -9030;31493 0;0
1107 KEY_ZR -9030;31493 0;0
1108 KEY_ZR -9030;31493 0;0
1109 KEY_ZR -9030;31493 0;0
1110 KEY_ZR -9030;31493 0;0
1111 KEY_ZR -9030;31493 0;0
1112 KEY_ZR;KEY_L -9030;31493 0;0
1113 KEY_ZR -9030;31493 0;0
1114 KEY_ZR -9030;31493 0;0
1115 KEY_ZR -9030;31493 0;0
1116 KEY_ZR -9030;31493 0;0
1117 KEY_ZR -9030;31493 0;0
1118 KEY_ZR -9030;31493 0;0
1119 KEY_ZR -9030;31493 0;0
1120 KEY_ZR -9030;31493 0;0
1121 KEY_ZR -9030;31493 0;0
1122 KEY_ZR -9030;31493 0;0
1123 KEY_ZR -9030;31493 0;0
1124 KEY_ZR -9030;31493 0;0
1125 KEY_ZR -9030;31493 0;0
1126 KEY_ZR -9030;31493 0;0
1127 KEY_ZR -9030;31493 0;0
1128 KEY_ZR -9030;31493 0;0
1129 KEY_ZR -9030;31493 0;0
1130 KEY_ZR -9030;31493 0;0
1131 KEY_ZR -9030;31493 0;0
1132 KEY_ZR -9030;31493 0;0
1133 KEY_ZR -9030;31493 0;0
1134 KEY_ZR -9030;31493 0;0
1135 KEY_ZR;KEY_L -9030;31493 0;0
1136 KEY_ZR -9030;31493 0;0
1137 KEY_ZR -9030;31493 0;0
1138 KEY_ZR -9030;31493 0;0
1139 KEY_ZR -9030;31493 0;0
1140 KEY_ZR -9030;31493 0;0
1141 KEY_ZR -9030;31493 0;0
1142 KEY_ZR -9030;31493 0;0
1143 KEY_ZR -9030;31493 0;0
1144 KEY_ZR -9030;31493 0;0
1145 KEY_ZR -9030;31493 0;0
1146 KEY_ZR -9030;31493 0;0
1147 KEY_ZR -9030;31493 0;0
1148 KEY_ZR -9030;31493 0;0
1149 KEY_ZR -9030;31493 0;0
1150 KEY_ZR -9030;31493 0;0
1151 KEY_ZR -9030;31493 0;0
1152 KEY_ZR -9030;31493 0;0
1153 KEY_ZR -9030;31493 0;0
1154 KEY_ZR -9030;31493 0;0
1155 KEY_ZR -9030;31493 0;0
1156 KEY_ZR -9030;31493 0;0
1157 KEY_ZR;KEY_L -9030;31493 0;0
1158 NONE 0;0 0;0
1159 NONE 0;0 0;0
1160 NONE 0;0 0;0
1161 NONE 0;0 0;0
1162 NONE 0;0 0;0
1163 NONE 0;0 0;0
1164 NONE 0;0 0;0
1165 NONE 0;0 0;0
1166 NONE 0;0 0;0
1167 NONE 0;0 0;0
1168 NONE 0;0 0;0
1169 NONE 0;0 0;0
1170 NONE 0;0 0;0
1171 NONE 0;0 0;0
1172 NONE 0;0 0;0
1173 NONE 0;0 0;0
1174 NONE 0;0 0;0
1175 NONE 0;0 0;0
1176 NONE 0;0 0;0
1177 NONE 0;0 0;0
1178 NONE 0;0 0;0
1179 NONE 0;0 0;0
1180 NONE 0;0 0;0
1181 NONE 0;0 0;0
1182 NONE 0;0 0;0
1183 NONE 0;0 0;0
1184 NONE 0;0 0;0
1185 NONE 0;0 0;0
1186 NONE 0;0 0;0
1187 NONE 0;0 0;0
1188 NONE 0;0 0;0
1189 NONE 0;0 0;0
1190 NONE 0;0 0;0
1191 NONE 0;0 0;0
1192 NONE 0;0 0;0
1193 NONE 0;0 0;0
1194 NONE 0;0 0;0
1195 NONE 0;0 0;0
1196 NONE 0;0 0;0
1197 NONE 0;0 0;0
1198 NONE 0;0 0;0
1199 NONE 0;0 0;0
1200 NONE 0;0 0;0
1201 NONE 0;0 0;0
1202 NONE 0;0 0;0
1203 NONE 0;0 0;0
1204 NONE 0;0 0;0
1205 NONE 0;0 0;0
1206 NONE 0;0 0;0
1207 NONE 0;0 0;0
1208 NONE 0;0 0;0
1209 NONE 0;0 0;0
1210 NONE 0;0 0;0
1211 NONE 0;0 0;0
1212 NONE 0;0 0;0
1213 NONE 0;0 0;0
1214 NONE 0;0 0;0
1215 NONE 0;0 0;0
1216 NONE 0;0 0;0
1217 NONE 0;0 0;0
1218 NONE 0;0 0;0
1219 NONE 0;0 0;0
1220 NONE 0;0 0;0
1221 NONE 0;0 0;0
1222 NONE 0;0 0;0
1223 NONE 0;0 0;0
1224 NONE 0;0 0;0
1225 NONE 0;0 0;0
1226 NONE 0;0 0;0
1227 NONE 0;0 0;0
1228 NONE 0;0 0;0
1229 NONE 0;0 0;0
1230 NONE 0;0 0;0
1231 NONE 0;0 0;0
1232 NONE 0;0 0;0
1233 NONE 0;0 0;0
1234 NONE 0;0 0;0
1235 NONE 0;0 0;0
1236 NONE 0;0 0;0
1237 NONE 0;0 0;0
1238 NONE 0;0 0;0
1239 NONE 0;0 0;0
1240 NONE 0;0 0;0
1241 NONE 0;0 0;0
1242 NONE 0;0 0;0
1243 NONE 0;0 0;0
1244 NONE 0;0 0;0
1245 NONE 0;0 0;0
1246 NONE 0;0 0;0
1247 NONE 0;0 0;0
1248 NONE 0;0 0;0
1249 NONE 0;0 0;0
1250 NONE 0;0 0;0
1251 NONE 0;0 0;0
1252 NONE 0;0 0;0
1253 NONE 0;0 0;0
1254 NONE 0;0 0;0
1255 NONE 0;0 0;0
1256 NONE 0;0 0;0
1257 NONE 0;0 0;0
1258 NONE 0;0 0;0
1259 NONE 0;0 0;0
1260 NONE 0;0 0;0
1261 NONE 0;0 0;0
1262 NONE 0;0 0;0
1263 NONE 0;0 0;0
1264 NONE 0;0 0;0
1265 NONE 0;0 0;0
1266 NONE 0;0 0;0
1267 NONE 0;0 0;0
1268 NONE 0;0 0;0
1269 NONE 0;0 0;0
1270 NONE 0;0 0;0
1271 NONE 0;0 0;0
1272 NONE 0;0 0;0
1273 NONE 0;0 0;0
1274 NONE 0;0 0;0
1275 NONE 0;0 0;0
1276 NONE 0;0 0;0
1277 NONE 0;0 0;0
1278 NONE 0;0 0;0
1279 NONE 0;0 0;0
1280 NONE 0;0 0;0
1281 NONE 0;0 0;0
1282 NONE 0;0 0;0
1283 NONE 0;0 0;0
1284 KEY_A 0;0 0;0
1285 KEY_B 0;0 0;0
1286 KEY_A 0;0 0;0
1287 KEY_B 0;0 0;0
1288 KEY_A 0;0 0;0
1289 KEY_B 0;0 0;0
1290 KEY_A 0;0 0;0
1291 KEY_B 0;0 0;0
1292 KEY_A 0;0 0;0
1293 KEY_B 0;0 0;0
1294 KEY_A 0;0 0;0
1295 KEY_B 0;0 0;0
1296 KEY_A 0;0 0;0
1297 KEY_B 0;0 0;0
1298 KEY_A 0;0 0;0
1299 KEY_B 0;0 0;0
1300 KEY_A 0;0 0;0
1301 KEY_B 0;0 0;0
1302 KEY_A 0;0 0;0
1303 KEY_B 0;0 0;0
1304 KEY_A 0;0 0;0
1305 KEY_B 0;0 0;0
1306 KEY_A 0;0 0;0
1307 KEY_B 0;0 0;0
1308 KEY_A 0;0 0;0
1309 KEY_B 0;0 0;0
1310 KEY_A 0;0 0;0
1311 KEY_B 0;0 0;0
1312 KEY_A 0;0 0;0
1313 KEY_B 0;0 0;0
1314 KEY_A 0;0 0;0
1315 KEY_B 0;0 0;0
1316 KEY_A 0;0 0;0
1317 KEY_B 0;0 0;0
1318 KEY_A 0;0 0;0
1319 KEY_B 0;0 0;0
1320 KEY_A 0;0 0;0
1321 KEY_B 0;0 0;0
1322 KEY_A 0;0 0;0
1323 KEY_B 0;0 0;0
1324 KEY_A 0;0 0;0
1325 KEY_B 0;0 0;0
1326 KEY_A 0;0 0;0
1327 KEY_B 0;0 0;0
1328 KEY_A 0;0 0;0
1329 KEY_B 0;0 0;0
1330 KEY_A 0;0 0;0
1331 KEY_B 0;0 0;0
1332 KEY_A 0;0 0;0
1333 KEY_B 0;0 0;0
1334 KEY_A 0;0 0;0
1335 KEY_B 0;0 0;0
1336 KEY_A 0;0 0;0
1337 KEY_B 0;0 0;0
1338 KEY_A 0;0 0;0
1339 KEY_B 0;0 0;0
1340 KEY_A 0;0 0;0
1341 KEY_B 0;0 0;0
1342 KEY_A 0;0 0;0
1343 KEY_B 0;0 0;0
1344 KEY_A 0;0 0;0
1345 KEY_B 0;0 0;0
1346 KEY_A 0;0 0;0
1347 KEY_B 0;0 0;0
1348 KEY_A 0;0 0;0
1349 KEY_B 0;0 0;0
1350 KEY_A 0;0 0;0
1351 KEY_B 0;0 0;0
1352 KEY_A 0;0 0;0
1353 KEY_B 0;0 0;0
1354 KEY_A 0;0 0;0
1355 KEY_B 0;0 0;0
1356 KEY_A 0;0 0;0
1357 KEY_B 0;0 0;0
1358 KEY_A 0;0 0;0
1359 KEY_B 0;0 0;0
1360 KEY_A 0;0 0;0
1361 KEY_B 0;0 0;0
1362 KEY_A 0;0 0;0
1363 KEY_B 0;0 0;0
1364 KEY_A 0;0 0;0
1365 KEY_B 0;0 0;0
1366 KEY_A 0;0 0;0
1367 KEY_B 0;0 0;0
1368 KEY_A 0;0 0;0
1369 KEY_B 0;0 0;0
1370 KEY_A 0;0 0;0
1371 KEY_B 0;0 0;0
1372 KEY_A 0;0 0;0
1373 KEY_B 0;0 0;0
1374 KEY_A 0;0 0;0
1375 KEY_B 0;0 0;0
1376 KEY_A 0;0 0;0
1377 KEY_B 0;0 0;0
1378 KEY_A 0;0 0;0
1379 KEY_B 0;0 0;0
1380 KEY_A 0;0 0;0
1381 KEY_B 0;0 0;0
1382 KEY_A 0;0 0;0
1383 KEY_B 0;0 0;0
1384 KEY_A 0;0 0;0
1385 KEY_B 0;0 0;0
1386 KEY_A 0;0 0;0
1387 KEY_B 0;0 0;0
1388 KEY_A 0;0 0;0
1389 KEY_B 0;0 0;0
1390 KEY_A 0;0 0;0
1391 KEY_B 0;0 0;0
1392 KEY_A 0;0 0;0
1393 KEY_B 0;0 0;0
1394 KEY_A 0;0 0;0
1395 KEY_B 0;0 0;0
1396 KEY_A 0;0 0;0
1397 KEY_B 0;0 0;0
1398 KEY_A 0;0 0;0
1399 KEY_B 0;0 0;0
1400 KEY_A 0;0 0;0
1401 KEY_B 0;0 0;0
1402 KEY_A 0;0 0;0
1403 KEY_B 0;0 0;0
1404 KEY_A 0;0 0;0
1405 KEY_B 0;0 0;0
1406 KEY_A 0;0 0;0
1407 KEY_B 0;0 0;0
1408 KEY_A 0;0 0;0
1409 KEY_B 0;0 0;0
1410 KEY_A 0;0 0;0
1411 KEY_B 0;0 0;0
1412 KEY_A 0;0 0;0
1413 KEY_B 0;0 0;0
1414 KEY_A 0;0 0;0
1415 KEY_B 0;0 0;0
1416 KEY_A 0;0 0;0
1417 KEY_B 0;0 0;0
1418 KEY_A 0;0 0;0
1419 KEY_B 0;0 0;0
1420 KEY_A 0;0 0;0
1421 KEY_B 0;0 0;0
1422 KEY_A 0;0 0;0
1423 KEY_B 0;0 0;0
1424 KEY_A 0;0 0;0
1425 KEY_B 0;0 0;0
1426 KEY_A 0;0 0;0
1427 KEY_B 0;0 0;0
1428 KEY_A 0;0 0;0
1429 KEY_B 0;0 0;0
1430 KEY_A 0;0 0;0
1431 KEY_B 0;0 0;0
1432 KEY_A 0;0 0;0
1433 KEY_B 0;0 0;0
1434 KEY_A 0;0 0;0
1435 KEY_B 0;0 0;0
1436 KEY_A 0;0 0;0
1437 KEY_B 0;0 0;0
1438 KEY_A 0;0 0;0
1439 KEY_B 0;0 0;0
1440 KEY_A 0;0 0;0
1441 KEY_B 0;0 0;0
1442 KEY_A 0;0 0;0
1443 KEY_B 0;0 0;0
1444 KEY_A 0;0 0;0
1445 KEY_B 0;0 0;0
1446 KEY_A 0;0 0;0
1447 KEY_B 0;0 0;0
1448 KEY_A 0;0 0;0
1449 KEY_B 0;0 0;0
1450 KEY_A 0;0 0;0
1451 KEY_B 0;0 0;0
1452 KEY_A 0;0 0;0
1453 KEY_B 0;0 0;0
1454 KEY_A 0;0 0;0
1455 KEY_B 0;0 0;0
1456 KEY_A 0;0 0;0
1457 KEY_B 0;0 0;0
1458 KEY_A 0;0 0;0
1459 KEY_B 0;0 0;0
1460 KEY_A 0;0 0;0
1461 KEY_B 0;0 0;0
1462 KEY_A 0;0 0;0
1463 KEY_B 0;0 0;0
1464 KEY_A 0;0 0;0
1465 KEY_B 0;0 0;0
1466 KEY_A 0;0 0;0
1467 KEY_B 0;0 0;0
1468 KEY_A 0;0 0;0
1469 KEY_B 0;0 0;0
1470 KEY_A 0;0 0;0
1471 KEY_B 0;0 0;0
1472 KEY_A 0;0 0;0
1473 KEY_B 0;0 0;0
1474 KEY_A 0;0 0;0
1475 KEY_B 0;0 0;0
1476 KEY_A 0;0 0;0
1477 KEY_B 0;0 0;0
1478 KEY_A 0;0 0;0
1479 KEY_B 0;0 0;0
1480 KEY_A 0;0 0;0
1481 KEY_B 0;0 0;0
1482 KEY_A 0;0 0;0
1483 KEY_B 0;0 0;0
1484 KEY_A 0;0 0;0
1485 KEY_B 0;0 0;0
1486 KEY_A 0;0 0;0
1487 KEY_B 0;0 0;0
1488 KEY_A 0;0 0;0
1489 KEY_B 0;0 0;0
1490 KEY_A 0;0 0;0
1491 KEY_B 0;0 0;0
1492 KEY_A 0;0 0;0
1493 KEY_B 0;0 0;0
1494 KEY_A 0;0 0;0
1495 KEY_B 0;0 0;0
1496 KEY_A 0;0 0;0
1497 KEY_B 0;0 0;0
1498 KEY_A 0;0 0;0
1499 KEY_B 0;0 0;0
1500 KEY_A 0;0 0;0
1501 KEY_B 0;0 0;0
1502 KEY_A 0;0 0;0
1503 KEY_B 0;0 0;0
1504 KEY_A 0;0 0;0
1505 KEY_B 0;0 0;0
1506 KEY_A 0;0 0;0
1507 KEY_B 0;0 0;0
1508 KEY_A 0;0 0;0
1509 KEY_B 0;0 0;0
1510 KEY_A 0;0 0;0
1511 KEY_B 0;0 0;0
1512 KEY_A 0;0 0;0
1513 KEY_B 0;0 0;0
1514 KEY_A 0;0 0;0
1515 KEY_B 0;0 0;0
1516 KEY_A 0;0 0;0
1517 KEY_B 0;0 0;0
1518 KEY_A 0;0 0;0
1519 KEY_B 0;0 0;0
1520 KEY_A 0;0 0;0
1521 KEY_B 0;0 0;0
1522 KEY_A 0;0 0;0
1523 KEY_B 0;0 0;0
1524 KEY_A 0;0 0;0
1525 KEY_B 0;0 0;0
1526 KEY_A 0;0 0;0
1527 KEY_B 0;0 0;0
1528 KEY_A 0;0 0;0
1529 KEY_B 0;0 0;0
1530 KEY_A 0;0 0;0
1531 KEY_B 0;0 0;0
1532 KEY_A 0;0 0;0
1533 KEY_B 0;0 0;0
1534 KEY_A 0;0 0;0
1535 KEY_B 0;0 0;0
1536 KEY_A 0;0 0;0
1537 KEY_B 0;0 0;0
1538 KEY_A 0;0 0;0
1539 KEY_B 0;0 0;0
1540 KEY_A 0;0 0;0
1541 KEY_B 0;0 0;0
1542 KEY_A 0;0 0;0
1543 KEY_B 0;0 0;0
1544 KEY_A 0;0 0;0
1545 KEY_B 0;0 0;0
1546 KEY_A 0;0 0;0
1547 KEY_B 0;0 0;0
1548 KEY_A 0;0 0;0
1549 KEY_B 0;0 0;0
1550 KEY_A 0;0 0;0
1551 KEY_B 0;0 0;0
1552 KEY_A 0;0 0;0
1553 KEY_B 0;0 0;0
1554 KEY_A 0;0 0;0
1555 KEY_B 0;0 0;0
1556 KEY_A 0;0 0;0
1557 KEY_B 0;0 0;0
1558 KEY_A 0;0 0;0
1559 KEY_B 0;0 0;0
1560 KEY_A 0;0 0;0
1561 KEY_B 0;0 0;0
1562 KEY_A 0;0 0;0
1563 KEY_B 0;0 0;0
1564 KEY_A 0;0 0;0
1565 KEY_B 0;0 0;0
1566 KEY_A 0;0 0;0
1567 KEY_B 0;0 0;0
1568 KEY_A 0;0 0;0
1569 KEY_B 0;0 0;0
1570 KEY_A 0;0 0;0
1571 KEY_B 0;0 0;0
1572 KEY_A 0;0 0;0
1573 KEY_B 0;0 0;0
1574 KEY_A 0;0 0;0
1575 KEY_B 0;0 0;0
1576 KEY_A 0;0 0;0
1577 KEY_B 0;0 0;0
1578 KEY_A 0;0 0;0
1579 KEY_B 0;0 0;0
1580 KEY_A 0;0 0;0
1581 KEY_B 0;0 0;0
1582 KEY_A 0;0 0;0
1583 KEY_B 0;0 0;0
1584 KEY_A 0;0 0;0
1585 KEY_B 0;0 0;0
1586 KEY_A 0;0 0;0
1587 KEY_B 0;0 0;0
1588 KEY_A 0;0 0;0
1589 KEY_B 0;0 0;0
1590 KEY_A 0;0 0;0
1591 KEY_B 0;0 0;0
1592 KEY_A 0;0 0;0
1593 KEY_B 0;0 0;0
1594 KEY_A 0;0 0;0
1595 KEY_B 0;0 0;0
1596 KEY_A 0;0 0;0
1597 KEY_B 0;0 0;0
1598 KEY_A 0;0 0;0
1599 KEY_B 0;0 0;0
1600 KEY_A 0;0 0;0
1601 KEY_B 0;0 0;0
1602 KEY_A 0;0 0;0
1603 KEY_B 0;0 0;0
1604 KEY_A 0;0 0;0
1605 KEY_B 0;0 0;0
1606 KEY_A 0;0 0;0
1607 KEY_B 0;0 0;0
1608 KEY_A 0;0 0;0
1609 KEY_B 0;0 0;0
1610 KEY_A 0;0 0;0
1611 KEY_B 0;0 0;0
1612 KEY_A 0;0 0;0
1613 KEY_B 0;0 0;0
1614 KEY_A 0;0 0;0
1615 KEY_B 0;0 0;0
1616 KEY_A 0;0 0;0
1617 KEY_B 0;0 0;0
1618 KEY_A 0;0 0;0
1619 KEY_B 0;0 0;0
1620 KEY_A 0;0 0;0
1621 KEY_B 0;0 0;0
1622 KEY_A 0;0 0;0
1623 KEY_B 0;0 0;0
1624 KEY_A 0;0 0;0
1625 KEY_B 0;0 0;0
1626 KEY_A 0;0 0;0
1627 KEY_B 0;0 0;0
1628 KEY_A 0;0 0;0
1629 KEY_B 0;0 0;0
1630 KEY_A 0;0 0;0
1631 KEY_B 0;0 0;0
1632 KEY_A 0;0 0;0
1633 KEY_B 0;0 0;0
1634 KEY_A 0;0 0;0
1635 KEY_B 0;0 0;0
1636 KEY_A 0;0 0;0
1637 KEY_B 0;0 0;0
1638 KEY_A 0;0 0;0
1639 KEY_B 0;0 0;0
1640 KEY_A 0;0 0;0
1641 KEY_B 0;0 0;0
1642 KEY_A 0;0 0;0
1643 KEY_B 0;0 0;0
1644 KEY_A 0;0 0;0
1645 KEY_B 0;0 0;0
1646 KEY_A 0;0 0;0
1647 KEY_B 0;0 0;0
1648 KEY_A 0;0 0;0
1649 KEY_B 0;0 0;0
1650 KEY_A 0;0 0;0
1651 KEY_B 0;0 0;0
1652 KEY_A 0;0 0;0
1653 KEY_B 0;0 0;0
1654 KEY_A 0;0 0;0
1655 KEY_B 0;0 0;0
1656 KEY_A 0;0 0;0
1657 KEY_B 0;0 0;0
1658 KEY_A 0;0 0;0
1659 KEY_B 0;0 0;0
1660 KEY_A 0;0 0;0
1661 KEY_B 0;0 0;0
1662 KEY_A 0;0 0;0
1663 KEY_B 0;0 0;0
1664 KEY_A 0;0 0;0
1665 KEY_B 0;0 0;0
1666 KEY_A 0;0 0;0
1667 KEY_B 0;0 0;0
1668 KEY_A 0;0 0;0
1669 KEY_B 0;0 0;0
1670 KEY_A 0;0 0;0
1671 KEY_B 0;0 0;0
1672 KEY_A 0;0 0;0
1673 KEY_B 0;0 0;0
1674 KEY_A 0;0 0;0
1675 KEY_B 0;0 0;0
1676 KEY_A 0;0 0;0
1677 KEY_B 0;0 0;0
1678 KEY_A 0;0 0;0
1679 KEY_B 0;0 0;0
1680 KEY_A 0;0 0;0
1681 KEY_B 0;0 0;0
1682 KEY_A 0;0 0;0
1683 KEY_B 0;0 0;0
1684 KEY_A 0;0 0;0
1685 KEY_B 0;0 0;0
1686 KEY_A 0;0 0;0
1687 KEY_B 0;0 0;0
1688 KEY_A 0;0 0;0
1689 KEY_B 0;0 0;0
1690 KEY_A 0;0 0;0
1691 KEY_B 0;0 0;0
1692 KEY_A 0;0 0;0
1693 KEY_B 0;0 0;0
1694 KEY_A 0;0 0;0
1695 KEY_B 0;0 0;0
1696 KEY_A 0;0 0;0
1697 KEY_B 0;0 0;0
1698 KEY_A 0;0 0;0
1699 KEY_B 0;0 0;0
1700 KEY_A 0;0 0;0
1701 KEY_B 0;0 0;0
1702 KEY_A 0;0 0;0
1703 KEY_B 0;0 0;0
1704 KEY_A 0;0 0;0
1705 KEY_B 0;0 0;0
1706 KEY_A 0;0 0;0
1707 KEY_B 0;0 0;0
1708 KEY_A 0;0 0;0
1709 KEY_B 0;0 0;0
1710 KEY_A 0;0 0;0
1711 KEY_B 0;0 0;0
1712 KEY_A 0;0 0;0
1713 KEY_B 0;0 0;0
1714 KEY_A 0;0 0;0
1715 KEY_B 0;0 0;0
1716 KEY_A 0;0 0;0
1717 KEY_B 0;0 0;0
1718 KEY_A 0;0 0;0
1719 KEY_B 0;0 0;0
1720 KEY_A 0;0 0;0
1721 KEY_B 0;0 0;0
1722 KEY_A 0;0 0;0
1723 KEY_B 0;0 0;0
1724 KEY_A 0;0 0;0
1725 KEY_B 0;0 0;0
1726 KEY_A 0;0 0;0
1727 KEY_B 0;0 0;0
1728 KEY_A 0;0 0;0
1729 KEY_B 0;0 0;0
1730 KEY_A 0;0 0;0
1731 KEY_B 0;0 0;0
1732 KEY_A 0;0 0;0
1733 KEY_B 0;0 0;0
1734 KEY_A 0;0 0;0
1735 KEY_B 0;0 0;0
1736 KEY_A 0;0 0;0
1737 KEY_B 0;0 0;0
1738 KEY_A 0;0 0;0
1739 KEY_B 0;0 0;0
1740 KEY_A 0;0 0;0
1741 KEY_B 0;0 0;0
1742 KEY_A 0;0 0;0
1743 KEY_B 0;0 0;0
1744 KEY_A 0;0 0;0
1745 KEY_B 0;0 0;0
1746 KEY_A 0;0 0;0
1747 KEY_B 0;0 0;0
1748 KEY_A 0;0 0;0
1749 KEY_B 0;0 0;0
1750 KEY_A 0;0 0;0
1751 KEY_B 0;0 0;0
1752 KEY_A 0;0 0;0
1753 KEY_B 0;0 0;0
1754 KEY_A 0;0 0;0
1755 KEY_B 0;0 0;0
1756 KEY_A 0;0 0;0
1757 KEY_B 0;0 0;0
1758 KEY_A 0;0 0;0
1759 KEY_B 0;0 0;0
1760 KEY_A 0;0 0;0
1761 KEY_B 0;0 0;0
1762 KEY_A 0;0 0;0
1763 KEY_B 0;0 0;0
1764 KEY_A 0;0 0;0
1765 KEY_B 0;0 0;0
1766 KEY_A 0;0 0;0
1767 KEY_B 0;0 0;0
1768 KEY_A 0;0 0;0
1769 KEY_B 0;0 0;0
1770 KEY_A 0;0 0;0
1771 KEY_B 0;0 0;0
1772 KEY_A 0;0 0;0
1773 KEY_B 0;0 0;0
1774 KEY_A 0;0 0;0
1775 KEY_B 0;0 0;0
1776 KEY_A 0;0 0;0
1777 KEY_B 0;0 0;0
1778 KEY_A 0;0 0;0
1779 KEY_B 0;0 0;0
1780 KEY_A 0;0 0;0
1781 KEY_B 0;0 0;0
1782 KEY_A 0;0 0;0
1783 KEY_B 0;0 0;0
1784 KEY_A 0;0 0;0
1785 KEY_B 0;0 0;0
1786 KEY_A 0;0 0;0
1787 KEY_B 0;0 0;0
1788 KEY_A 0;0 0;0
1789 KEY_B 0;0 0;0
1790 KEY_A 0;0 0;0
1791 KEY_B 0;0 0;0
1792 KEY_A 0;0 0;0
1793 KEY_B 0;0 0;0
1794 KEY_A 0;0 0;0
1795 KEY_B 0;0 0;0
1796 KEY_A 0;0 0;0
1797 KEY_B 0;0 0;0
1798 KEY_A 0;0 0;0
1799 KEY_B 0;0 0;0
1800 KEY_A 0;0 0;0
1801 KEY_B 0;0 0;0
1802 KEY_A 0;0 0;0
1803 KEY_B 0;0 0;0
1804 KEY_A 0;0 0;0
1805 KEY_B 0;0 0;0
1806 KEY_A 0;0 0;0
1807 KEY_B 0;0 0;0
1808 KEY_A 0;0 0;0
1809 KEY_B 0;0 0;0
1810 KEY_A 0;0 0;0
1811 KEY_B 0;0 0;0
1812 KEY_A 0;0 0;0
1813 KEY_B 0;0 0;0
1814 KEY_A 0;0 0;0
1815 KEY_B 0;0 0;0
1816 KEY_A 0;0 0;0
1817 KEY_B 0;0 0;0
1818 KEY_A 0;0 0;0
1819 KEY_B 0;0 0;0
1820 KEY_A 0;0 0;0
1821 KEY_B 0;0 0;0
1822 KEY_A 0;0 0;0
1823 KEY_B 0;0 0;0
1824 KEY_A 0;0 0;0
1825 KEY_B 0;0 0;0
1826 KEY_A 0;0 0;0
1827 KEY_B 0;0 0;0
1828 KEY_A 0;0 0;0
1829 KEY_B 0;0 0;0
1830 KEY_A 0;0 0;0
1831 KEY_B 0;0 0;0
1832 KEY_A 0;0 0;0
1833 KEY_B 0;0 0;0
1834 KEY_A 0;0 0;0
1835 KEY_B 0;0 0;0
1836 KEY_A 0;0 0;0
1837 KEY_B 0;0 0;0
1838 KEY_A 0;0 0;0
1839 KEY_B 0;0 0;0
1840 KEY_A 0;0 0;0
1841 KEY_B 0;0 0;0
1842 KEY_A 0;0 0;0
1843 KEY_B 0;0 0;0
1844 KEY_A 0;0 0;0
1845 KEY_B 0;0 0;0
1846 KEY_A 0;0 0;0
1847 KEY_B 0;0 0;0
1848 KEY_A 0;0 0;0
1849 KEY_B 0;0 0;0
1850 KEY_A 0;0 0;0
1851 KEY_B 0;0 0;0
1852 KEY_A 0;0 0;0
1853 KEY_B 0;0 0;0
1854 KEY_A 0;0 0;0
1855 KEY_B 0;0 0;0
1856 KEY_A 0;0 0;0
1857 KEY_B 0;0 0;0
1858 KEY_A 0;0 0;0
1859 KEY_B 0;0 0;0
1860 KEY_A 0;0 0;0
1861 KEY_B 0;0 0;0
1862 KEY_A 0;0 0;0
1863 KEY_B 0;0 0;0
1864 KEY_A 0;0 0;0
1865 KEY_B 0;0 0;0
1866 KEY_A 0;0 0;0
1867 KEY_B 0;0 0;0
1868 KEY_A 0;0 0;0
1869 KEY_B 0;0 0;0
1870 KEY_A 0;0 0;0
1871 KEY_B 0;0 0;0
1872 KEY_A 0;0 0;0
1873 KEY_B 0;0 0;0
1874 KEY_A 0;0 0;0
1875 KEY_B 0;0 0;0
1876 KEY_A 0;0 0;0
1877 KEY_B 0;0 0;0
1878 KEY_A 0;0 0;0
1879 KEY_B 0;0 0;0
1880 KEY_A 0;0 0;0
1881 KEY_B 0;0 0;0
1882 KEY_A 0;0 0;0
1883 KEY_B 0;0 0;0
1884 KEY_A 0;0 0;0
1885 KEY_B 0;0 0;0
1886 KEY_A 0;0 0;0
1887 KEY_B 0;0 0;0
1888 KEY_A 0;0 0;0
1889 KEY_B 0;0 0;0
1890 KEY_A 0;0 0;0
1891 KEY_B 0;0 0;0
1892 KEY_A 0;0 0;0
1893 KEY_B 0;0 0;0
1894 KEY_A 0;0 0;0
1895 KEY_B 0;0 0;0
1896 KEY_A 0;0 0;0
1897 KEY_B 0;0 0;0
1898 KEY_A 0;0 0;0
1899 KEY_B 0;0 0;0
1900 KEY_A 0;0 0;0
1901 KEY_B 0;0 0;0
1902 KEY_A 0;0 0;0
1903 KEY_B 0;0 0;0
1904 KEY_A 0;0 0;0
1905 KEY_B 0;0 0;0
1906 KEY_A 0;0 0;0
1907 KEY_B 0;0 0;0
1908 KEY_A 0;0 0;0
1909 KEY_B 0;0 0;0
1910 KEY_A 0;0 0;0
1911 KEY_B 0;0 0;0
1912 KEY_A 0;0 0;0
1913 KEY_B 0;0 0;0
1914 KEY_A 0;0 0;0
1915 KEY_B 0;0 0;0
1916 KEY_A 0;0 0;0
1917 KEY_B 0;0 0;0
1918 KEY_A 0;0 0;0
1919 KEY_B 0;0 0;0
1920 KEY_A 0;0 0;0
1921 KEY_B 0;0 0;0
1922 KEY_A 0;0 0;0
1923 KEY_B 0;0 0;0
1924 KEY_A 0;0 0;0
1925 KEY_B 0;0 0;0
1926 KEY_A 0;0 0;0
1927 KEY_B 0;0 0;0
1928 KEY_A 0;0 0;0
1929 KEY_B 0;0 0;0
1930 KEY_A 0;0 0;0
1931 KEY_B 0;0 0;0
1932 KEY_A 0;0 0;0
1933 KEY_B 0;0 0;0
1934 KEY_A 0;0 0;0
1935 KEY_B 0;0 0;0
1936 KEY_A 0;0 0;0
1937 KEY_B 0;0 0;0
1938 KEY_A 0;0 0;0
1939 KEY_B 0;0 0;0
1940 KEY_A 0;0 0;0
1941 KEY_B 0;0 0;0
1942 KEY_A 0;0 0;0
1943 KEY_B 0;0 0;0
1944 KEY_A 0;0 0;0
1945 KEY_B 0;0 0;0
1946 KEY_A 0;0 0;0
1947 KEY_B 0;0 0;0
1948 KEY_A 0;0 0;0
1949 KEY_B 0;0 0;0
1950 KEY_A 0;0 0;0
1951 KEY_B 0;0 0;0
1952 KEY_A 0;0 0;0
1953 KEY_B 0;0 0;0
1954 KEY_A 0;0 0;0
1955 KEY_B 0;0 0;0
1956 KEY_A 0;0 0;0
1957 KEY_B 0;0 0;0
1958 KEY_A 0;0 0;0
1959 KEY_B 0;0 0;0
1960 KEY_A 0;0 0;0
1961 KEY_B 0;0 0;0
1962 KEY_A 0;0 0;0
1963 KEY_B 0;0 0;0
1964 KEY_A 0;0 0;0
1965 KEY_B 0;0 0;0
1966 KEY_A 0;0 0;0
1967 KEY_B 0;0 0;0
1968 KEY_A 0;0 0;0
1969 KEY_B 0;0 0;0
1970 KEY_A 0;0 0;0
1971 KEY_B 0;0 0;0
1972 KEY_A 0;0 0;0
1973 KEY_B 0;0 0;0
1974 KEY_A 0;0 0;0
1975 KEY_B 0;0 0;0
1976 KEY_A 0;0 0;0
1977 KEY_B 0;0 0;0
1978 KEY_A 0;0 0;0
1979 KEY_B 0;0 0;0
1980 KEY_A 0;0 0;0
1981 KEY_B 0;0 0;0
1982 KEY_A 0;0 0;0
1983 KEY_B 0;0 0;0
1984 KEY_A 0;0 0;0
1985 KEY_B 0;0 0;0
1986 KEY_A 0;0 0;0
1987 KEY_B 0;0 0;0
1988 KEY_A 0;0 0;0
1989 KEY_B 0;0 0;0
1990 KEY_A 0;0 0;0
1991 KEY_B 0;0 0;0
1992 KEY_A 0;0 0;0
1993 KEY_B 0;0 0;0
1994 KEY_A 0;0 0;0
1995 KEY_B 0;0 0;0
1996 KEY_A 0;0 0;0
1997 KEY_B 0;0 0;0
1998 KEY_A 0;0 0;0
1999 KEY_B 0;0 0;0
2000 KEY_A 0;0 0;0
2001 KEY_B 0;0 0;0
2002 KEY_A 0;0 0;0
2003 KEY_B 0;0 0;0
2004 KEY_A 0;0 0;0
2005 KEY_B 0;0 0;0
2006 KEY_A 0;0 0;0
2007 KEY_B 0;0 0;0
2008 KEY_A 0;0 0;0
2009 KEY_B 0;0 0;0
2010 KEY_A 0;0 0;0
2011 KEY_B 0;0 0;0
2012 KEY_A 0;0 0;0
2013 KEY_B 0;0 0;0
2014 KEY_A 0;0 0;0
2015 KEY_B 0;0 0;0
2016 KEY_A 0;0 0;0
2017 KEY_B 0;0 0;0
2018 KEY_A 0;0 0;0
2019 KEY_B 0;0 0;0
2020 KEY_A 0;0 0;0
2021 KEY_B 0;0 0;0
2022 KEY_A 0;0 0;0
2023 KEY_B 0;0 0;0
2024 KEY_A 0;0 0;0
2025 KEY_B 0;0 0;0
2026 KEY_A 0;0 0;0
2027 KEY_B 0;0 0;0
2028 KEY_A 0;0 0;0
2029 KEY_B 0;0 0;0
2030 KEY_A 0;0 0;0
2031 KEY_B 0;0 0;0
2032 KEY_A 0;0 0;0
2033 KEY_B 0;0 0;0
2034 KEY_A 0;0 0;0
2035 KEY_B 0;0 0;0
2036 KEY_A 0;0 0;0
2037 KEY_B 0;0 0;0
2038 KEY_A 0;0 0;0
2039 KEY_B 0;0 0;0
2040 KEY_A 0;0 0;0
2041 KEY_B 0;0 0;0
2042 KEY_A 0;0 0;0
2043 KEY_B 0;0 0;0
2044 KEY_A 0;0 0;0
2045 KEY_B 0;0 0;0
2046 KEY_A 0;0 0;0
2047 KEY_B 0;0 0;0
2048 KEY_A 0;0 0;0
2049 KEY_B 0;0 0;0
2050 KEY_A 0;0 0;0
2051 KEY_B 0;0 0;0
2052 KEY_A 0;0 0;0
2053 KEY_B 0;0 0;0
2054 KEY_A 0;0 0;0
2055 KEY_B 0;0 0;0
2056 KEY_A 0;0 0;0
2057 KEY_B 0;0 0;0
2058 KEY_A 0;0 0;0
2059 KEY_B 0;0 0;0
2060 KEY_A 0;0 0;0
2061 KEY_B 0;0 0;0
2062 KEY_A 0;0 0;0
2063 KEY_B 0;0 0;0
2064 KEY_A 0;0 0;0
2065 KEY_B 0;0 0;0
2066 KEY_A 0;0 0;0
2067 KEY_B 0;0 0;0
2068 KEY_A 0;0 0;0
2069 KEY_B 0;0 0;0
2070 KEY_A 0;0 0;0
2071 KEY_B 0;0 0;0
2072 KEY_A 0;0 0;0
2073 KEY_B 0;0 0;0
2074 KEY_A 0;0 0;0
2075 KEY_B 0;0 0;0
2076 KEY_A 0;0 0;0
2077 KEY_B 0;0 0;0
2078 KEY_A 0;0 0;0
2079 KEY_B 0;0 0;0
2080 KEY_A 0;0 0;0
2081 KEY_B 0;0 0;0
2082 KEY_A 0;0 0;0
2083 KEY_B 0;0 0;0
2084 KEY_A 0;0 0;0
2085 KEY_B 0;0 0;0
2086 KEY_A 0;0 0;0
2087 KEY_B 0;0 0;0
2088 KEY_A 0;0 0;0
2089 KEY_B 0;0 0;0
2090 KEY_A 0;0 0;0
2091 KEY_B 0;0 0;0
2092 KEY_A 0;0 0;0
2093 KEY_B 0;0 0;0
2094 KEY_A 0;0 0;0
2095 KEY_B 0;0 0;0
2096 KEY_A 0;0 0;0
2097 KEY_B 0;0 0;0
2098 KEY_A 0;0 0;0
2099 KEY_B 0;0 0;0
2100 KEY_A 0;0 0;0
2101 KEY_B 0;0 0;0
2102 KEY_A 0;0 0;0
2103 KEY_B 0;0 0;0
2104 KEY_A 0;0 0;0
2105 KEY_B 0;0 0;0
2106 KEY_A 0;0 0;0
2107 KEY_B 0;0 0;0
2108 KEY_A 0;0 0;0
2109 KEY_B 0;0 0;0
2110 KEY_A 0;0 0;0
2111 KEY_B 0;0 0;0
2112 KEY_A 0;0 0;0
2113 KEY_B 0;0 0;0
2114 KEY_A 0;0 0;0
2115 KEY_B 0;0 0;0
2116 KEY_A 0;0 0;0
2117 KEY_B 0;0 0;0
2118 KEY_A 0;0 0;0
2119 KEY_B 0;0 0;0
2120 KEY_A 0;0 0;0
2121 KEY_B 0;0 0;0
2122 KEY_A 0;0 0;0
2123 KEY_B 0;0 0;0
2124 KEY_A 0;0 0;0
2125 KEY_B 0;0 0;0
2126 KEY_A 0;0 0;0
2127 KEY_B 0;0 0;0
2128 KEY_A 0;0 0;0
2129 KEY_B 0;0 0;0
2130 KEY_A 0;0 0;0
2131 KEY_B 0;0 0;0
2132 KEY_A 0;0 0;0
2133 KEY_B 0;0 0;0
2134 KEY_A 0;0 0;0
2135 KEY_B 0;0 0;0
2136 KEY_A 0;0 0;0
2137 KEY_B 0;0 0;0
2138 KEY_A 0;0 0;0
2139 KEY_B 0;0 0;0
2140 KEY_A 0;0 0;0
2141 KEY_B 0;0 0;0
2142 KEY_A 0;0 0;0
2143 KEY_B 0;0 0;0
2144 KEY_A 0;0 0;0
2145 KEY_B 0;0 0;0
2146 KEY_A 0;0 0;0
2147 KEY_B 0;0 0;0
2148 KEY_A 0;0 0;0
2149 KEY_B 0;0 0;0
2150 KEY_A 0;0 0;0
2151 KEY_B 0;0 0;0
2152 KEY_A 0;0 0;0
2153 KEY_B 0;0 0;0
2154 KEY_A 0;0 0;0
2155 KEY_B 0;0 0;0
2156 KEY_A 0;0 0;0
2157 KEY_B 0;0 0;0
2158 KEY_A 0;0 0;0
2159 KEY_B 0;0 0;0
2160 KEY_A 0;0 0;0
2161 KEY_B 0;0 0;0
2162 KEY_A 0;0 0;0
2163 KEY_B 0;0 0;0
2164 KEY_A 0;0 0;0
2165 KEY_B 0;0 0;0
2166 KEY_A 0;0 0;0
2167 KEY_B 0;0 0;0
2168 KEY_A 0;0 0;0
2169 KEY_B 0;0 0;0
2170 KEY_A 0;0 0;0
2171 KEY_B 0;0 0;0
2172 KEY_A 0;0 0;0
2173 KEY_B 0;0 0;0
2174 KEY_A 0;0 0;0
2175 KEY_B 0;0 0;0
2176 KEY_A 0;0 0;0
2177 KEY_B 0;0 0;0
2178 KEY_A 0;0 0;0
2179 KEY_B 0;0 0;0
2180 KEY_A 0;0 0;0
2181 KEY_B 0;0 0;0
2182 KEY_A 0;0 0;0
2183 KEY_B 0;0 0;0
2184 KEY_A 0;0 0;0
2185 KEY_B 0;0 0;0
2186 KEY_A 0;0 0;0
2187 KEY_B 0;0 0;0
2188 KEY_A 0;0 0;0
2189 KEY_B 0;0 0;0
2190 KEY_A 0;0 0;0
2191 KEY_B 0;0 0;0
2192 KEY_A 0;0 0;0
2193 KEY_B 0;0 0;0
2194 KEY_A 0;0 0;0
2195 KEY_B 0;0 0;0
2196 KEY_A 0;0 0;0
2197 KEY_B 0;0 0;0
2198 KEY_A 0;0 0;0
2199 KEY_B 0;0 0;0
2200 KEY_A 0;0 0;0
2201 KEY_B 0;0 0;0
2202 KEY_A 0;0 0;0
2203 KEY_B 0;0 0;0
2204 KEY_A 0;0 0;0
2205 KEY_B 0;0 0;0
2206 KEY_A 0;0 0;0
2207 KEY_B 0;0 0;0
2208 KEY_A 0;0 0;0
2209 KEY_B 0;0 0;0
2210 KEY_A 0;0 0;0
2211 KEY_B 0;0 0;0
2212 KEY_A 0;0 0;0
2213 KEY_B 0;0 0;0
2214 KEY_A 0;0 0;0
2215 KEY_B 0;0 0;0
2216 KEY_A 0;0 0;0
2217 KEY_B 0;0 0;0
2218 KEY_A 0;0 0;0
2219 KEY_B 0;0 0;0
2220 KEY_A 0;0 0;0
2221 KEY_B 0;0 0;0
2222 KEY_A 0;0 0;0
2223 KEY_B 0;0 0;0
2224 KEY_A 0;0 0;0
2225 KEY_B 0;0 0;0
2226 KEY_A 0;0 0;0
2227 KEY_B 0;0 0;0
2228 KEY_A 0;0 0;0
2229 KEY_B 0;0 0;0
2230 KEY_A 0;0 0;0
2231 KEY_B 0;0 0;0
2232 KEY_A 0;0 0;0
2233 KEY_B 0;0 0;0
2234 KEY_A 0;0 0;0
2235 KEY_B 0;0 0;0
2236 KEY_A 0;0 0;0
2237 KEY_B 0;0 0;0
2238 KEY_A 0;0 0;0
2239 KEY_B 0;0 0;0
2240 KEY_A 0;0 0;0
2241 KEY_B 0;0 0;0
2242 KEY_A 0;0 0;0
2243 KEY_B 0;0 0;0
2244 KEY_A 0;0 0;0
2245 KEY_B 0;0 0;0
2246 KEY_A 0;0 0;0
2247 KEY_B 0;0 0;0
2248 KEY_A 0;0 0;0
2249 KEY_B 0;0 0;0
2250 KEY_A 0;0 0;0
2251 KEY_B 0;0 0;0
2252 KEY_A 0;0 0;0
2253 KEY_B 0;0 0;0
2254 KEY_A 0;0 0;0
2255 KEY_B 0;0 0;0
2256 KEY_A 0;0 0;0
2257 KEY_B 0;0 0;0
2258 KEY_A 0;0 0;0
2259 KEY_B 0;0 0;0
2260 KEY_A 0;0 0;0
2261 KEY_B 0;0 0;0
2262 KEY_A 0;0 0;0
2263 KEY_B 0;0 0;0
2264 KEY_A 0;0 0;0
2265 KEY_B 0;0 0;0
2266 KEY_A 0;0 0;0
2267 KEY_B 0;0 0;0
2268 KEY_A 0;0 0;0
2269 KEY_B 0;0 0;0
2270 KEY_A 0;0 0;0
2271 KEY_B 0;0 0;0
2272 KEY_A 0;0 0;0
2273 KEY_B 0;0 0;0
2274 KEY_A 0;0 0;0
2275 KEY_B 0;0 0;0
2276 KEY_A 0;0 0;0
2277 KEY_B 0;0 0;0
2278 KEY_A 0;0 0;0
2279 KEY_B 0;0 0;0
2280 KEY_A 0;0 0;0
2281 KEY_B 0;0 0;0
2282 KEY_A 0;0 0;0
2283 KEY_B 0;0 0;0
2284 KEY_A 0;0 0;0
2285 KEY_B 0;0 0;0
2286 KEY_A 0;0 0;0
2287 KEY_B 0;0 0;0
2288 KEY_A 0;0 0;0
2289 KEY_B 0;0 0;0
2290 KEY_A 0;0 0;0
2291 KEY_B 0;0 0;0
2292 KEY_B 0;0 0;0
2293 KEY_A 0;0 0;0
2294 KEY_B 0;0 0;0
2295 KEY_A 0;0 0;0
2296 KEY_B 0;0 0;0
2297 KEY_A 0;0 0;0
2298 KEY_B 0;0 0;0
2299 KEY_A 0;0 0;0
2300 KEY_B 0;0 0;0
2301 KEY_A 0;0 0;0
2302 KEY_B 0;0 0;0
2303 KEY_A 0;0 0;0
2304 KEY_B 0;0 0;0
2305 KEY_A 0;0 0;0
2306 KEY_B 0;0 0;0
2307 KEY_A 0;0 0;0
2308 KEY_B 0;0 0;0
2309 KEY_A 0;0 0;0
2310 KEY_B 0;0 0;0
2311 KEY_A 0;0 0;0
2312 KEY_B 0;0 0;0
2313 KEY_A 0;0 0;0
2314 KEY_B 0;0 0;0
2315 KEY_A 0;0 0;0
2316 KEY_B 0;0 0;0
2317 KEY_A 0;0 0;0
2318 KEY_B 0;0 0;0
2319 KEY_A 0;0 0;0
2320 KEY_B 0;0 0;0
2321 KEY_A 0;0 0;0
2322 KEY_B 0;0 0;0
2323 KEY_A 0;0 0;0
2324 KEY_B 0;0 0;0
2325 KEY_A 0;0 0;0
2326 KEY_B 0;0 0;0
2327 KEY_A 0;0 0;0
2328 KEY_B 0;0 0;0
2329 KEY_A 0;0 0;0
2330 KEY_B 0;0 0;0
2331 KEY_A 0;0 0;0
2332 KEY_B 0;0 0;0
2333 KEY_A 0;0 0;0
2334 KEY_B 0;0 0;0
2335 KEY_A 0;0 0;0
2336 KEY_B 0;0 0;0
2337 KEY_A 0;0 0;0
2338 KEY_B 0;0 0;0
2339 KEY_A 0;0 0;0
2340 KEY_B 0;0 0;0
2341 KEY_A 0;0 0;0
2342 KEY_B 0;0 0;0
2343 KEY_A 0;0 0;0
2344 KEY_B 0;0 0;0
2345 KEY_A 0;0 0;0
2346 KEY_B 0;0 0;0
2347 KEY_A 0;0 0;0
2348 KEY_B 0;0 0;0
2349 KEY_A 0;0 0;0
2350 KEY_B 0;0 0;0
2351 KEY_A 0;0 0;0
2352 KEY_B 0;0 0;0
2353 KEY_A 0;0 0;0
2354 KEY_B 0;0 0;0
2355 KEY_A 0;0 0;0
2356 KEY_B 0;0 0;0
2357 KEY_A 0;0 0;0
2358 KEY_B 0;0 0;0
2359 KEY_A 0;0 0;0
2360 KEY_B 0;0 0;0
2361 KEY_A 0;0 0;0
2362 KEY_B 0;0 0;0
2363 KEY_A 0;0 0;0
2364 KEY_B 0;0 0;0
2365 KEY_A 0;0 0;0
2366 KEY_B 0;0 0;0
2367 KEY_A 0;0 0;0
2368 KEY_B 0;0 0;0
2369 KEY_A 0;0 0;0
2370 KEY_B 0;0 0;0
2371 KEY_A 0;0 0;0
2372 KEY_B 0;0 0;0
2373 KEY_A 0;0 0;0
2374 KEY_B 0;0 0;0
2375 KEY_A 0;0 0;0
2376 KEY_B 0;0 0;0
2377 KEY_A 0;0 0;0
2378 KEY_B 0;0 0;0
2379 KEY_A 0;0 0;0
2380 KEY_B 0;0 0;0
2381 KEY_A 0;0 0;0
2382 KEY_B 0;0 0;0
2383 KEY_A 0;0 0;0
2384 KEY_B 0;0 0;0
2385 KEY_A 0;0 0;0
2386 KEY_B 0;0 0;0
2387 KEY_A 0;0 0;0
2388 KEY_B 0;0 0;0
2389 KEY_A 0;0 0;0
2390 KEY_B 0;0 0;0
2391 KEY_A 0;0 0;0
2392 KEY_B 0;0 0;0
2393 KEY_A 0;0 0;0
2394 KEY_B 0;0 0;0
2395 KEY_A 0;0 0;0
2396 KEY_B 0;0 0;0
2397 KEY_A 0;0 0;0
2398 KEY_B 0;0 0;0
2399 KEY_A 0;0 0;0
2400 KEY_B 0;0 0;0
2401 KEY_A 0;0 0;0
2402 KEY_B 0;0 0;0
2403 KEY_A 0;0 0;0
2404 KEY_B 0;0 0;0
2405 KEY_A 0;0 0;0
2406 KEY_B 0;0 0;0
2407 KEY_A 0;0 0;0
2408 KEY_B 0;0 0;0
2409 KEY_A 0;0 0;0
2410 KEY_B 0;0 0;0
2411 KEY_A 0;0 0;0
2412 KEY_B 0;0 0;0
2413 KEY_A 0;0 0;0
2414 KEY_B 0;0 0;0
2415 KEY_A 0;0 0;0
2416 KEY_B 0;0 0;0
2417 KEY_A 0;0 0;0
2418 KEY_B 0;0 0;0
2419 KEY_A 0;0 0;0
2420 KEY_B 0;0 0;0
2421 KEY_A 0;0 0;0
2422 KEY_B 0;0 0;0
2423 KEY_A 0;0 0;0
2424 KEY_B 0;0 0;0
2425 KEY_A 0;0 0;0
2426 KEY_B 0;0 0;0
2427 KEY_A 0;0 0;0
2428 KEY_B 0;0 0;0
2429 KEY_A 0;0 0;0
2430 KEY_B 0;0 0;0
2431 KEY_A 0;0 0;0
2432 KEY_B 0;0 0;0
2433 KEY_A 0;0 0;0
2434 KEY_B 0;0 0;0
2435 KEY_A 0;0 0;0
2436 KEY_B 0;0 0;0
2437 KEY_A 0;0 0;0
2438 KEY_B 0;0 0;0
2439 KEY_A 0;0 0;0
2440 KEY_B 0;0 0;0
2441 KEY_A 0;0 0;0
2442 KEY_B 0;0 0;0
2443 KEY_A 0;0 0;0
2444 KEY_B 0;0 0;0
2445 KEY_A 0;0 0;0
2446 KEY_B 0;0 0;0
2447 KEY_A 0;0 0;0
2448 KEY_B 0;0 0;0
2449 KEY_A 0;0 0;0
2450 KEY_B 0;0 0;0
2451 KEY_A 0;0 0;0
2452 KEY_B 0;0 0;0
2453 KEY_A 0;0 0;0
2454 KEY_B 0;0 0;0
2455 KEY_A 0;0 0;0
2456 KEY_B 0;0 0;0
2457 KEY_A 0;0 0;0
2458 KEY_B 0;0 0;0
2459 KEY_A 0;0 0;0
2460 KEY_B 0;0 0;0
2461 KEY_A 0;0 0;0
2462 KEY_B 0;0 0;0
2463 KEY_A 0;0 0;0
2464 KEY_B 0;0 0;0
2465 KEY_A 0;0 0;0
2466 KEY_B 0;0 0;0
2467 KEY_A 0;0 0;0
2468 KEY_B 0;0 0;0
2469 KEY_A 0;0 0;0
2470 KEY_B 0;0 0;0
2471 KEY_A 0;0 0;0
2472 KEY_B 0;0 0;0
2473 KEY_A 0;0 0;0
2474 KEY_B 0;0 0;0
2475 KEY_A 0;0 0;0
2476 KEY_B 0;0 0;0
2477 KEY_A 0;0 0;0
2478 KEY_B 0;0 0;0
2479 KEY_A 0;0 0;0
2480 KEY_B 0;0 0;0
2481 KEY_A 0;0 0;0
2482 KEY_B 0;0 0;0
2483 KEY_A 0;0 0;0
2484 KEY_B 0;0 0;0
2485 KEY_A 0;0 0;0
2486 KEY_B 0;0 0;0
2487 KEY_A 0;0 0;0
2488 KEY_B 0;0 0;0
2489 KEY_A 0;0 0;0
2490 KEY_B 0;0 0;0
2491 KEY_A 0;0 0;0
2492 KEY_B 0;0 0;0
2493 KEY_A 0;0 0;0
2494 KEY_B 0;0 0;0
2495 KEY_A 0;0 0;0
2496 KEY_B 0;0 0;0
2497 KEY_A 0;0 0;0
2498 KEY_B 0;0 0;0
2499 KEY_A 0;0 0;0
2500 KEY_B 0;0 0;0
2501 KEY_A 0;0 0;0
2502 KEY_B 0;0 0;0
2503 KEY_A 0;0 0;0
2504 KEY_B 0;0 0;0
2505 KEY_A 0;0 0;0
2506 KEY_B 0;0 0;0
2507 KEY_A 0;0 0;0
2508 KEY_B 0;0 0;0
2509 KEY_A 0;0 0;0
2510 KEY_B 0;0 0;0
2511 KEY_A 0;0 0;0
2512 KEY_B 0;0 0;0
2513 KEY_A 0;0 0;0
2514 KEY_B 0;0 0;0
2515 KEY_A 0;0 0;0
2516 KEY_B 0;0 0;0
2517 KEY_A 0;0 0;0
2518 KEY_B 0;0 0;0
2519 KEY_A 0;0 0;0
2520 KEY_B 0;0 0;0
2521 KEY_A 0;0 0;0
2522 KEY_B 0;0 0;0
2523 KEY_A 0;0 0;0
2524 KEY_B 0;0 0;0
2525 KEY_A 0;0 0;0
2526 KEY_B 0;0 0;0
2527 KEY_A 0;0 0;0
2528 KEY_B 0;0 0;0
2529 KEY_A 0;0 0;0
2530 KEY_B 0;0 0;0
2531 KEY_A 0;0 0;0
2532 KEY_B 0;0 0;0
2533 KEY_A 0;0 0;0
2534 KEY_B 0;0 0;0
2535 KEY_A 0;0 0;0
2536 KEY_B 0;0 0;0
2537 KEY_A 0;0 0;0
2538 KEY_B 0;0 0;0
2539 KEY_A 0;0 0;0
2540 KEY_B 0;0 0;0
2541 KEY_A 0;0 0;0
2542 KEY_B 0;0 0;0
2543 KEY_A 0;0 0;0
2544 KEY_B 0;0 0;0
2545 KEY_A 0;0 0;0
2546 KEY_B 0;0 0;0
2547 KEY_A 0;0 0;0
2548 KEY_B 0;0 0;0
2549 KEY_A 0;0 0;0
2550 KEY_B 0;0 0;0
2551 KEY_A 0;0 0;0
2552 KEY_B 0;0 0;0
2553 KEY_A 0;0 0;0
2554 KEY_B 0;0 0;0
2555 KEY_A 0;0 0;0
2556 KEY_B 0;0 0;0
2557 KEY_A 0;0 0;0
2558 KEY_B 0;0 0;0
2559 KEY_A 0;0 0;0
2560 KEY_B 0;0 0;0
2561 KEY_A 0;0 0;0
2562 KEY_B 0;0 0;0
2563 KEY_A 0;0 0;0
2564 KEY_B 0;0 0;0
2565 KEY_A 0;0 0;0
2566 KEY_B 0;0 0;0
2567 KEY_A 0;0 0;0
2568 KEY_B 0;0 0;0
2569 KEY_A 0;0 0;0
2570 KEY_B 0;0 0;0
2571 KEY_A 0;0 0;0
2572 KEY_B 0;0 0;0
2573 KEY_A 0;0 0;0
2574 KEY_B 0;0 0;0
2575 KEY_A 0;0 0;0
2576 KEY_B 0;0 0;0
2577 KEY_A 0;0 0;0
2578 KEY_B 0;0 0;0
2579 KEY_A 0;0 0;0
2580 KEY_B 0;0 0;0
2581 KEY_A 0;0 0;0
2582 KEY_B 0;0 0;0
2583 KEY_A 0;0 0;0
2584 KEY_B 0;0 0;0
2585 KEY_A 0;0 0;0
2586 KEY_B 0;0 0;0
2587 KEY_A 0;0 0;0
2588 KEY_B 0;0 0;0
2589 KEY_A 0;0 0;0
2590 KEY_B 0;0 0;0
2591 KEY_A 0;0 0;0
2592 KEY_B 0;0 0;0
2593 KEY_A 0;0 0;0
2594 KEY_B 0;0 0;0
2595 KEY_A 0;0 0;0
2596 KEY_B 0;0 0;0
2597 KEY_A 0;0 0;0
2598 KEY_B 0;0 0;0
2599 KEY_A 0;0 0;0
2600 KEY_B 0;0 0;0
2601 KEY_A 0;0 0;0
2602 KEY_B 0;0 0;0
2603 KEY_A 0;0 0;0
2604 KEY_B 0;0 0;0
2605 KEY_A 0;0 0;0
2606 KEY_B 0;0 0;0
2607 KEY_A 0;0 0;0
2608 KEY_B 0;0 0;0
2609 KEY_A 0;0 0;0
2610 KEY_B 0;0 0;0
2611 KEY_A 0;0 0;0
2612 KEY_B 0;0 0;0
2613 KEY_A 0;0 0;0
2614 KEY_B 0;0 0;0
2615 KEY_A 0;0 0;0
2616 KEY_B 0;0 0;0
2617 KEY_A 0;0 0;0
2618 KEY_B 0;0 0;0
2619 KEY_A 0;0 0;0
2620 KEY_B 0;0 0;0
