0 NONE 0;0 0;0
1 KEY_A 0;0 0;0
2 KEY_B 0;0 0;-32767
3 KEY_A 0;0 0;-32767
4 KEY_B 0;0 0;-32767
5 KEY_A 0;0 0;-32767
6 KEY_B 0;0 0;-32767
7 KEY_A 0;0 0;-32767
8 KEY_B 0;0 0;-32767
9 KEY_A 0;0 0;-32767
10 KEY_B 0;0 0;-32767
11 KEY_A 0;0 0;-32767
12 KEY_B 0;0 0;-32767
13 KEY_A 0;0 0;-32767
14 KEY_B 0;0 0;-32767
15 KEY_A 0;0 0;-32767
16 KEY_B 0;0 0;-32767
17 KEY_A 0;0 0;-32767
18 KEY_B 0;0 0;-32767
19 KEY_A 0;0 0;-32767
20 KEY_B 0;0 0;-32767
21 KEY_A 0;0 0;-32767
22 KEY_B 0;0 0;-32767
23 KEY_A 0;0 0;-32767
24 KEY_B 0;0 0;-32767
25 KEY_A 0;0 0;-32767
26 KEY_B 0;0 0;-32767
27 KEY_A 0;0 0;-32767
28 KEY_B 0;0 0;-32767
29 KEY_A 0;0 0;-32767
30 KEY_B 0;0 0;-32767
31 KEY_A 0;0 0;-32767
32 KEY_B 0;0 0;-32767
33 KEY_A 0;0 0;-32767
34 KEY_B 0;0 0;-32767
35 KEY_A 0;0 0;-32767
36 KEY_B 0;0 0;-32767
37 KEY_A 0;0 0;-32767
38 KEY_B 0;0 0;-32767
39 KEY_A 0;0 0;-32767
40 KEY_B 0;0 0;-32767
41 KEY_A 0;0 0;-32767
42 KEY_B 0;0 0;-32767
43 KEY_A 0;0 0;-32767
44 KEY_B 0;0 0;-32767
45 KEY_A 0;0 0;-32767
46 KEY_B 0;0 0;-32767
47 KEY_A 0;0 0;-32767
48 KEY_B 0;0 0;-32767
49 KEY_A 0;0 0;-32767
50 KEY_B 0;0 0;-32767
51 KEY_A 0;0 0;-32767
52 KEY_B 0;0 0;-32767
53 KEY_A 0;0 0;-32767
54 KEY_B 0;0 0;-32767
55 KEY_A 0;0 0;-32767
56 KEY_B 0;0 0;-32767
57 KEY_A 0;0 0;-32767
58 KEY_B 0;0 0;-32767
59 KEY_A 0;0 0;-32767
60 KEY_B 0;0 0;-32767
61 KEY_A 0;0 0;-32767
62 KEY_B 0;0 0;-32767
63 KEY_A 0;0 0;-32767
64 KEY_B 0;0 0;-32767
65 KEY_A 0;0 0;-32767
66 KEY_B 0;0 0;-32767
67 KEY_A 0;0 0;-32767
68 KEY_B 0;0 0;-32767
69 KEY_A 0;0 0;-32767
70 KEY_B 0;0 0;-32767
71 KEY_A 0;0 0;-32767
72 KEY_B 0;0 0;-32767
73 KEY_A 0;0 0;-32767
74 KEY_B 0;0 0;-32767
75 KEY_A 0;0 0;-32767
76 KEY_B 0;0 0;-32767
77 KEY_A 0;0 0;-32767
78 KEY_B 0;0 0;-32767
79 KEY_A 0;0 0;-32767
80 KEY_B 0;0 0;-32767
81 KEY_A 0;0 0;-32767
82 KEY_B 0;0 0;-32767
83 KEY_A 0;0 0;-32767
84 KEY_B 0;0 0;-32767
85 KEY_A 0;0 0;-32767
86 KEY_B 0;0 0;-32767
87 KEY_A 0;0 0;-32767
88 KEY_B 0;0 0;-32767
89 KEY_A 0;0 0;-32767
90 KEY_B 0;0 0;-32767
91 KEY_A 0;0 0;-32767
92 KEY_B 0;0 0;-32767
93 KEY_A 0;0 0;-32767
94 KEY_B 0;0 0;-32767
95 KEY_A 0;0 0;-32767
96 KEY_B 0;0 0;-32767
97 KEY_A 0;0 0;-32767
98 KEY_B 0;0 0;-32767
99 KEY_A 0;0 0;-32767
100 KEY_B 0;0 0;-32767
101 KEY_A 0;0 0;-32767
102 KEY_B 0;0 0;-32767
103 KEY_A 0;0 0;-32767
104 KEY_B 0;0 0;-32767
105 KEY_A 0;0 0;-32767
106 KEY_B 0;0 0;-32767
107 KEY_A 0;0 0;-32767
108 KEY_B 0;0 0;-32767
109 KEY_A 0;0 0;-32767
110 KEY_B 0;0 0;-32767
111 KEY_A 0;0 0;-32767
112 KEY_B 0;0 0;-32767
113 KEY_A 0;0 0;-32767
114 KEY_B 0;0 0;-32767
115 KEY_A 0;0 0;-32767
116 KEY_B 0;0 0;-32767
117 KEY_A 0;0 0;-32767
118 KEY_B 0;0 0;-32767
119 KEY_A 0;0 0;-32767
120 KEY_B 0;0 0;-32767
121 KEY_A 0;0 0;-32767
122 KEY_B 0;0 0;-32767
123 KEY_A 0;0 0;-32767
124 KEY_B 0;0 0;-32767
125 KEY_A 0;0 0;-32767
126 KEY_B 0;0 0;-32767
127 KEY_A 0;0 0;-32767
128 KEY_B 0;0 0;-32767
129 KEY_A 0;0 0;-32767
130 KEY_B 0;0 0;-32767
131 KEY_A 0;0 0;-32767
132 KEY_B 0;0 0;-32767
133 KEY_A 0;0 0;-32767
134 KEY_B 0;0 0;-32767
135 KEY_A 0;0 0;-32767
136 KEY_B 0;0 0;-32767
137 KEY_A 0;0 0;-32767
138 KEY_B 0;0 0;-32767
139 KEY_A 0;0 0;-32767
140 KEY_B 0;0 0;-32767
141 KEY_A 0;0 0;-32767
142 KEY_B 0;0 0;-32767
143 KEY_A 0;0 0;-32767
144 KEY_B 0;0 0;-32767
145 KEY_A 0;0 0;-32767
146 KEY_B 0;0 0;-32767
147 KEY_A 0;0 0;-32767
148 KEY_B 0;0 0;-32767
149 KEY_A 0;0 0;-32767
150 KEY_B 0;0 0;-32767
151 KEY_A 0;0 0;-32767
152 KEY_B 0;0 0;-32767
153 KEY_A 0;0 0;-32767
154 KEY_B 0;0 0;-32767
155 KEY_A 0;0 0;-32767
156 KEY_B 0;0 0;-32767
157 KEY_A 0;0 0;-32767
158 KEY_B 0;0 0;-32767
159 KEY_A 0;0 0;-32767
160 KEY_B 0;0 0;-32767
161 KEY_A 0;0 0;-32767
162 KEY_B 0;0 0;-32767
163 KEY_A 0;0 0;-32767
164 KEY_B 0;0 0;-32767
165 KEY_A 0;0 0;-32767
166 KEY_B 0;0 0;-32767
167 KEY_A 0;0 0;-32767
168 KEY_B 0;0 0;-32767
169 KEY_A 0;0 0;-32767
170 KEY_B 0;0 0;-32767
171 KEY_A 0;0 0;-32767
172 KEY_B 0;0 0;-32767
173 KEY_A 0;0 0;-32767
174 KEY_B 0;0 0;-32767
175 KEY_A 0;0 0;-32767
176 KEY_B 0;0 0;-32767
177 KEY_A 0;0 0;-32767
178 KEY_B 0;0 0;-32767
179 KEY_A 0;0 0;-32767
180 KEY_B 0;0 0;-32767
181 KEY_A 0;0 0;-32767
182 KEY_B 0;0 0;-32767
183 KEY_A 0;0 0;-32767
184 KEY_B 0;0 0;-32767
185 KEY_A 0;0 0;-32767
186 KEY_B 0;0 0;-32767
187 KEY_A 0;0 0;-32767
188 KEY_B 0;0 0;-32767
189 KEY_A 0;0 0;-32767
190 KEY_B 0;0 0;-32767
191 KEY_A 0;0 0;-32767
192 KEY_B 0;0 0;-32767
193 KEY_A 0;0 0;-32767
194 KEY_B 0;0 0;-32767
195 KEY_A 0;0 0;-32767
196 KEY_B 0;0 0;-32767
197 KEY_A 0;0 0;-32767
198 KEY_B 0;0 0;-32767
199 KEY_A 0;0 0;-32767
200 KEY_B 0;0 0;-32767
201 KEY_A 0;0 0;-32767
202 KEY_B 0;0 0;-32767
203 KEY_A 0;0 0;-32767
204 KEY_B 0;0 0;-32767
205 KEY_A 0;0 0;-32767
206 KEY_B 0;0 0;-32767
207 KEY_A 0;0 0;-32767
208 KEY_B 0;0 0;-32767
209 KEY_A 0;0 0;-32767
210 KEY_B 0;0 0;-32767
211 KEY_A 0;0 0;-32767
212 KEY_B 0;0 0;-32767
213 KEY_A 0;0 0;-32767
214 KEY_B 0;0 0;-32767
215 KEY_A 0;0 0;-32767
216 KEY_B 0;0 0;-32767
217 KEY_A 0;0 0;-32767
218 KEY_B 0;0 0;-32767
219 KEY_A 0;0 0;-32767
220 KEY_B 0;0 0;-32767
221 KEY_A 0;0 0;-32767
222 KEY_B 0;0 0;-32767
223 KEY_A 0;0 0;-32767
224 KEY_B 0;0 0;-32767
225 KEY_A 0;0 0;-32767
226 KEY_B 0;0 0;-32767
227 KEY_A 0;0 0;-32767
228 KEY_B 0;0 0;-32767
229 KEY_A 0;0 0;-32767
230 KEY_B 0;0 0;-32767
231 KEY_A 0;0 0;-32767
232 KEY_B 0;0 0;-32767
233 KEY_A 0;0 0;-32767
234 KEY_B 0;0 0;-32767
235 KEY_A 0;0 0;-32767
236 KEY_B 0;0 0;-32767
237 KEY_A 0;0 0;-32767
238 KEY_B 0;0 0;-32767
239 KEY_A 0;0 0;-32767
240 KEY_B 0;0 0;-32767
241 KEY_A 0;0 0;-32767
242 KEY_B 0;0 0;-32767
243 KEY_A 0;0 0;-32767
244 KEY_B 0;0 0;-32767
245 KEY_A 0;0 0;-32767
246 KEY_B 0;0 0;-32767
247 KEY_A 0;0 0;-32767
248 KEY_B 0;0 0;-32767
249 KEY_A 0;0 0;-32767
250 KEY_B 0;0 0;-32767
251 KEY_A 0;0 0;-32767
252 KEY_B 0;0 0;-32767
253 KEY_A 0;0 0;-32767
254 KEY_B 0;0 0;-32767
255 KEY_A 0;0 0;-32767
256 KEY_B 0;0 0;-32767
257 NONE 0;32767 0;-32767
258 NONE -28377;-16383 0;-32767
259 NONE 28377;-16383 0;-32767
260 NONE 0;32767 0;-32767
261 NONE -28377;-16383 0;-32767
262 NONE 28377;-16383 0;-32767
263 NONE 0;32767 0;-32767
264 NONE -28377;-16383 0;-32767
265 NONE 28377;-16383 0;-32767
266 NONE 0;32767 0;-32767
267 NONE -28377;-16383 0;-32767
268 NONE 28377;-16383 0;-32767
269 NONE 0;32767 0;-32767
270 NONE -28377;-16383 0;-32767
271 NONE 28377;-16383 0;-32767
272 NONE 0;32767 0;-32767
273 NONE -28377;-16383 0;-32767
274 NONE 28377;-16383 0;-32767
275 NONE 0;32767 0;-32767
276 NONE -28377;-16383 0;-32767
277 NONE 28377;-16383 0;-32767
278 NONE 0;32767 0;-32767
279 NONE -28377;-16383 0;-32767
280 NONE 28377;-16383 0;-32767
281 NONE 0;32767 0;-32767
282 NONE -28377;-16383 0;-32767
283 NONE 28377;-16383 0;-32767
284 NONE 0;32767 0;-32767
285 NONE -28377;-16383 0;-32767
286 NONE 28377;-16383 0;-32767
287 NONE 0;32767 0;-32767
288 NONE -28377;-16383 0;-32767
289 NONE 28377;-16383 0;-32767
290 NONE 0;32767 0;-32767
291 NONE -28377;-16383 0;-32767
292 NONE 28377;-16383 0;-32767
293 NONE 0;32767 0;-32767
294 NONE -28377;-16383 0;-32767
295 NONE 28377;-16383 0;-32767
296 NONE 0;32767 0;-32767
297 NONE -28377;-16383 0;-32767
298 NONE 28377;-16383 0;-32767
299 NONE 0;32767 0;-32767
300 NONE -28377;-16383 0;-32767
301 NONE 28377;-16383 0;-32767
302 NONE 0;32767 0;-32767
303 NONE -28377;-16383 0;-32767
304 NONE 28377;-16383 0;-32767
305 NONE 0;32767 0;-32767
306 NONE -28377;-16383 0;-32767
307 NONE 28377;-16383 0;-32767
308 NONE 0;32767 0;-32767
309 NONE -28377;-16383 0;-32767
310 NONE 28377;-16383 0;-32767
311 NONE 0;32767 0;-32767
312 NONE -28377;-16383 0;-32767
313 NONE 28377;-16383 0;-32767
314 NONE 0;32767 0;-32767
315 NONE -28377;-16383 0;-32767
316 NONE 28377;-16383 0;-32767
317 NONE 0;32767 0;-32767
318 NONE -28377;-16383 0;-32767
319 NONE 28377;-16383 0;-32767
320 NONE 0;32767 0;-32767
321 NONE -28377;-16383 0;-32767
322 NONE 28377;-16383 0;-32767
323 NONE 0;32767 0;-32767
324 NONE -28377;-16383 0;-32767
325 NONE 28377;-16383 0;-32767
326 NONE 0;32767 0;-32767
327 NONE -28377;-16383 0;-32767
328 NONE 28377;-16383 0;-32767
329 NONE 0;32767 0;-32767
330 NONE -28377;-16383 0;-32767
331 NONE 28377;-16383 0;-32767
332 NONE 0;32767 0;-32767
333 NONE -28377;-16383 0;-32767
334 NONE 28377;-16383 0;-32767
335 NONE 0;32767 0;-32767
336 NONE -28377;-16383 0;-32767
337 NONE 28377;-16383 0;-32767
338 NONE 0;32767 0;-32767
339 NONE -28377;-16383 0;-32767
340 NONE 28377;-16383 0;-32767
341 NONE 0;32767 0;-32767
342 NONE -28377;-16383 0;-32767
343 NONE 28377;-16383 0;-32767
344 NONE 0;32767 0;-32767
345 NONE -28377;-16383 0;-32767
346 NONE 28377;-16383 0;-32767
347 NONE 0;32767 0;-32767
348 NONE -28377;-16383 0;-32767
349 NONE 28377;-16383 0;-32767
350 NONE 0;32767 0;-32767
351 NONE -28377;-16383 0;-32767
352 NONE 28377;-16383 0;-32767
353 NONE 0;32767 0;-32767
354 NONE -28377;-16383 0;-32767
355 NONE 28377;-16383 0;-32767
356 NONE 0;32767 0;-32767
357 NONE -28377;-16383 0;-32767
358 NONE 28377;-16383 0;-32767
359 NONE 0;32767 0;-32767
360 NONE -28377;-16383 0;-32767
361 NONE 28377;-16383 0;-32767
362 NONE 0;32767 0;-32767
363 NONE -28377;-16383 0;-32767
364 NONE 28377;-16383 0;-32767
365 NONE 0;32767 0;-32767
366 NONE -28377;-16383 0;-32767
367 NONE 28377;-16383 0;-32767
368 NONE 0;32767 0;-32767
369 NONE -28377;-16383 0;-32767
370 NONE 28377;-16383 0;-32767
371 NONE 0;32767 0;-32767
372 NONE -28377;-16383 0;-32767
373 NONE 28377;-16383 0;-32767
374 NONE 0;32767 0;-32767
375 NONE -28377;-16383 0;-32767
376 NONE 28377;-16383 0;-32767
377 NONE 0;32767 0;-32767
378 NONE -28377;-16383 0;-32767
379 NONE 28377;-16383 0;-32767
380 NONE 0;32767 0;-32767
381 KEY_B -1714;32722 0;-32767
382 KEY_ZL -1714;32722 0;-32767
383 KEY_ZL -1714;32722 0;-32767
384 KEY_X;KEY_ZL -1714;32722 0;-32767
385 KEY_Y;KEY_ZL -1714;32722 0;-32767
386 KEY_X;KEY_ZL -1714;32722 0;-32767
387 KEY_Y;KEY_ZL -1714;32722 0;-32767
388 KEY_X;KEY_ZL -1714;32722 0;-32767
389 KEY_Y;KEY_ZL -1714;32722 0;-32767
390 KEY_ZL -1714;32722 0;-32767
391 KEY_ZL -1714;32722 0;-32767
392 KEY_ZL -1714;32722 0;-32767
393 KEY_ZL -1714;32722 0;-32767
394 KEY_ZL -1714;32722 0;-32767
395 KEY_ZL -1714;32722 0;-32767
396 KEY_ZL -1714;32722 0;-32767
397 KEY_ZL -1714;32722 0;-32767
398 KEY_ZL -1714;32722 0;-32767
399 KEY_ZL -1714;32722 0;-32767
400 KEY_ZL -1714;32722 0;-32767
401 KEY_ZL -1714;32722 0;-32767
402 KEY_ZL -1714;32722 0;-32767
403 KEY_ZL -1714;32722 0;-32767
404 KEY_ZL -1714;32722 0;-32767
405 KEY_ZL -1714;32722 0;-32767
406 KEY_ZL -1714;32722 0;-32767
407 KEY_ZL -1714;32722 0;-32767
408 KEY_ZL -1714;32722 0;-32767
409 KEY_ZL -1714;32722 0;-32767
410 KEY_ZL -1714;32722 0;-32767
411 KEY_ZL -1714;32722 0;-32767
412 KEY_ZL -1714;32722 0;-32767
413 KEY_ZL -1714;32722 0;-32767
414 KEY_ZL -1714;32722 0;-32767
415 KEY_ZL -1714;32722 0;-32767
416 KEY_ZL -1714;32722 0;-32767
417 KEY_ZL -1714;32722 0;-32767
418 KEY_ZL -1714;32722 0;-32767
419 KEY_ZL -1714;32722 0;-32767
420 KEY_ZL -1714;32722 0;-32767
421 KEY_ZL;KEY_L -1714;32722 0;-32767
422 KEY_ZL -1714;32722 0;-32767
423 KEY_ZL -1714;32722 0;-32767
424 KEY_ZL -1714;32722 0;-32767
425 KEY_ZL -1714;32722 0;-32767
426 KEY_ZL -1714;32722 0;-32767
427 KEY_ZL -1714;32722 0;-32767
428 KEY_ZL -1714;32722 0;-32767
429 KEY_ZL -1714;32722 0;-32767
430 KEY_ZL -1714;32722 0;-32767
431 KEY_ZL -1714;32722 0;-32767
432 KEY_ZL -1714;32722 0;-32767
433 KEY_ZL -1714;32722 0;-32767
434 KEY_ZL -1714;32722 0;-32767
435 KEY_ZL -1714;32722 0;-32767
436 KEY_ZL -1714;32722 0;-32767
437 KEY_ZL -1714;32722 0;-32767
438 KEY_ZL -1714;32722 0;-32767
439 KEY_ZL -1714;32722 0;-32767
440 KEY_ZL -1714;32722 0;-32767
441 KEY_ZL;KEY_L -1714;32722 0;-32767
442 KEY_ZL -1714;32722 0;-32767
443 KEY_ZL -1714;32722 0;-32767
444 KEY_ZL -1714;32722 0;-32767
445 KEY_ZL -1714;32722 0;-32767
446 KEY_ZL -1714;32722 0;-32767
447 KEY_ZL -1714;32722 0;-32767
448 KEY_ZL -1714;32722 0;-32767
449 KEY_ZL -1714;32722 0;-32767
450 KEY_ZL -1714;32722 0;-32767
451 KEY_ZL -1714;32722 0;-32767
452 KEY_ZL -1714;32722 0;-32767
453 KEY_ZL -1714;32722 0;-32767
454 KEY_ZL -1714;32722 0;-32767
455 KEY_ZL -1714;32722 0;-32767
456 KEY_ZL -1714;32722 0;-32767
457 KEY_ZL -1714;32722 0;-32767
458 KEY_ZL -1714;32722 0;-32767
459 KEY_ZL -1714;32722 0;-32767
460 KEY_ZL -1714;32722 0;-32767
461 KEY_ZL -1714;32722 0;-32767
462 KEY_ZL -1714;32722 0;-32767
463 KEY_ZL -1714;32722 0;-32767
464 KEY_ZL;KEY_L -1714;32722 0;-32767
465 KEY_ZL -1714;32722 0;-32767
466 KEY_ZL -1714;32722 0;-32767
467 KEY_ZL -1714;32722 0;-32767
468 KEY_ZL -1714;32722 0;-32767
469 KEY_ZL -1714;32722 0;-32767
470 KEY_ZL -1714;32722 0;-32767
471 KEY_ZL -1714;32722 0;-32767
472 KEY_ZL -1714;32722 0;-32767
473 KEY_ZL -1714;32722 0;-32767
474 KEY_ZL -1714;32722 0;-32767
475 KEY_ZL -1714;32722 0;-32767
476 KEY_ZL -1714;32722 0;-32767
477 KEY_ZL -1714;32722 0;-32767
478 KEY_ZL -1714;32722 0;-32767
479 KEY_ZL -1714;32722 0;-32767
480 KEY_ZL -1714;32722 0;-32767
481 KEY_ZL -1714;32722 0;-32767
482 KEY_ZL -1714;32722 0;-32767
483 KEY_ZL -1714;32722 0;-32767
484 KEY_ZL -1714;32722 0;-32767
485 KEY_ZL -1714;32722 0;-32767
486 KEY_ZL -1714;32722 0;-32767
487 KEY_ZL -1714;32722 0;-32767
488 KEY_ZL -1714;32722 0;-32767
489 KEY_ZL -1714;32722 0;-32767
490 KEY_ZL -1714;32722 0;-32767
491 KEY_ZL -1714;32722 0;-32767
492 KEY_ZL -1714;32722 0;-32767
493 KEY_ZL -1714;32722 0;-32767
494 KEY_ZL;KEY_L -1714;32722 0;-32767
495 KEY_ZL -1714;32722 0;-32767
496 KEY_ZL -1714;32722 0;-32767
497 KEY_ZL -1714;32722 0;-32767
498 KEY_ZL -1714;32722 0;-32767
499 KEY_ZL -1714;32722 0;-32767
500 KEY_ZL -1714;32722 0;-32767
501 KEY_ZL -1714;32722 0;-32767
502 KEY_ZL -1714;32722 0;-32767
503 KEY_ZL -1714;32722 0;-32767
504 KEY_ZL -1714;32722 0;-32767
505 KEY_ZL -1714;32722 0;-32767
506 KEY_ZL -1714;32722 0;-32767
507 KEY_ZL -1714;32722 0;-32767
508 KEY_ZL -1714;32722 0;-32767
509 KEY_ZL -1714;32722 0;-32767
510 KEY_ZL -1714;32722 0;-32767
511 KEY_ZL -1714;32722 0;-32767
512 KEY_ZL -1714;32722 0;-32767
513 KEY_ZL -1714;32722 0;-32767
514 KEY_ZL -1714;32722 0;-32767
515 KEY_ZL -1714;32722 0;-32767
516 KEY_ZL -1714;32722 0;-32767
517 KEY_ZL -1714;32722 0;-32767
518 KEY_ZL -1714;32722 0;-32767
519 KEY_ZL -1714;32722 0;-32767
520 KEY_ZL -1714;32722 0;-32767
521 KEY_ZL -1714;32722 0;-32767
522 KEY_ZL -1714;32722 0;-32767
523 KEY_ZL -1714;32722 0;-32767
524 KEY_ZL;KEY_L 3425;32587 0;-32767
525 KEY_ZL 3425;32587 0;-32767
526 KEY_ZL 3425;32587 0;-32767
527 KEY_ZL 3425;32587 0;-32767
528 KEY_ZL 3425;32587 0;-32767
529 KEY_ZL 3425;32587 0;-32767
530 KEY_ZL 3425;32587 0;-32767
531 KEY_ZL 3425;32587 0;-32767
532 KEY_ZL 3425;32587 0;-32767
533 KEY_ZL 3425;32587 0;-32767
534 KEY_ZL 3425;32587 0;-32767
535 KEY_ZL 3425;32587 0;-32767
536 KEY_ZL 3425;32587 0;-32767
537 KEY_ZL 3425;32587 0;-32767
538 KEY_ZL 3425;32587 0;-32767
539 KEY_ZL 3425;32587 0;-32767
540 KEY_ZL 3425;32587 0;-32767
541 KEY_ZL 3425;32587 0;-32767
542 KEY_ZL 3425;32587 0;-32767
543 KEY_ZL 3425;32587 0;-32767
544 KEY_ZL 3425;32587 0;-32767
545 KEY_ZL 3425;32587 0;-32767
546 KEY_ZL 3425;32587 0;-32767
547 KEY_ZL 3425;32587 0;-32767
548 KEY_ZL 3425;32587 0;-32767
549 KEY_ZL 3425;32587 0;-32767
550 KEY_ZL;KEY_L 3425;32587 0;-32767
551 KEY_ZL 3425;32587 0;-32767
552 KEY_ZL 3425;32587 0;-32767
553 KEY_ZL 3425;32587 0;-32767
554 KEY_ZL 3425;32587 0;-32767
555 KEY_ZL 3425;32587 0;-32767
556 KEY_ZL 3425;32587 0;-32767
557 KEY_ZL 3425;32587 0;-32767
558 KEY_ZL 3425;32587 0;-32767
559 KEY_ZL 3425;32587 0;-32767
560 KEY_ZL 3425;32587 0;-32767
561 KEY_ZL 3425;32587 0;-32767
562 KEY_ZL 3425;32587 0;-32767
563 KEY_ZL 3425;32587 0;-32767
564 KEY_ZL 3425;32587 0;-32767
565 KEY_ZL 3425;32587 0;-32767
566 KEY_ZL 3425;32587 0;-32767
567 KEY_ZL 3425;32587 0;-32767
568 KEY_ZL 3425;32587 0;-32767
569 KEY_ZL 3425;32587 0;-32767
570 KEY_ZL 3425;32587 0;-32767
571 KEY_ZL;KEY_L 3425;32587 0;-32767
572 KEY_ZL 3425;32587 0;-32767
573 KEY_ZL 3425;32587 0;-32767
574 KEY_ZL 3425;32587 0;-32767
575 KEY_ZL 3425;32587 0;-32767
576 KEY_ZL 3425;32587 0;-32767
577 KEY_ZL 3425;32587 0;-32767
578 KEY_ZL 3425;32587 0;-32767
579 KEY_ZL 3425;32587 0;-32767
580 KEY_ZL 3425;32587 0;-32767
581 KEY_ZL 3425;32587 0;-32767
582 KEY_ZL 3425;32587 0;-32767
583 KEY_ZL 3425;32587 0;-32767
584 KEY_ZL 3425;32587 0;-32767
585 KEY_ZL 3425;32587 0;-32767
586 KEY_ZL 3425;32587 0;-32767
587 KEY_ZL 3425;32587 0;-32767
588 KEY_ZL 3425;32587 0;-32767
589 KEY_ZL;KEY_L 3425;32587 0;-32767
590 KEY_ZL 3425;32587 0;-32767
591 KEY_ZL 3425;32587 0;-32767
592 KEY_ZL 3425;32587 0;-32767
593 KEY_ZL 3425;32587 0;-32767
594 KEY_ZL 3425;32587 0;-32767
595 KEY_ZL 3425;32587 0;-32767
596 KEY_ZL 3425;32587 0;-32767
597 KEY_ZL 3425;32587 0;-32767
598 KEY_ZL 3425;32587 0;-32767
599 KEY_ZL 3425;32587 0;-32767
600 KEY_ZL 3425;32587 0;-32767
601 KEY_ZL 3425;32587 0;-32767
602 KEY_ZL 3425;32587 0;-32767
603 KEY_ZL 3425;32587 0;-32767
604 KEY_ZL 3425;32587 0;-32767
605 KEY_ZL 3425;32587 0;-32767
606 KEY_ZL 3425;32587 0;-32767
607 KEY_ZL 3425;32587 0;-32767
608 KEY_ZL 3425;32587 0;-32767
609 KEY_ZL;KEY_L -571;32762 0;-32767
610 KEY_ZL -571;32762 0;-32767
611 KEY_ZL -571;32762 0;-32767
612 KEY_ZL -571;32762 0;-32767
613 KEY_ZL -571;32762 0;-32767
614 KEY_ZL -571;32762 0;-32767
615 KEY_ZL -571;32762 0;-32767
616 KEY_ZL -571;32762 0;-32767
617 KEY_ZL -571;32762 0;-32767
618 KEY_ZL -571;32762 0;-32767
619 KEY_ZL -571;32762 0;-32767
620 KEY_ZL -571;32762 0;-32767
621 KEY_ZL -571;32762 0;-32767
622 KEY_ZL -571;32762 0;-32767
623 KEY_ZL -571;32762 0;-32767
624 KEY_ZL -571;32762 0;-32767
625 KEY_ZL -571;32762 0;-32767
626 KEY_ZL -571;32762 0;-32767
627 KEY_ZL -571;32762 0;-32767
628 KEY_ZL -571;32762 0;-32767
629 KEY_ZL;KEY_L -571;32762 0;-32767
630 KEY_ZL -571;32762 0;-32767
631 KEY_ZL -571;32762 0;-32767
632 KEY_ZL -571;32762 0;-32767
633 KEY_ZL -571;32762 0;-32767
634 KEY_ZL -571;32762 0;-32767
635 KEY_ZL -571;32762 0;-32767
636 KEY_ZL -571;32762 0;-32767
637 KEY_ZL -571;32762 0;-32767
638 KEY_ZL -571;32762 0;-32767
639 KEY_ZL -571;32762 0;-32767
640 KEY_ZL -571;32762 0;-32767
641 KEY_ZL -571;32762 0;-32767
642 KEY_ZL -571;32762 0;-32767
643 KEY_ZL -571;32762 0;-32767
644 KEY_ZL -571;32762 0;-32767
645 KEY_ZL -571;32762 0;-32767
646 KEY_ZL -571;32762 0;-32767
647 KEY_ZL -571;32762 0;-32767
648 KEY_ZL -571;32762 0;-32767
649 KEY_ZL -571;32762 0;-32767
650 KEY_ZL -571;32762 0;-32767
651 KEY_ZL;KEY_L -571;32762 0;-32767
652 KEY_ZL -32269;5689 0;-32767
653 KEY_ZL -32269;5689 0;-32767
654 KEY_ZL -32269;5689 0;-32767
655 KEY_ZL -32269;5689 0;-32767
656 KEY_ZL -32269;5689 0;-32767
657 KEY_ZL -32269;5689 0;-32767
658 KEY_ZL -32269;5689 0;-32767
659 KEY_ZL -32269;5689 0;-32767
660 KEY_ZL -32269;5689 0;-32767
661 KEY_ZL -32269;5689 0;-32767
662 KEY_ZL -32269;5689 0;-32767
663 KEY_ZL -32269;5689 0;-32767
664 KEY_ZL -32269;5689 0;-32767
665 KEY_ZL -32269;5689 0;-32767
666 KEY_ZL -32269;5689 0;-32767
667 KEY_ZL -32269;5689 0;-32767
668 KEY_ZL;KEY_L -32269;5689 0;-32767
669 KEY_ZL -32762;571 0;-32767
670 KEY_ZL -32762;571 0;-32767
671 KEY_ZL -32762;571 0;-32767
672 KEY_ZL -32762;571 0;-32767
673 KEY_ZL -32762;571 0;-32767
674 KEY_ZL -32762;571 0;-32767
675 KEY_ZL -32762;571 0;-32767
676 KEY_ZL -32762;571 0;-32767
677 KEY_ZL -32762;571 0;-32767
678 KEY_ZL -32762;571 0;-32767
679 KEY_ZL -32762;571 0;-32767
680 KEY_ZL -32762;571 0;-32767
681 KEY_ZL -32762;571 0;-32767
682 KEY_ZL -32762;571 0;-32767
683 KEY_ZL -32762;571 0;-32767
684 KEY_ZL;KEY_L -32762;571 0;-32767
685 KEY_ZL -32764;-358 0;-32767
686 KEY_ZL -32741;-1287 0;-32767
687 KEY_ZL -32691;-2214 0;-32767
688 KEY_ZL -32615;-3140 0;-32767
689 KEY_ZL -32513;-4064 0;-32767
690 KEY_ZL -32385;-4984 0;-32767
691 KEY_ZL -32231;-5901 0;-32767
692 KEY_ZL -32050;-6812 0;-32767
693 KEY_ZL -31844;-7718 0;-32767
694 KEY_ZL -31613;-8618 0;-32767
695 KEY_ZL -31355;-9511 0;-32767
696 KEY_ZL -31073;-10396 0;-32767
697 KEY_ZL -30766;-11273 0;-32767
698 KEY_ZL -30434;-12141 0;-32767
699 KEY_ZL -30077;-12999 0;-32767
700 KEY_ZL -30077;-12999 0;-32767
701 KEY_ZL;KEY_L -29697;-13846 0;-32767
702 KEY_ZL -29281;-14704 0;-32767
703 KEY_ZL -28841;-15550 0;-32767
704 KEY_ZL -28376;-16382 0;-32767
705 KEY_ZL -27888;-17201 0;-32767
706 KEY_ZL -27376;-18005 0;-32767
707 KEY_ZL -26840;-18793 0;-32767
708 KEY_ZL -26282;-19566 0;-32767
709 KEY_ZL -25702;-20322 0;-32767
710 KEY_ZL -25100;-21062 0;-32767
711 KEY_ZL -24477;-21783 0;-32767
712 KEY_ZL -23833;-22485 0;-32767
713 KEY_ZL -23168;-23169 0;-32767
714 KEY_ZL -22485;-23833 0;-32767
715 KEY_ZL -21782;-24477 0;-32767
716 KEY_ZL -21782;-24477 0;-32767
717 KEY_ZL;KEY_L -23169;-23169 0;-32767
718 KEY_ZL -23169;-23169 0;-32767
719 KEY_ZL -23169;-23169 0;-32767
720 KEY_ZL -23169;-23169 0;-32767
721 KEY_ZL -23169;-23169 0;-32767
722 KEY_ZL -23169;-23169 0;-32767
723 KEY_ZL -23169;-23169 0;-32767
724 KEY_ZL -23169;-23169 0;-32767
725 KEY_ZL -23169;-23169 0;-32767
726 KEY_ZL -23169;-23169 0;-32767
727 KEY_ZL -23169;-23169 0;-32767
728 KEY_ZL -23169;-23169 0;-32767
729 KEY_ZL -23169;-23169 0;-32767
730 KEY_ZL -23169;-23169 0;-32767
731 KEY_ZL -23169;-23169 0;-32767
732 KEY_ZL -23169;-23169 0;-32767
733 KEY_ZL -23169;-23169 0;0
734 KEY_ZL -23169;-23169 0;0
735 KEY_ZL -23169;-23168 0;0
736 KEY_ZL -22485;-23833 0;0
737 KEY_ZL -21782;-24477 0;0
738 KEY_ZL -21061;-25100 0;0
739 KEY_ZL -20322;-25702 0;0
740 KEY_ZL -19566;-26282 0;0
741 KEY_ZL -18793;-26840 0;0
742 KEY_ZL -18005;-27376 0;0
743 KEY_ZL -17201;-27888 0;0
744 KEY_ZL -16383;-28377 0;0
745 KEY_ZL -16383;-28377 0;0
746 KEY_ZL -16383;-28377 0;0
747 KEY_ZL -16383;-28377 0;0
748 KEY_ZL -16383;-28377 0;0
749 KEY_ZL -16383;-28377 0;0
750 KEY_ZL -16383;-28377 0;0
751 KEY_ZL -16383;-28377 0;0
752 KEY_ZL -16383;-28377 0;0
753 KEY_ZL;KEY_L -16383;-28377 0;0
754 KEY_ZL -16383;-28377 0;0
755 KEY_ZL -16383;-28377 0;0
756 KEY_ZL -16383;-28377 0;0
757 KEY_ZL -16383;-28377 0;0
758 KEY_ZL -16383;-28377 0;0
759 KEY_ZL -16383;-28377 0;0
760 KEY_ZL -16383;-28377 0;0
761 KEY_ZL -16383;-28377 0;0
762 KEY_ZL -16383;-28377 0;0
763 KEY_ZL -16383;-28377 0;0
764 KEY_ZL -16383;-28377 0;0
765 KEY_ZL -16383;-28377 0;0
766 KEY_ZL -16383;-28377 0;0
767 KEY_ZL -16383;-28377 0;0
768 KEY_ZL -16383;-28377 0;0
769 KEY_ZL -16383;-28377 0;0
770 KEY_ZL -16383;-28377 0;0
771 KEY_ZL -16383;-28377 0;0
772 KEY_ZL -16383;-28377 0;0
773 KEY_ZL -16383;-28377 0;0
774 KEY_ZL -16383;-28377 0;0
775 KEY_ZL;KEY_L -16383;-28377 0;0
776 KEY_ZL -16383;-28377 0;0
777 KEY_ZL -16383;-28377 0;0
778 KEY_ZL -16383;-28377 0;0
779 KEY_ZL -16383;-28377 0;0
780 KEY_ZL -16383;-28377 0;0
781 KEY_ZL -16383;-28377 0;0
782 KEY_ZL -16383;-28377 0;0
783 KEY_ZL -16383;-28377 0;0
784 KEY_ZL -16383;-28377 0;0
785 KEY_ZL -16383;-28377 0;0
786 KEY_ZL -16383;-28377 0;0
787 KEY_ZL -16383;-28377 0;0
788 KEY_ZL -16383;-28377 0;0
789 KEY_ZL -16383;-28377 0;0
790 KEY_ZL -16383;-28377 0;0
791 KEY_ZL -16383;-28377 0;0
792 KEY_ZL -16383;-28377 0;0
793 KEY_ZL -16383;-28377 0;0
794 KEY_ZL -16383;-28377 0;0
795 KEY_B;KEY_L;KEY_DRIGHT -16383;-28377 0;0
796 KEY_Y -20173;-25820 0;0
797 KEY_Y -23169;23169 0;0
798 KEY_Y -23169;23169 0;0
799 KEY_Y -23169;23169 0;0
800 KEY_Y -23169;23169 0;0
801 KEY_Y -23169;23169 0;0
802 KEY_Y -23169;23169 0;0
803 KEY_Y -23169;23169 0;0
804 KEY_Y -23169;23169 0;0
805 KEY_Y -23169;23169 0;0
806 KEY_Y -23169;23169 0;0
807 KEY_Y -23169;23169 0;0
808 KEY_Y -23169;23169 0;0
809 KEY_Y -23169;23169 0;0
810 KEY_Y -23169;23169 0;0
811 KEY_Y -23169;23169 0;0
812 KEY_Y -23169;23169 0;0
813 KEY_Y -31650;-8480 0;0
814 KEY_Y -31650;-8480 0;0
815 KEY_Y;KEY_DUP -31650;-8480 0;0
816 KEY_Y -31650;-8480 0;0
817 KEY_Y -31650;-8480 0;0
818 KEY_Y -31650;-8480 0;0
819 KEY_B;KEY_Y -31650;-8480 0;0
820 KEY_B;KEY_Y -31650;-8480 0;0
821 KEY_B;KEY_X 23169;23169 0;0
822 KEY_B 23169;23169 0;0
823 KEY_B 23169;23169 0;0
824 KEY_B 23169;23169 0;0
825 NONE 23169;23169 0;0
826 NONE 23169;23169 0;0
827 NONE -30791;-11206 0;0
828 NONE -30791;-11206 0;0
829 NONE -30791;-11206 0;0
830 NONE -30791;-11206 0;0
831 NONE -30791;-11206 0;0
832 NONE -30791;-11206 0;0
833 NONE -30791;-11206 0;0
834 NONE -30791;-11206 0;0
835 NONE -30791;-11206 0;0
836 NONE -30791;-11206 0;0
837 NONE -30791;-11206 0;0
838 NONE -30791;-11206 0;0
839 NONE -30791;-11206 0;0
840 NONE -30791;-11206 0;0
841 NONE 0;32767 0;0
842 NONE -28377;-16383 0;0
843 NONE 28377;-16383 0;0
844 NONE 0;32767 0;0
845 NONE -28377;-16383 0;0
846 NONE 28377;-16383 0;0
847 NONE 0;32767 0;0
848 NONE -28377;-16383 0;0
849 NONE 28377;-16383 0;0
850 NONE 0;32767 0;0
851 NONE 0;32767 0;0
852 NONE -28377;-16383 0;0
853 NONE 28377;-16382 0;0
854 NONE 0;32767 0;0
855 NONE -28377;-16383 0;0
856 NONE -5689;-32269 0;0
857 NONE -5689;-32269 0;0
858 NONE -5689;-32269 0;0
859 NONE -5689;-32269 0;0
860 NONE -5689;-32269 0;0
861 KEY_B 32269;-5689 0;0
862 KEY_ZL 32269;-5689 0;0
863 KEY_ZL 32269;-5689 0;0
864 KEY_ZL 32269;-5689 0;0
865 KEY_ZL 32269;-5689 0;0
866 KEY_ZL 32269;-5689 0;0
867 KEY_ZL 32269;-5689 0;0
868 KEY_ZL 32269;-5689 0;0
869 KEY_ZL 32269;-5689 0;0
870 KEY_ZL 32269;-5689 0;0
871 KEY_ZL 32269;-5689 0;0
872 KEY_ZL 32269;-5689 0;0
873 KEY_ZL 32269;-5689 0;0
874 KEY_ZL 32269;-5689 0;0
875 KEY_ZL 32269;-5689 0;0
876 KEY_ZL 32269;-5689 0;0
877 KEY_X;KEY_ZL 32269;-5689 0;0
878 KEY_Y;KEY_ZL 32269;-5689 0;0
879 KEY_X;KEY_ZL 32269;-5689 0;0
880 KEY_Y;KEY_ZL 32269;-5689 0;0
881 KEY_X;KEY_ZL 32269;-5689 0;0
882 KEY_Y;KEY_ZL 32269;-5689 0;0
883 KEY_ZL 11206;30791 0;0
884 KEY_ZL 11206;30791 0;0
885 KEY_ZL 11206;30791 0;0
886 KEY_ZL 11206;30791 0;0
887 KEY_ZL 11206;30791 0;0
888 KEY_ZL 11206;30791 0;0
889 KEY_ZL 11206;30791 0;0
890 KEY_ZL 11206;30791 0;0
891 KEY_ZL 11206;30791 0;0
892 KEY_ZL 11206;30791 0;0
893 KEY_ZL 11206;30791 0;0
894 KEY_ZL 11206;30791 0;0
895 KEY_ZL 11206;30791 0;0
896 KEY_ZL 11206;30791 0;0
897 KEY_ZL 11206;30791 0;0
898 KEY_ZL 11206;30791 0;0
899 KEY_ZL 11206;30791 0;0
900 KEY_ZL 11206;30791 0;0
901 KEY_ZL 11206;30791 0;0
902 KEY_ZL 11206;30791 0;0
903 KEY_ZL 11206;30791 0;0
904 KEY_ZL 11206;30791 0;0
905 KEY_ZL 11206;30791 0;0
906 KEY_ZL 11206;30791 0;0
907 KEY_ZL 11206;30791 0;0
908 KEY_ZL 11206;30791 0;0
909 KEY_ZL 11206;30791 0;0
910 KEY_ZL 11206;30791 0;0
911 KEY_ZL 11206;30791 0;0
912 KEY_ZL 11206;30791 0;0
913 KEY_ZL 11206;30791 0;0
914 KEY_ZL 11206;30791 0;0
915 KEY_ZL 11206;30791 0;0
916 KEY_ZL 11206;30791 0;0
917 KEY_ZL 15759;28727 0;0
918 KEY_ZL 19946;25996 0;0
919 KEY_ZL 23669;22659 0;0
920 KEY_ZL 26840;18794 0;0
921 KEY_ZL 29387;14492 0;0
922 KEY_ZL 31250;9853 0;0
923 KEY_ZL 32385;4984 0;0
924 KEY_ZL;KEY_DUP 32767;0 0;0
925 KEY_ZL;KEY_DLEFT 32767;0 0;0
926 KEY_ZL;KEY_DDOWN 32767;0 0;0
927 KEY_ZL;KEY_DRIGHT 32767;0 0;0
928 KEY_ZL;KEY_DUP 32767;0 0;0
929 KEY_ZL;KEY_DLEFT 32767;0 0;0
930 KEY_ZL;KEY_DDOWN 32767;0 0;0
931 KEY_ZL;KEY_DRIGHT 32767;0 0;0
932 KEY_ZL;KEY_DUP 32767;0 0;0
933 KEY_ZL;KEY_DLEFT 32767;0 0;0
934 KEY_ZL;KEY_DDOWN 32767;0 0;0
935 KEY_ZL;KEY_DRIGHT 32767;0 0;0
936 KEY_ZL;KEY_DUP 32767;0 0;0
937 KEY_ZL;KEY_DLEFT 32767;0 0;0
938 KEY_ZL;KEY_DDOWN 32767;0 0;0
939 KEY_ZL;KEY_DRIGHT 32767;0 0;0
940 KEY_ZL;KEY_DUP 32767;0 0;0
941 KEY_ZL;KEY_DLEFT 32767;0 0;0
942 KEY_ZL;KEY_DDOWN 32767;0 0;0
943 KEY_ZL;KEY_DRIGHT 32767;0 0;0
944 KEY_ZL;KEY_DUP 32767;0 0;0
945 KEY_ZL;KEY_DLEFT 32767;0 0;0
946 KEY_ZL;KEY_DDOWN 32767;0 0;0
947 KEY_ZL;KEY_DRIGHT 32767;0 0;0
