0 NONE 0;32767 0;0
1 NONE -28376;-16383 0;0
2 NONE 28374;-16381 0;0
3 NONE 0;32767 0;0
4 NONE -28376;-16383 0;0
5 NONE 28374;-16381 0;0
6 NONE 0;32767 0;0
7 NONE -28376;-16383 0;0
8 NONE 28374;-16381 0;0
9 NONE 0;32767 0;0
10 NONE -28376;-16383 0;0
11 NONE 28374;-16381 0;0
12 NONE 0;32767 0;0
13 NONE -28376;-16383 0;0
14 NONE 28374;-16381 0;0
15 NONE 0;32767 0;0
16 NONE -28376;-16383 0;0
17 NONE 28374;-16381 0;0
18 NONE 0;32767 0;0
19 NONE -28376;-16383 0;0
20 NONE 28374;-16381 0;0
21 NONE 0;32767 0;0
22 NONE -28376;-16383 0;0
23 NONE 28374;-16381 0;0
24 NONE 0;32767 0;0
25 NONE -28376;-16383 0;0
26 NONE 28374;-16381 0;0
27 NONE 0;32767 0;0
28 NONE -28376;-16383 0;0
29 NONE 28374;-16381 0;0
30 NONE 0;32767 0;0
31 NONE -28376;-16383 0;0
32 NONE 28374;-16381 0;0
33 NONE 0;32767 0;0
34 NONE -28376;-16383 0;0
35 NONE 28374;-16381 0;0
36 NONE 0;32767 0;0
37 NONE -28376;-16383 0;0
38 NONE 28374;-16381 0;0
39 NONE 0;32767 0;0
40 NONE -28376;-16383 0;0
41 NONE 28374;-16381 0;0
42 NONE 0;32767 0;0
43 NONE -28376;-16383 0;0
44 NONE 28374;-16381 0;0
45 NONE 0;32766 0;0
46 KEY_B 0;32766 0;0
47 KEY_ZL 0;32766 0;0
48 KEY_ZL 0;32766 0;0
49 KEY_ZL 0;32766 0;0
50 KEY_ZL 0;32766 0;0
51 KEY_ZL 0;32766 0;0
52 KEY_ZL 0;32766 0;0
53 KEY_ZL 0;32766 0;0
54 KEY_X;KEY_ZL 0;32766 0;0
55 KEY_ZL 0;32766 0;0
56 KEY_ZL 0;32766 0;0
57 KEY_ZL 0;32766 0;0
58 KEY_ZL 0;32766 0;0
59 KEY_ZL 0;32766 0;0
60 KEY_ZL 0;32766 0;0
61 KEY_ZL 0;32766 0;0
62 KEY_ZL 0;32766 0;0
63 KEY_ZL 0;32766 0;0
64 KEY_ZL 0;32766 0;0
65 KEY_ZL 0;32766 0;0
66 KEY_ZL 0;32766 0;0
67 KEY_ZL 0;32766 0;0
68 KEY_ZL 0;32766 0;0
69 KEY_ZL 0;32766 0;0
70 KEY_ZL 0;32766 0;0
71 KEY_ZL 0;32766 0;0
72 KEY_ZL 0;32766 0;0
73 KEY_ZL 0;32766 0;0
74 KEY_ZL 0;32766 0;0
75 KEY_ZL 0;32766 0;0
76 KEY_ZL 0;32766 0;0
77 KEY_ZL 0;32766 0;0
78 KEY_ZL 0;32766 0;0
79 KEY_ZL 0;32766 0;0
80 KEY_ZL 0;32766 0;0
81 KEY_ZL 0;32766 0;0
82 KEY_ZL 0;32766 0;0
83 KEY_ZL 0;32766 0;0
84 KEY_ZL 0;32766 0;0
85 KEY_ZL 0;32766 0;0
86 KEY_ZL;KEY_L 0;32766 0;0
87 KEY_ZL 0;32766 0;0
88 KEY_ZL 0;32766 0;0
89 KEY_ZL 0;32766 0;0
90 KEY_ZL 0;32766 0;0
91 KEY_ZL 0;32766 0;0
92 KEY_ZL 0;32766 0;0
93 KEY_ZL 0;32766 0;0
94 KEY_ZL 0;32766 0;0
95 KEY_ZL 0;32766 0;0
96 KEY_ZL 0;32766 0;0
97 KEY_ZL 0;32766 0;0
98 KEY_ZL 0;32766 0;0
99 KEY_ZL 0;32766 0;0
100 KEY_ZL 0;32766 0;0
101 KEY_ZL 0;32766 0;0
102 KEY_ZL;KEY_L 0;32766 0;0
103 KEY_ZL 0;32766 0;0
104 KEY_ZL 0;32766 0;0
105 KEY_ZL 0;32766 0;0
106 KEY_ZL 0;32766 0;0
107 KEY_ZL 0;32766 0;0
108 KEY_ZL 0;32766 0;0
109 KEY_ZL 0;32766 0;0
110 KEY_ZL 0;32766 0;0
111 KEY_ZL 0;32766 0;0
112 KEY_ZL 0;32766 0;0
113 KEY_ZL 0;32766 0;0
114 KEY_ZL 0;32766 0;0
115 KEY_ZL 0;32766 0;0
116 KEY_ZL 0;32766 0;0
117 KEY_ZL 0;32766 0;0
118 KEY_ZL;KEY_L 0;32766 0;0
119 KEY_ZL 0;32766 0;0
120 KEY_ZL 0;32766 0;0
121 KEY_ZL 0;32766 0;0
122 KEY_ZL 0;32766 0;0
123 KEY_ZL 0;32766 0;0
124 KEY_ZL 0;32766 0;0
125 KEY_ZL 0;32766 0;0
126 KEY_ZL 0;32766 0;0
127 KEY_ZL 0;32766 0;0
128 KEY_ZL 0;32766 0;0
129 KEY_ZL 0;32766 0;0
130 KEY_ZL 0;32766 0;0
131 KEY_ZL 0;32766 0;0
132 KEY_ZL 0;32766 0;0
133 KEY_ZL 0;32766 0;0
134 KEY_ZL;KEY_L 0;32766 0;0
135 KEY_ZL 0;32766 0;0
136 KEY_ZL 0;32766 0;0
137 KEY_ZL 0;32766 0;0
138 KEY_ZL 0;32766 0;0
139 KEY_ZL 0;32766 0;0
140 KEY_ZL 0;32766 0;0
141 KEY_ZL 0;32766 0;0
142 KEY_ZL 0;32766 0;0
143 KEY_ZL 0;32766 0;0
144 KEY_ZL 0;32766 0;0
145 KEY_ZL 0;32766 0;0
146 KEY_ZL 0;32766 0;0
147 KEY_ZL 0;32766 0;0
148 KEY_ZL 0;32766 0;0
149 KEY_ZL 0;32766 0;0
150 KEY_ZL;KEY_L 0;32766 0;0
151 KEY_ZL 0;32766 0;0
152 KEY_ZL 0;32766 0;0
153 KEY_ZL 0;32766 0;0
154 KEY_ZL 0;32766 0;0
155 KEY_ZL 0;32766 0;0
156 KEY_ZL 0;32766 0;0
157 KEY_ZL 0;32766 0;0
158 KEY_ZL 0;32766 0;0
159 KEY_ZL 0;32766 0;0
160 KEY_ZL 0;32766 0;0
161 KEY_ZL 0;32766 0;0
162 KEY_ZL 0;32766 0;0
163 KEY_ZL 0;32766 0;0
164 KEY_ZL 0;32766 0;0
165 KEY_ZL 0;32766 0;0
166 KEY_ZL;KEY_L 0;32766 0;0
167 KEY_ZL 0;32766 0;0
168 KEY_ZL 0;32766 0;0
169 KEY_ZL 0;32766 0;0
170 KEY_ZL 0;32766 0;0
171 KEY_ZL 0;32766 0;0
172 KEY_ZL 0;32766 0;0
173 KEY_ZL 0;32766 0;0
174 KEY_ZL 0;32766 0;0
175 KEY_ZL 0;32766 0;0
176 KEY_ZL 0;32766 0;0
177 KEY_ZL 0;32766 0;0
178 KEY_ZL 0;32766 0;0
179 KEY_ZL 0;32766 0;0
180 KEY_ZL 0;32766 0;0
181 KEY_ZL 0;32766 0;0
182 KEY_ZL;KEY_L 0;32766 0;0
183 KEY_ZL 0;32766 0;0
184 KEY_ZL 0;32766 0;0
185 KEY_ZL 0;32766 0;0
186 KEY_ZL 0;32766 0;0
187 KEY_ZL 0;32766 0;0
188 KEY_ZL 0;32766 0;0
189 KEY_ZL 0;32766 0;0
190 KEY_ZL 0;32766 0;0
191 KEY_ZL 0;32766 0;0
192 KEY_ZL 0;32766 0;0
193 KEY_ZL 0;32766 0;0
194 KEY_ZL 0;32766 0;0
195 KEY_ZL 0;32766 0;0
196 KEY_ZL 0;32766 0;0
197 KEY_ZL 0;32766 0;0
198 KEY_ZL;KEY_L 0;32766 0;0
199 KEY_ZL 0;32766 0;0
200 KEY_ZL 0;32766 0;0
201 KEY_ZL 0;32766 0;0
202 KEY_ZL 0;32766 0;0
203 KEY_ZL 0;32766 0;0
204 KEY_ZL 0;32766 0;0
205 KEY_ZL 0;32766 0;0
206 KEY_ZL 0;32766 0;0
207 KEY_ZL 0;32766 0;0
208 KEY_ZL 0;32766 0;0
209 KEY_ZL 0;32766 0;0
210 KEY_ZL 0;32766 0;0
211 KEY_ZL 0;32766 0;0
212 KEY_ZL 0;32766 0;0
213 KEY_ZL 0;32766 0;0
214 KEY_ZL;KEY_L 0;32766 0;0
215 NONE 0;32766 0;0
216 NONE 0;32766 0;0
217 NONE 0;32766 0;0
218 NONE 0;32766 0;0
219 NONE 0;32766 0;0
220 NONE 0;32766 0;0
221 NONE 0;32766 0;0
222 NONE 0;32766 0;0
223 NONE 0;32766 0;0
224 NONE 0;32766 0;0
225 NONE 0;32766 0;0
226 NONE 0;32766 0;0
227 NONE 0;32766 0;0
228 NONE 0;32766 0;0
229 NONE 0;32766 0;0
230 NONE 0;32766 0;0
231 NONE 0;32766 0;0
232 NONE 0;32766 0;0
233 KEY_A;KEY_DLEFT 0;32766 0;0
234 KEY_DLEFT 0;32767 0;0
235 KEY_DLEFT 0;32766 0;0
236 KEY_DLEFT 0;32766 0;0
237 KEY_DLEFT 0;32766 0;0
238 KEY_DLEFT 0;32766 0;0
239 KEY_DLEFT 0;32766 0;0
240 KEY_DLEFT 0;32766 0;0
241 KEY_DLEFT 0;32766 0;0
242 NONE 0;32766 0;0
243 NONE 0;32766 0;0
244 NONE 0;32766 0;0
245 NONE 0;32766 0;0
246 NONE 0;32766 0;0
247 NONE 0;32766 0;0
248 NONE 0;32766 0;0
249 NONE 0;32766 0;0
250 NONE 0;32766 0;0
251 NONE 0;32766 0;0
252 NONE 0;32766 0;0
253 NONE 0;32766 0;0
254 NONE 0;32766 0;0
255 NONE 0;32766 0;0
256 NONE 0;32766 0;0
257 NONE 0;32766 0;0
258 NONE 0;32766 0;0
259 NONE 0;32766 0;0
260 NONE 0;32766 0;0
261 NONE 0;32766 0;0
262 NONE 0;32766 0;0
263 NONE 0;32766 0;0
264 NONE 0;32766 0;0
265 NONE 0;32766 0;0
266 NONE 0;32766 0;0
267 KEY_DRIGHT 0;32766 0;0
268 KEY_DRIGHT 8475;31631 0;0
269 KEY_DRIGHT 0;32766 0;0
270 KEY_DRIGHT 0;32766 0;0
271 KEY_B;KEY_DRIGHT 0;32766 0;0
272 KEY_DRIGHT 0;32766 0;0
273 KEY_DRIGHT 0;32766 0;0
274 KEY_DRIGHT 0;32766 0;0
275 KEY_DRIGHT 0;32766 0;0
276 NONE 0;32766 0;0
277 NONE 0;32766 0;0
278 NONE 0;32766 0;0
279 NONE 0;32766 0;0
280 NONE 0;32766 0;0
281 NONE 0;32766 0;0
282 NONE 0;32766 0;0
283 NONE 0;32766 0;0
284 NONE 0;32766 0;0
285 NONE 0;32766 0;0
286 NONE 0;32766 0;0
287 NONE 0;32766 0;0
288 NONE 0;32766 0;0
289 NONE 0;32766 0;0
290 NONE 0;32766 0;0
291 NONE 0;32766 0;0
292 KEY_L 0;32766 0;0
293 NONE 0;32766 0;0
294 NONE 0;32766 0;0
295 NONE 0;32766 0;0
296 NONE 0;32766 0;0
297 NONE -28376;-16383 0;0
298 NONE 28373;-16381 0;0
299 KEY_PLUS 0;32766 0;0
300 NONE -28376;-16383 0;0
301 NONE 28373;-16381 0;0
302 NONE 0;32766 0;0
303 NONE -28376;-16383 0;0
304 NONE 28373;-16381 0;0
305 NONE 0;32766 0;0
306 NONE -28376;-16383 0;0
307 NONE 28373;-16381 0;0
308 KEY_PLUS 0;32766 0;0
309 NONE 0;32766 0;0
310 NONE 0;32766 0;0
311 NONE 0;32766 0;0
312 NONE 0;32766 0;0
313 NONE 0;32766 0;0
314 NONE 0;32766 0;0
315 NONE 0;32766 0;0
316 NONE 0;32766 0;0
317 NONE 0;32766 0;0
318 NONE 0;32766 0;0
319 NONE 0;32766 0;0
320 NONE 0;32766 0;0
321 NONE 0;32766 0;0
322 NONE 0;32766 0;0
323 NONE 0;32766 0;0
324 NONE 0;32766 0;0
325 NONE 0;32766 0;0
326 NONE 0;32766 0;0
327 NONE 0;32766 0;0
328 NONE 0;32766 0;0
329 NONE 0;32766 0;0
330 NONE 0;32766 0;0
331 KEY_A 0;32766 0;0
332 NONE 0;32766 0;0
333 NONE -28376;-16383 0;0
334 NONE 28373;-16381 0;0
335 NONE 0;32766 0;0
336 NONE -28376;-16383 0;0
337 NONE 28373;-16381 0;0
338 NONE 0;32766 0;0
339 NONE -28376;-16383 0;0
340 NONE 28373;-16381 0;0
341 NONE 0;32766 0;0
342 NONE -28376;-16383 0;0
343 NONE 28373;-16381 0;0
344 NONE 0;32766 0;0
345 NONE -28376;-16383 0;0
346 NONE 28373;-16381 0;0
347 NONE 0;32766 0;0
348 NONE -28376;-16383 0;0
349 NONE 28373;-16381 0;0
350 NONE 0;32766 0;0
351 NONE -28376;-16383 0;0
352 NONE 28373;-16381 0;0
353 NONE 0;32766 0;0
354 NONE -28376;-16383 0;0
355 NONE 28373;-16381 0;0
356 NONE 0;32766 0;0
357 NONE -28376;-16383 0;0
358 NONE 28373;-16381 0;0
359 NONE 0;32766 0;0
360 NONE -28376;-16383 0;0
361 NONE 28373;-16381 0;0
362 NONE 0;32766 0;0
363 NONE -28376;-16383 0;0
364 NONE 28373;-16381 0;0
365 NONE 0;32766 0;0
366 NONE -28376;-16383 0;0
367 NONE 28373;-16381 0;0
368 NONE 0;32766 0;0
369 NONE -28376;-16383 0;0
370 NONE 28373;-16381 0;0
371 NONE 0;32766 0;0
372 NONE -28376;-16383 0;0
373 NONE 28373;-16381 0;0
374 NONE 0;32766 0;0
375 NONE -28376;-16383 0;0
376 NONE 28373;-16381 0;0
377 NONE 0;32766 0;0
378 NONE -28376;-16383 0;0
379 NONE 28373;-16381 0;0
380 NONE 0;32766 0;0
381 NONE -28376;-16383 0;0
382 KEY_B 28376;-16383 0;0
383 KEY_ZL 0;32766 0;0
384 KEY_ZL 0;32766 0;0
385 KEY_ZL 0;32766 0;0
386 KEY_ZL 0;32766 0;0
387 KEY_ZL 0;32766 0;0
388 KEY_ZL 0;32766 0;0
389 KEY_ZL 0;32766 0;0
390 KEY_X;KEY_ZL 0;32766 0;0
391 KEY_ZL 0;32766 0;0
392 KEY_ZL 0;32766 0;0
393 KEY_ZL 0;32766 0;0
394 KEY_ZL 0;32766 0;0
395 KEY_ZL 0;32766 0;0
396 KEY_ZL 0;32766 0;0
397 KEY_ZL 0;32766 0;0
398 KEY_ZL 0;32766 0;0
399 KEY_ZL 0;32766 0;0
400 KEY_ZL 0;32766 0;0
401 KEY_ZL 0;32766 0;0
402 KEY_ZL 0;32766 0;0
403 KEY_ZL 0;32766 0;0
404 KEY_ZL 0;32766 0;0
405 KEY_ZL 0;32766 0;0
406 KEY_ZL 0;32766 0;0
407 KEY_ZL 0;32766 0;0
408 KEY_ZL 0;32766 0;0
409 KEY_ZL 0;32766 0;0
410 KEY_ZL 0;32766 0;0
411 KEY_ZL 0;32766 0;0
412 KEY_ZL 0;32766 0;0
413 KEY_ZL 0;32766 0;0
414 KEY_ZL 0;32766 0;0
415 KEY_ZL 0;32766 0;0
416 KEY_ZL 0;32766 0;0
417 KEY_ZL 0;32766 0;0
418 KEY_ZL 0;32766 0;0
419 KEY_ZL 0;32766 0;0
420 KEY_ZL 0;32766 0;0
421 KEY_ZL 0;32766 0;0
422 KEY_ZL;KEY_L 0;32766 0;0
423 KEY_ZL 0;32766 0;0
424 KEY_ZL 0;32766 0;0
425 KEY_ZL 0;32766 0;0
426 KEY_ZL 0;32766 0;0
427 KEY_ZL 0;32766 0;0
428 KEY_ZL 0;32766 0;0
429 KEY_ZL 0;32766 0;0
430 KEY_ZL 0;32766 0;0
431 KEY_ZL 0;32766 0;0
432 KEY_ZL 0;32766 0;0
433 KEY_ZL 0;32766 0;0
434 KEY_ZL 0;32766 0;0
435 KEY_ZL 0;32766 0;0
436 KEY_ZL 0;32766 0;0
437 KEY_ZL 0;32766 0;0
438 KEY_ZL;KEY_L 0;32766 0;0
439 KEY_ZL 0;32766 0;0
440 KEY_ZL 0;32766 0;0
441 KEY_ZL 0;32766 0;0
442 KEY_ZL 0;32766 0;0
443 KEY_ZL 0;32766 0;0
444 KEY_ZL 0;32766 0;0
445 KEY_ZL 0;32766 0;0
446 KEY_ZL 0;32766 0;0
447 KEY_ZL 0;32766 0;0
448 KEY_ZL 0;32766 0;0
449 KEY_ZL 0;32766 0;0
450 KEY_ZL 0;32766 0;0
451 KEY_ZL 0;32766 0;0
452 KEY_ZL 0;32766 0;0
453 KEY_ZL 0;32766 0;0
454 KEY_ZL;KEY_L 0;32766 0;0
455 KEY_ZL 0;32766 0;0
456 KEY_ZL 0;32766 0;0
457 KEY_ZL 0;32766 0;0
458 KEY_ZL 0;32766 0;0
459 KEY_ZL 0;32766 0;0
460 KEY_ZL 0;32766 0;0
461 KEY_ZL 0;32766 0;0
462 KEY_ZL 0;32766 0;0
463 KEY_ZL 0;32766 0;0
464 KEY_ZL 0;32766 0;0
465 KEY_ZL 0;32766 0;0
466 KEY_ZL 0;32766 0;0
467 KEY_ZL 0;32766 0;0
468 KEY_ZL 0;32766 0;0
469 KEY_ZL 0;32766 0;0
470 KEY_ZL;KEY_L 0;32766 0;0
471 KEY_ZL 0;32766 0;0
472 KEY_ZL 0;32766 0;0
473 KEY_ZL 0;32766 0;0
474 KEY_ZL 0;32766 0;0
475 KEY_ZL 0;32766 0;0
476 KEY_ZL 0;32766 0;0
477 KEY_ZL 0;32766 0;0
478 KEY_ZL 0;32766 0;0
479 KEY_ZL 0;32766 0;0
480 KEY_ZL 0;32766 0;0
481 KEY_ZL 0;32766 0;0
482 KEY_ZL 0;32766 0;0
483 KEY_ZL 0;32766 0;0
484 KEY_ZL 0;32766 0;0
485 KEY_ZL 0;32766 0;0
486 KEY_ZL;KEY_L 0;32766 0;0
487 KEY_ZL 0;32766 0;0
488 KEY_ZL 0;32766 0;0
489 KEY_ZL 0;32766 0;0
490 KEY_ZL 0;32766 0;0
491 KEY_ZL 0;32766 0;0
492 KEY_ZL 0;32766 0;0
493 KEY_ZL 0;32766 0;0
494 KEY_ZL 0;32766 0;0
495 KEY_ZL 0;32766 0;0
496 KEY_ZL 0;32766 0;0
497 KEY_ZL 0;32766 0;0
498 KEY_ZL 0;32766 0;0
499 KEY_ZL 0;32766 0;0
500 KEY_ZL 0;32766 0;0
501 KEY_ZL 0;32766 0;0
502 KEY_ZL;KEY_L 0;32766 0;0
503 KEY_ZL 0;32766 0;0
504 KEY_ZL 0;32766 0;0
505 KEY_ZL 0;32766 0;0
506 KEY_ZL 0;32766 0;0
507 KEY_ZL 0;32766 0;0
508 KEY_ZL 0;32766 0;0
509 KEY_ZL 0;32766 0;0
510 KEY_ZL 0;32766 0;0
511 KEY_ZL 0;32766 0;0
512 KEY_ZL 0;32766 0;0
513 KEY_ZL 0;32766 0;0
514 KEY_ZL 0;32766 0;0
515 KEY_ZL 0;32766 0;0
516 KEY_ZL 0;32766 0;0
517 KEY_ZL 0;32766 0;0
518 KEY_ZL;KEY_L 0;32766 0;0
519 NONE 0;32766 0;0
520 NONE 0;32766 0;0
521 KEY_PLUS 0;32766 0;0
522 NONE 0;32766 0;0
523 NONE 0;32766 0;0
524 NONE 0;32766 0;0
525 NONE 0;32766 0;0
526 NONE 0;32766 0;0
527 NONE 0;32766 0;0
528 NONE 0;32766 0;0
529 NONE 0;32766 0;0
530 KEY_PLUS 0;32766 0;0
531 NONE 0;32766 0;0
532 NONE 0;32766 0;0
533 NONE 0;32766 0;0
534 NONE 0;32766 0;0
535 NONE 0;32766 0;0
536 NONE 0;32766 0;0
537 NONE 0;32766 0;0
538 NONE 0;32766 0;0
539 NONE 0;32766 0;0
540 NONE 0;32766 0;0
541 NONE 0;32766 0;0
542 NONE 0;32766 0;0
543 NONE 0;32766 0;0
544 NONE 0;32766 0;0
545 NONE 0;32766 0;0
546 NONE 0;32766 0;0
547 NONE 0;32766 0;0
548 NONE 0;32766 0;0
549 NONE 0;32766 0;0
550 NONE 0;32766 0;0
551 NONE 0;32766 0;0
552 NONE 0;32766 0;0
553 KEY_A 0;32766 0;0
554 NONE 0;32766 0;0
555 NONE 0;32766 0;0
556 NONE 0;32766 0;0
557 NONE 0;32766 0;0
