0 NONE 11206;30789 0;0
1 NONE 11206;30789 0;0
2 NONE 11206;30789 0;0
3 NONE 11206;30789 0;0
4 NONE 11206;30789 0;0
5 NONE 11206;30789 0;0
6 NONE 11206;30789 0;0
7 NONE 11206;30789 0;0
8 NONE 11206;30789 0;0
9 NONE 11206;30789 0;0
10 NONE 11206;30789 0;0
11 NONE 11206;30789 0;0
12 NONE 11206;30789 0;0
13 NONE 11206;30789 0;0
14 NONE 11206;30789 0;0
15 NONE 11206;30789 0;0
16 NONE 11206;30789 0;0
17 NONE 11206;30789 0;0
18 NONE 11206;30789 0;0
19 NONE 11206;30789 0;0
20 NONE 11206;30789 0;0
21 NONE 11206;30789 0;0
22 NONE 11206;30789 0;0
23 NONE 11206;30789 0;0
24 NONE 11206;30789 0;0
25 NONE 11206;30789 0;0
26 NONE 11206;30789 0;0
27 NONE 11206;30789 0;0
28 NONE 11206;30789 0;0
29 NONE 11206;30789 0;0
30 NONE 11206;30789 0;0
31 NONE 11206;30789 0;0
32 NONE 11206;30789 0;0
33 NONE 11206;30789 0;0
34 NONE 11206;30789 0;0
35 NONE 11206;30789 0;0
36 NONE 11206;30789 0;0
37 NONE 11206;30789 0;0
38 NONE 11206;30789 0;0
39 NONE 11206;30789 0;0
40 NONE 11206;30789 0;0
41 NONE 11206;30789 0;0
42 NONE 11206;30789 0;0
43 NONE 11206;30789 0;0
44 NONE 11206;30789 0;0
45 NONE 11206;30789 0;0
46 NONE 11206;30789 0;0
47 NONE 11206;30789 0;0
48 NONE 11206;30789 0;0
49 NONE 11206;30789 0;0
50 KEY_A 11206;30789 0;0
51 KEY_L 11206;30789 0;0
52 NONE 11206;30789 0;0
53 NONE 2855;32639 0;0
54 NONE 2855;32639 0;0
55 NONE 2855;32639 0;0
56 NONE 2855;32639 0;0
57 NONE 2855;32639 0;0
58 NONE 2855;32639 0;0
59 KEY_ZL 2855;32639 0;0
60 KEY_Y;KEY_ZL 2855;32639 0;0
61 KEY_Y;KEY_ZL -883;-10119 0;0
62 KEY_Y;KEY_ZL -883;-10119 0;0
63 KEY_Y;KEY_ZL -883;-10119 0;0
64 KEY_Y;KEY_ZL -883;-10119 0;0
65 KEY_Y;KEY_ZL -883;-10119 0;0
66 KEY_Y;KEY_ZL -883;-10119 0;0
67 KEY_Y;KEY_ZL -883;-10119 0;0
68 KEY_Y;KEY_ZL -883;-10119 0;0
69 KEY_Y;KEY_ZL -883;-10119 0;0
70 KEY_Y;KEY_ZL -883;-10119 0;0
71 KEY_Y;KEY_ZL -883;-10119 0;0
72 KEY_Y;KEY_ZL -883;-10119 0;0
73 KEY_Y;KEY_ZL -883;-10119 0;0
74 KEY_Y;KEY_ZL -883;-10119 0;0
75 KEY_Y;KEY_ZL -883;-10119 0;0
76 KEY_Y;KEY_ZL -883;-10119 0;0
77 KEY_Y;KEY_ZL -883;-10119 0;0
78 KEY_Y;KEY_ZL -883;-10119 0;0
79 KEY_Y;KEY_ZL -883;-10119 0;0
80 KEY_Y;KEY_ZL -883;-10119 0;0
81 KEY_Y;KEY_ZL -883;-10119 0;0
82 KEY_Y;KEY_ZL -883;-10119 0;0
83 KEY_Y;KEY_ZL -883;-10119 0;0
84 KEY_Y;KEY_ZL -883;-10119 0;0
85 KEY_Y;KEY_ZL -883;-10119 0;0
86 KEY_Y;KEY_ZL -883;-10119 0;0
87 KEY_Y;KEY_ZL -883;-10119 0;0
88 KEY_Y;KEY_ZL -883;-10119 0;0
89 KEY_Y;KEY_ZL -883;-10119 0;0
90 KEY_Y;KEY_ZL -883;-10119 0;0
91 KEY_Y;KEY_ZL -883;-10119 0;0
92 KEY_Y;KEY_ZL -883;-10119 0;0
93 KEY_X;KEY_Y;KEY_ZL -883;-10119 0;0
94 KEY_Y;KEY_ZL -883;-10119 0;0
95 KEY_Y;KEY_ZL 21061;25099 0;0
96 NONE 21061;25099 0;0
97 NONE 21061;25099 0;0
98 NONE 21061;25099 0;0
99 NONE 21061;25099 0;0
100 NONE 21061;25099 0;0
101 NONE 21061;25099 0;0
102 NONE 21061;25099 0;0
103 NONE 21061;25099 0;0
104 NONE 21061;25099 0;0
105 NONE 21061;25099 0;0
106 NONE 21061;25099 0;0
107 NONE 21061;25099 0;0
108 NONE 21061;25099 0;0
109 NONE 21061;25099 0;0
110 NONE 21061;25099 0;0
111 NONE 21061;25099 0;0
112 NONE 21061;25099 0;0
113 NONE 21061;25099 0;0
114 NONE 21061;25099 0;0
115 NONE 21061;25099 0;0
116 NONE 21061;25099 0;0
117 NONE 21061;25099 0;0
118 NONE 21061;25099 0;0
119 NONE 21061;25099 0;0
120 NONE 21062;25100 0;0
121 KEY_L 21062;25100 0;0
122 NONE 13847;29697 0;0
123 NONE 13847;29697 0;0
124 NONE 13847;29697 0;0
125 NONE 13847;29697 0;0
126 NONE 13847;29697 0;0
127 NONE 13847;29697 0;0
128 NONE 13847;29697 0;0
129 NONE 13847;29697 0;0
130 NONE 13847;29697 0;0
131 KEY_ZR 13847;29697 0;0
132 KEY_Y 13847;29697 0;0
133 KEY_Y 13847;29697 0;0
134 KEY_Y 13847;29697 0;0
135 KEY_Y 13847;29697 0;0
136 KEY_Y 13847;29697 0;0
137 KEY_Y 13847;29697 0;0
138 KEY_Y 13847;29697 0;0
139 KEY_Y 13847;29697 0;0
140 KEY_Y 13847;29697 0;0
141 KEY_Y 13847;29697 0;0
142 KEY_Y 13847;29697 0;0
143 KEY_Y 13847;29697 0;0
144 KEY_Y 13847;29697 0;0
145 KEY_Y 13847;29697 0;0
146 KEY_Y 13847;29697 0;0
147 KEY_Y 13847;29697 0;0
148 KEY_Y 13847;29697 0;0
149 KEY_Y 13847;29697 0;0
150 KEY_Y 13847;29697 0;0
151 KEY_Y 13847;29697 0;0
152 KEY_Y 13847;29697 0;0
153 KEY_Y 13847;29697 0;0
154 KEY_Y 13847;29697 0;0
155 KEY_Y 13847;29697 0;0
156 KEY_Y 13847;29697 0;0
157 KEY_Y 13847;29697 0;0
158 KEY_Y 13847;29697 0;0
159 KEY_Y 13847;29697 0;0
160 KEY_Y 13847;29697 0;0
161 KEY_Y 13847;29697 0;0
162 KEY_Y 5689;32268 0;0
163 NONE 5689;32268 0;0
164 NONE 5689;32268 0;0
165 NONE 5689;32268 0;0
166 NONE 5689;32268 0;0
167 NONE 5689;32268 0;0
168 NONE 5689;32268 0;0
169 NONE 5689;32268 0;0
170 NONE 5689;32269 0;0
171 KEY_ZR 5689;32269 0;0
172 KEY_Y 0;0 0;0
173 NONE 0;0 0;0
174 NONE 0;0 0;0
175 NONE 0;0 0;0
176 NONE 0;0 0;0
177 NONE 0;0 0;0
178 NONE 0;0 0;0
179 NONE 0;0 0;0
180 NONE 0;0 0;0
181 NONE 0;0 0;0
182 NONE 0;0 0;0
183 NONE 0;0 0;0
184 NONE 0;0 0;0
185 NONE 0;0 0;0
186 NONE 0;0 0;0
187 KEY_ZR 0;0 0;0
188 KEY_A -2855;32640 0;0
189 NONE -2855;32640 0;0
190 NONE -2855;32640 0;0
191 NONE -2855;32640 0;0
192 NONE -2855;32640 0;0
193 NONE -2855;32640 0;0
194 NONE -2855;32640 0;0
195 NONE -2855;32640 0;0
196 NONE -2855;32640 0;0
197 NONE -2855;32640 0;0
198 NONE -2855;32640 0;0
199 NONE -2855;32640 0;0
200 NONE -2855;32640 0;0
201 NONE -2855;32640 0;0
202 NONE -2855;32640 0;0
203 NONE -2855;32640 0;0
204 NONE -2855;32640 0;0
205 NONE -2855;32640 0;0
206 NONE -2855;32640 0;0
207 NONE -2855;32640 0;0
208 NONE -2855;32640 0;0
209 NONE -2855;32640 0;0
210 NONE -2855;32640 0;0
211 NONE -2855;32640 0;0
212 NONE -2855;32640 0;0
213 KEY_L;KEY_DUP -2855;32640 0;0
214 NONE -29926;-13323 0;0
215 NONE -32268;-5689 0;0
216 NONE -32268;-5689 0;0
217 NONE -32268;-5689 0;0
218 NONE -32268;-5689 0;0
219 NONE -32268;-5689 0;0
220 NONE -32268;-5689 0;0
221 KEY_ZR -32268;-5689 0;0
222 KEY_Y 0;32765 0;0
223 KEY_Y -28374;-16382 0;0
224 KEY_Y 28374;-16382 0;0
225 KEY_Y 0;32765 0;0
226 KEY_Y -28374;-16382 0;0
227 KEY_Y 28374;-16382 0;0
228 KEY_Y 0;32765 0;0
229 KEY_Y -28374;-16382 0;0
230 KEY_Y 28374;-16382 0;0
231 KEY_Y 0;32765 0;0
232 KEY_Y -28374;-16382 0;0
233 KEY_Y 28374;-16382 0;0
234 KEY_Y 0;32762 0;0
235 KEY_Y 30787;11205 0;0
236 KEY_Y 30787;11205 0;0
237 KEY_Y 30787;11205 0;0
238 KEY_Y 30787;11205 0;0
239 KEY_Y 30787;11205 0;0
240 KEY_Y 30787;11205 0;0
241 KEY_Y 30787;11205 0;0
242 KEY_A;KEY_Y 30785;11204 0;0
243 KEY_Y;KEY_ZR 24725;-21493 0;0
244 KEY_Y;KEY_ZR 24725;-21493 0;0
245 KEY_Y;KEY_ZR 24725;-21493 0;0
246 KEY_Y;KEY_ZR 24725;-21493 0;0
247 KEY_Y;KEY_ZR 24725;-21493 0;0
248 KEY_Y;KEY_ZR 24725;-21493 0;0
249 KEY_Y;KEY_ZR 24725;-21493 0;0
250 KEY_X;KEY_Y;KEY_ZR 24725;-21493 0;0
251 KEY_Y 24725;-21493 0;0
252 KEY_Y 24725;-21493 0;0
253 KEY_Y 24725;-21493 0;0
254 KEY_Y 0;-32760 0;0
255 KEY_Y 0;-32760 0;0
256 KEY_Y 0;-32760 0;0
257 KEY_Y 0;-32760 0;0
258 KEY_Y 0;-32760 0;0
259 KEY_Y 0;-32760 0;0
260 KEY_Y 0;-32760 0;0
261 KEY_Y 0;-32760 0;0
262 KEY_Y 0;-32760 0;0
263 KEY_Y 0;-32760 0;0
264 KEY_Y 0;-32760 0;0
265 KEY_Y 0;-32760 0;0
266 KEY_Y 0;-32760 0;0
267 KEY_Y 0;-32760 0;0
268 KEY_Y 0;-32760 0;0
269 KEY_Y 0;-32760 0;0
270 KEY_Y 0;-32760 0;0
271 KEY_Y 0;-32760 0;0
272 KEY_Y 0;-32760 0;0
273 KEY_Y 0;-32760 0;0
274 KEY_Y 0;-32760 0;0
275 KEY_Y 0;-32760 0;0
276 KEY_Y 0;-32760 0;0
277 KEY_Y 0;-32760 0;0
278 KEY_Y 0;-32760 0;0
279 KEY_Y 0;-32760 0;0
280 KEY_Y 0;-32760 0;0
281 KEY_X;KEY_Y 0;-32767 0;0
282 KEY_Y 16383;-28377 0;0
283 KEY_Y 16383;-28377 0;0
284 KEY_Y 16383;-28377 0;0
285 KEY_Y 16383;-28377 0;0
286 KEY_Y 16383;-28377 0;0
287 KEY_Y 16383;-28377 0;0
288 KEY_Y 16383;-28377 0;0
289 KEY_Y;KEY_ZR 16383;-28377 0;0
290 KEY_X;KEY_Y 16383;-28377 0;0
291 KEY_Y 16383;-28377 0;0
292 KEY_Y 16383;-28377 0;0
293 KEY_Y 16383;-28377 0;0
294 KEY_Y 16383;-28377 0;0
295 KEY_Y 16383;-28377 0;0
296 KEY_Y 16383;-28377 0;0
297 KEY_Y 16383;-28377 0;0
298 KEY_Y 16383;-28377 0;0
299 KEY_Y 16383;-28377 0;0
300 KEY_Y 16383;-28377 0;0
301 KEY_Y 16383;-28377 0;0
302 KEY_Y 16383;-28377 0;0
303 KEY_Y 16383;-28377 0;0
304 KEY_Y 16383;-28377 0;0
305 KEY_Y 16383;-28377 0;0
306 KEY_Y 16383;-28377 0;0
307 KEY_Y 16383;-28377 0;0
308 KEY_Y 16383;-28377 0;0
309 KEY_Y 16383;-28377 0;0
310 KEY_Y 16383;-28377 0;0
311 KEY_Y 16383;-28377 0;0
312 KEY_Y 16383;-28377 0;0
313 KEY_Y 16383;-28377 0;0
314 KEY_Y 16383;-28377 0;0
315 KEY_Y 16383;-28377 0;0
316 KEY_Y 16383;-28377 0;0
317 KEY_Y 16383;-28377 0;0
318 KEY_Y 16383;-28377 0;0
319 KEY_Y 16383;-28377 0;0
320 KEY_Y 16383;-28377 0;0
321 KEY_Y 16383;-28377 0;0
322 KEY_Y 16383;-28377 0;0
323 KEY_Y 16383;-28377 0;0
324 KEY_Y 16383;-28377 0;0
325 KEY_Y 16383;-28377 0;0
326 KEY_Y 16383;-28377 0;0
327 KEY_Y 16383;-28377 0;0
328 KEY_Y 16383;-28377 0;0
329 KEY_Y 16383;-28377 0;0
330 KEY_Y 16383;-28377 0;0
331 KEY_Y 16383;-28377 0;0
332 KEY_Y 16383;-28377 0;0
333 KEY_Y 16383;-28377 0;0
334 KEY_Y 16383;-28377 0;0
335 KEY_Y 16383;-28377 0;0
336 KEY_Y 16383;-28377 0;0
337 KEY_Y 16383;-28377 0;0
338 KEY_Y 16383;-28377 0;0
339 KEY_X;KEY_Y 16383;-28377 0;0
340 NONE 23168;-23168 0;0
341 NONE 23168;-23168 0;0
342 KEY_ZR 23168;-23168 0;0
343 KEY_Y 23168;-23168 0;0
344 NONE 23168;-23168 0;0
345 NONE 23168;-23168 0;0
346 KEY_L 23168;-23168 0;0
347 NONE 23168;-23168 0;0
348 NONE 23168;-23168 0;0
349 NONE 23168;-23168 0;0
350 NONE 23168;-23168 0;0
351 NONE 23168;-23168 0;0
352 NONE 23168;-23168 0;0
353 NONE 23168;-23168 0;0
354 NONE 23168;-23168 0;0
355 NONE 23168;-23168 0;0
356 NONE 23168;-23168 0;0
357 NONE 32764;0 0;0
358 NONE -16381;28374 0;0
359 NONE -16382;-28374 0;0
360 NONE 32764;0 0;0
361 NONE -16381;28374 0;0
362 NONE -16382;-28374 0;0
363 NONE 32764;0 0;0
364 NONE -16381;28374 0;0
365 NONE -16382;-28374 0;0
366 NONE 32764;0 0;0
367 NONE -16381;28374 0;0
368 NONE -16382;-28374 0;0
369 NONE 32764;0 0;0
370 NONE -16381;28374 0;0
371 NONE -16382;-28374 0;0
372 NONE -23167;23168 0;0
373 NONE -23167;23168 0;0
374 NONE -23167;23168 0;0
375 NONE -23167;23168 0;0
376 NONE -23167;23168 0;0
377 KEY_L -23167;23168 0;0
378 KEY_Y -23167;23168 0;0
379 KEY_Y -23167;23168 0;0
380 KEY_Y -23167;23168 0;0
381 KEY_Y -23167;23168 0;0
382 KEY_Y -23167;23168 0;0
383 KEY_Y -23167;23168 0;0
384 KEY_Y -23167;23168 0;0
385 KEY_A;KEY_Y -23167;23168 0;0
386 KEY_Y 0;9829 0;0
387 KEY_Y 0;9829 0;0
388 KEY_Y 0;9829 0;0
389 KEY_Y 0;9829 0;0
390 KEY_Y 0;9829 0;0
391 KEY_Y 0;9829 0;0
392 KEY_Y 0;9829 0;0
393 KEY_Y 0;9829 0;0
394 KEY_Y 0;9829 0;0
395 KEY_Y 0;9829 0;0
396 KEY_Y 0;9829 0;0
397 KEY_Y 0;9829 0;0
398 KEY_Y 0;9829 0;0
399 KEY_Y 0;9829 0;0
400 KEY_Y 0;9829 0;0
401 KEY_Y 0;9829 0;0
402 KEY_Y 0;9829 0;0
403 KEY_Y 0;9829 0;0
404 KEY_Y 0;9829 0;0
405 KEY_Y 0;9829 0;0
406 KEY_A;KEY_Y 0;9829 0;0
407 KEY_A;KEY_Y 0;9829 0;0
408 KEY_A;KEY_Y 0;9829 0;0
409 KEY_A;KEY_Y 0;9829 0;0
410 KEY_A;KEY_Y 0;9829 0;0
411 KEY_A;KEY_Y 0;9829 0;0
412 KEY_A;KEY_Y 0;9829 0;0
413 KEY_A;KEY_Y 0;9829 0;0
414 KEY_A;KEY_Y 0;9829 0;0
415 KEY_A;KEY_Y 0;9829 0;0
416 KEY_Y;KEY_ZR 0;9829 0;0
417 KEY_Y;KEY_ZR 0;9829 0;0
418 KEY_Y;KEY_ZR 0;9829 0;0
419 KEY_Y;KEY_ZR 0;9829 0;0
420 KEY_Y;KEY_ZR 0;9829 0;0
421 KEY_Y 0;0 0;0
422 KEY_Y 0;0 0;0
423 KEY_Y 0;0 0;0
424 KEY_Y 0;0 0;0
425 KEY_Y 0;0 0;0
426 KEY_Y 0;0 0;0
427 KEY_Y 0;0 0;0
428 KEY_Y 0;0 0;0
429 KEY_Y 0;0 0;0
430 KEY_Y 0;0 0;0
431 KEY_Y 0;0 0;0
432 KEY_Y 0;0 0;0
433 KEY_Y 0;0 0;0
434 KEY_Y 0;0 0;0
435 KEY_Y 0;0 0;0
436 KEY_Y 0;0 0;0
437 KEY_Y 0;0 0;0
438 KEY_Y 0;0 0;0
439 KEY_Y 0;0 0;0
440 KEY_Y 0;0 0;0
441 KEY_Y 0;0 0;0
442 KEY_Y 0;0 0;0
443 KEY_Y 0;0 0;0
444 KEY_Y 0;0 0;0
445 KEY_Y 0;0 0;0
446 KEY_Y 0;0 0;0
447 KEY_Y 0;0 0;0
448 KEY_Y 0;0 0;0
449 KEY_Y 0;0 0;0
450 KEY_Y 0;0 0;0
451 KEY_Y 0;0 0;0
452 KEY_Y 0;0 0;0
453 KEY_Y 0;0 0;0
454 KEY_Y 0;0 0;0
455 KEY_Y 0;0 0;0
456 KEY_Y 0;0 0;0
457 KEY_Y 0;0 0;0
458 KEY_Y 0;0 0;0
459 KEY_Y 0;0 0;0
460 KEY_Y 0;0 0;0
461 KEY_Y 0;0 0;0
462 KEY_Y 0;0 0;0
463 KEY_Y 0;0 0;0
464 KEY_Y 0;0 0;0
465 KEY_Y 0;0 0;0
466 KEY_Y 0;0 0;0
467 KEY_Y 0;0 0;0
468 KEY_Y 0;0 0;0
469 KEY_Y 0;0 0;0
470 KEY_Y 0;0 0;0
471 KEY_Y 0;0 0;0
472 KEY_Y 0;0 0;0
473 KEY_Y 0;0 0;0
474 KEY_Y 0;0 0;0
475 KEY_Y 0;0 0;0
476 KEY_Y 0;0 0;0
477 KEY_Y 0;0 0;0
478 KEY_Y 0;0 0;0
479 KEY_Y 0;0 0;0
480 KEY_Y 0;0 0;0
481 KEY_Y 0;0 0;0
482 KEY_Y 0;0 0;0
483 KEY_Y 0;0 0;0
484 KEY_Y 0;0 0;0
485 KEY_Y 0;0 0;0
486 KEY_Y 0;0 0;0
487 KEY_Y 0;0 0;0
488 KEY_Y 0;0 0;0
489 KEY_Y 0;0 0;0
490 KEY_Y 0;0 0;0
491 KEY_Y 0;0 0;0
492 KEY_Y 0;0 0;0
493 KEY_Y 0;0 0;0
494 KEY_Y 0;0 0;0
495 KEY_Y 0;0 0;0
496 KEY_Y 0;0 0;0
497 KEY_Y 0;0 0;0
498 KEY_Y 0;0 0;0
499 KEY_Y 0;0 0;0
500 KEY_Y 0;0 0;0
501 KEY_Y 0;0 0;0
502 KEY_Y 0;0 0;0
503 KEY_Y 0;0 0;0
504 KEY_Y 0;0 0;0
505 KEY_Y 0;0 0;0
506 KEY_Y 0;0 0;0
507 KEY_Y 0;0 0;0
508 KEY_Y 0;0 0;0
509 KEY_Y 0;0 0;0
510 KEY_Y 0;0 0;0
511 KEY_Y 0;0 0;0
512 KEY_Y 0;0 0;0
513 KEY_Y 0;0 0;0
514 KEY_Y 0;0 0;0
515 KEY_Y 0;0 0;0
516 KEY_Y 0;0 0;0
517 KEY_Y 0;0 0;0
518 KEY_Y 0;0 0;0
519 KEY_Y 0;0 0;0
520 KEY_Y 0;0 0;0
521 KEY_Y 0;0 0;0
522 KEY_Y 0;0 0;0
523 KEY_Y 0;0 0;0
524 KEY_Y 0;0 0;0
525 KEY_Y 0;0 0;0
526 KEY_Y 0;0 0;0
527 KEY_Y 0;0 0;0
528 KEY_Y 0;0 0;0
529 KEY_Y 0;0 0;0
530 KEY_Y 0;0 0;0
531 KEY_Y 0;0 0;0
532 KEY_Y 0;0 0;0
533 KEY_Y 0;0 0;0
534 KEY_Y 0;0 0;0
535 KEY_Y 0;0 0;0
536 KEY_Y 0;0 0;0
537 KEY_Y 0;0 0;0
538 KEY_Y 0;0 0;0
539 KEY_Y 0;0 0;0
540 KEY_Y 0;0 0;0
541 KEY_Y 0;0 0;0
542 KEY_Y 0;0 0;0
543 KEY_Y 0;0 0;0
544 KEY_Y 0;0 0;0
545 KEY_Y 0;0 0;0
546 KEY_Y 0;0 0;0
547 KEY_Y 0;0 0;0
548 KEY_Y 0;0 0;0
549 KEY_Y 0;0 0;0
550 KEY_Y 0;0 0;0
551 KEY_Y 0;0 0;0
552 KEY_Y 0;0 0;0
553 KEY_Y 0;0 0;0
554 KEY_Y 0;0 0;0
555 KEY_Y 0;0 0;0
556 KEY_Y 0;0 0;0
557 KEY_Y 0;0 0;0
558 KEY_Y 0;0 0;0
559 KEY_Y 0;0 0;0
560 KEY_Y 0;0 0;0
561 KEY_Y 0;0 0;0
562 KEY_Y 0;0 0;0
563 KEY_Y 0;0 0;0
564 KEY_Y 0;0 0;0
565 KEY_Y 0;0 0;0
566 KEY_Y 0;0 0;0
567 KEY_Y 0;0 0;0
568 KEY_Y 0;0 0;0
569 KEY_Y 0;0 0;0
570 KEY_Y 0;0 0;0
571 KEY_Y 0;0 0;0
572 KEY_Y 0;0 0;0
573 KEY_Y 0;0 0;0
574 KEY_Y 0;0 0;0
575 KEY_Y 0;0 0;0
576 KEY_Y 0;0 0;0
577 KEY_Y 0;0 0;0
578 KEY_Y 0;0 0;0
579 KEY_Y 0;0 0;0
580 KEY_Y 0;0 0;0
581 KEY_Y 0;0 0;0
582 KEY_Y 0;0 0;0
583 KEY_Y 0;0 0;0
584 KEY_Y 0;0 0;0
585 KEY_Y 0;0 0;0
586 KEY_Y 0;0 0;0
587 KEY_Y 0;0 0;0
588 KEY_Y 0;0 0;0
589 KEY_Y 0;0 0;0
590 KEY_Y 0;0 0;0
591 KEY_Y 0;0 0;0
592 KEY_Y 0;0 0;0
593 KEY_Y 0;0 0;0
594 KEY_Y 0;0 0;0
595 KEY_Y 0;0 0;0
596 KEY_Y 0;0 0;0
597 KEY_Y 0;0 0;0
598 KEY_Y 0;0 0;0
599 KEY_Y 0;0 0;0
600 KEY_Y -16383;28376 0;0
601 KEY_Y -16383;-28377 0;0
602 KEY_Y 32767;0 0;0
603 KEY_Y -16383;28376 0;0
604 KEY_Y -16383;-28377 0;0
605 KEY_Y 32767;0 0;0
606 KEY_Y -16383;28376 0;0
607 KEY_Y -16383;-28377 0;0
608 KEY_Y 32767;0 0;0
609 KEY_Y -16383;28376 0;0
610 KEY_Y -16383;-28377 0;0
611 KEY_Y 32767;0 0;0
612 KEY_Y -16383;28376 0;0
613 KEY_Y -16383;-28377 0;0
614 KEY_Y 32767;0 0;0
615 KEY_Y -16383;28376 0;0
616 KEY_Y -16383;-28377 0;0
617 KEY_Y 32767;0 0;0
618 KEY_Y -16383;28376 0;0
619 KEY_Y -16383;-28377 0;0
620 KEY_Y 32767;0 0;0
621 KEY_Y -16383;28376 0;0
622 KEY_Y -16383;-28377 0;0
623 KEY_Y 32767;0 0;0
624 KEY_Y 22932;0 0;0
625 KEY_Y 22714;3155 0;0
626 KEY_Y 22064;6251 0;0
627 KEY_Y 20994;9227 0;0
628 KEY_Y 19524;12028 0;0
629 KEY_Y 17684;14601 0;0
630 KEY_Y 15506;16896 0;0
631 KEY_Y 13034;18869 0;0
632 KEY_Y 10314;20483 0;0
633 KEY_Y 7397;21708 0;0
634 KEY_Y 4340;22519 0;0
635 KEY_Y 1200;22903 0;0
636 KEY_Y 1200;22903 0;0
637 KEY_Y 1200;22903 0;0
638 KEY_Y 1200;22903 0;0
639 KEY_A 1200;22903 0;0
640 KEY_ZR 0;0 0;0
641 KEY_ZR 0;0 0;0
642 KEY_ZR 0;0 0;0
643 KEY_ZR 0;0 0;0
644 KEY_ZR 0;0 0;0
645 KEY_ZR 0;0 0;0
646 KEY_ZR 0;0 0;0
647 KEY_Y;KEY_ZR 0;0 0;0
648 KEY_ZR 0;0 0;0
649 KEY_ZR 0;0 0;0
650 KEY_ZR 0;0 0;0
651 KEY_ZR 0;0 0;0
652 KEY_ZR 0;0 0;0
653 KEY_ZR 0;0 0;0
654 KEY_ZR 0;0 0;0
655 KEY_ZR 0;0 0;0
656 KEY_ZR 0;0 0;0
657 KEY_ZR 0;0 0;0
658 KEY_ZR 0;0 0;0
659 KEY_B;KEY_Y;KEY_ZR 0;0 0;0
660 KEY_Y -4560;32446 0;0
661 KEY_Y -4560;32446 0;0
662 KEY_Y -4560;32446 0;0
663 KEY_Y -4560;32446 0;0
664 KEY_Y -4560;32446 0;0
665 KEY_Y -4560;32446 0;0
666 KEY_Y -4560;32446 0;0
667 KEY_Y -4560;32446 0;0
668 KEY_Y -4560;32446 0;0
669 KEY_Y -4560;32446 0;0
670 KEY_Y -4560;32446 0;0
671 KEY_Y -4560;32446 0;0
672 KEY_Y -4560;32446 0;0
673 KEY_Y -4560;32446 0;0
674 KEY_Y -4560;32446 0;0
675 KEY_Y -4560;32446 0;0
676 KEY_Y -4560;32446 0;0
677 KEY_Y -4560;32446 0;0
678 KEY_Y -4560;32446 0;0
679 KEY_Y -4560;32446 0;0
680 KEY_Y -4560;32446 0;0
681 KEY_Y -4560;32446 0;0
682 KEY_Y -4560;32446 0;0
683 KEY_Y -4560;32446 0;0
684 KEY_Y -4560;32446 0;0
685 KEY_Y -4560;32446 0;0
686 KEY_Y -4560;32446 0;0
687 KEY_Y -4560;32446 0;0
688 KEY_Y -4560;32446 0;0
689 KEY_Y -4560;32446 0;0
690 KEY_Y -4560;32446 0;0
691 KEY_Y -4560;32446 0;0
692 KEY_Y -4560;32446 0;0
693 KEY_Y -4560;32446 0;0
694 KEY_Y -4560;32446 0;0
695 KEY_Y -4560;32446 0;0
696 KEY_Y -4560;32446 0;0
697 KEY_Y -4560;32446 0;0
698 KEY_Y -4560;32446 0;0
699 KEY_Y -4560;32446 0;0
700 KEY_Y -4560;32446 0;0
701 KEY_Y -4560;32446 0;0
702 KEY_Y -4560;32446 0;0
703 KEY_Y -4560;32446 0;0
704 KEY_Y -4560;32446 0;0
705 KEY_Y -4560;32446 0;0
706 KEY_Y -4560;32446 0;0
707 KEY_Y -4560;32446 0;0
708 KEY_Y -4560;32446 0;0
709 KEY_Y -4560;32446 0;0
710 KEY_Y -4560;32446 0;0
711 KEY_Y -4560;32446 0;0
712 KEY_Y -4560;32446 0;0
713 KEY_Y -4560;32446 0;0
714 KEY_Y -4560;32446 0;0
715 KEY_Y -4560;32446 0;0
716 KEY_Y -4560;32446 0;0
717 KEY_Y -4560;32446 0;0
718 KEY_Y -4560;32446 0;0
719 KEY_Y -4560;32446 0;0
720 KEY_Y -4560;32446 0;0
721 KEY_Y -4560;32446 0;0
722 KEY_Y -4560;32446 0;0
723 KEY_Y -4560;32446 0;0
724 KEY_Y -4560;32446 0;0
725 KEY_Y -4560;32446 0;0
726 KEY_Y -4560;32446 0;0
727 KEY_Y -4560;32446 0;0
728 KEY_Y -4560;32446 0;0
729 KEY_Y -4560;32446 0;0
730 KEY_Y -4560;32446 0;0
731 KEY_Y -4560;32446 0;0
732 KEY_Y -4560;32446 0;0
733 KEY_Y -4560;32446 0;0
734 KEY_Y -4560;32446 0;0
735 KEY_Y -4560;32446 0;0
736 KEY_Y -4560;32446 0;0
737 KEY_Y -4560;32446 0;0
738 KEY_Y -4560;32446 0;0
739 KEY_Y -4560;32446 0;0
740 KEY_ZR -4560;32446 0;0
741 KEY_Y;KEY_ZR -4560;32446 0;0
742 KEY_ZR;KEY_R 0;0 0;0
743 KEY_ZR 0;0 0;0
744 KEY_ZR 0;0 0;0
745 KEY_ZR 0;0 0;0
746 KEY_ZR 0;0 0;0
747 KEY_ZR 0;0 0;0
748 KEY_ZR 0;0 0;0
749 KEY_ZR 0;0 0;0
750 KEY_ZR 0;0 0;0
751 KEY_ZR 0;0 0;0
752 KEY_ZR 0;0 0;0
753 KEY_ZR 0;0 0;0
754 KEY_ZR 0;0 0;0
755 KEY_ZR 0;0 0;0
756 KEY_ZR 0;0 0;0
757 KEY_ZR 0;0 0;0
758 KEY_ZR 0;0 0;0
759 KEY_ZR 0;0 0;0
760 KEY_ZR 0;0 0;0
761 KEY_ZR 0;0 0;0
762 KEY_ZR 0;0 0;0
763 KEY_Y;KEY_ZR 0;0 0;0
764 KEY_ZR 0;0 0;0
765 KEY_ZR 0;0 0;0
766 KEY_ZR 0;0 0;0
767 KEY_ZR 0;0 0;0
768 KEY_ZR 0;0 0;0
769 KEY_ZR 0;0 0;0
770 KEY_ZR 0;0 0;0
771 KEY_ZR 0;0 0;0
772 KEY_ZR 0;0 0;0
773 KEY_ZR 0;0 0;0
774 KEY_ZR 0;0 0;0
775 KEY_ZR 0;0 0;0
776 KEY_ZR 0;0 0;0
777 KEY_ZR 0;0 0;0
778 KEY_ZR 0;0 0;0
779 KEY_A;KEY_ZR;KEY_DUP 0;0 0;0
780 NONE 32767;0 0;0
781 NONE 3991;32509 0;0
782 NONE 4704;32413 0;0
783 NONE 5416;32302 0;0
784 NONE 6125;32175 0;0
785 NONE 6831;32033 0;0
786 NONE 7534;31875 0;0
787 KEY_A 8233;31702 0;0
788 KEY_A 8929;31514 0;0
789 KEY_A 9619;31310 0;0
790 KEY_A 10306;31091 0;0
791 KEY_A 10987;30857 0;0
792 KEY_A 11663;30608 0;0
793 KEY_A 12333;30345 0;0
794 NONE 12998;30066 0;0
795 NONE 13656;29773 0;0
796 NONE 14307;29466 0;0
797 NONE 14952;29145 0;0
798 NONE 15589;28809 0;0
799 KEY_L 16219;28459 0;0
800 NONE 16841;28096 0;0
801 NONE 17455;27719 0;0
802 NONE 18061;27329 0;0
803 NONE 18657;26925 0;0
804 NONE 19245;26509 0;0
805 NONE 19823;26079 0;0
806 NONE 20392;25637 0;0
807 NONE 20951;25183 0;0
808 NONE 21500;24716 0;0
809 NONE 22039;24237 0;0
810 NONE 22566;23747 0;0
811 NONE 23083;23245 0;0
812 NONE 23589;22732 0;0
813 NONE 24083;22208 0;0
814 NONE 24566;21673 0;0
815 NONE 25037;21128 0;0
816 NONE 25496;20572 0;0
817 NONE 25942;20007 0;0
818 NONE 26376;19432 0;0
819 NONE 26797;18847 0;0
820 NONE 27205;18253 0;0
821 NONE 27600;17651 0;0
822 NONE 27982;17040 0;0
823 NONE 28350;16420 0;0
824 NONE 28705;15793 0;0
825 NONE 29045;15158 0;0
826 NONE 29372;14516 0;0
827 NONE 29684;13867 0;0
828 NONE 29982;13211 0;0
829 NONE 30266;12548 0;0
830 NONE 30534;11880 0;0
831 KEY_A 30789;11206 0;0
832 KEY_A 30789;11206 0;0
833 KEY_A 30789;11206 0;0
834 KEY_A 30789;11206 0;0
835 KEY_A 30789;11206 0;0
836 KEY_A 30789;11206 0;0
837 KEY_A 30789;11206 0;0
838 KEY_A 30789;11206 0;0
839 NONE 28931;15383 0;0
840 NONE 28931;15383 0;0
841 NONE 28931;15383 0;0
842 NONE 28931;15383 0;0
843 NONE 28931;15383 0;0
844 NONE 28931;15383 0;0
845 NONE 28931;15383 0;0
846 NONE 28931;15383 0;0
847 NONE 28931;15383 0;0
848 NONE 28931;15383 0;0
849 NONE 28931;15383 0;0
850 NONE 28931;15383 0;0
851 NONE 28931;15383 0;0
852 NONE 28931;15383 0;0
853 NONE 28931;15383 0;0
854 NONE 28931;15383 0;0
855 NONE 28931;15383 0;0
856 NONE 28931;15383 0;0
857 NONE 28931;15383 0;0
858 NONE 28931;15383 0;0
859 NONE 28931;15383 0;0
860 NONE 28931;15383 0;0
861 NONE 28931;15383 0;0
862 NONE 28931;15383 0;0
863 NONE 28931;15383 0;0
864 NONE 28931;15383 0;0
865 NONE 28931;15383 0;0
866 KEY_L 28931;15383 0;0
867 NONE 28931;15383 0;0
868 NONE 28931;15383 0;0
869 NONE 28931;15383 0;0
870 NONE 28931;15383 0;0
871 NONE 28931;15383 0;0
872 NONE 28931;15383 0;0
873 NONE 28931;15383 0;0
874 KEY_ZR 28931;15383 0;0
875 KEY_Y;KEY_ZR 28931;15383 0;0
876 KEY_Y;KEY_ZR 0;0 0;0
877 KEY_Y;KEY_ZR 0;0 0;0
878 KEY_Y;KEY_ZR 0;0 0;0
879 KEY_Y;KEY_ZR 0;0 0;0
880 KEY_Y;KEY_ZR 0;0 0;0
881 KEY_Y;KEY_ZR 0;0 0;0
882 KEY_Y;KEY_ZR 0;0 0;0
883 KEY_Y;KEY_ZR 0;0 0;0
884 KEY_Y;KEY_ZR 0;0 0;0
885 KEY_Y;KEY_ZR 0;0 0;0
886 KEY_Y;KEY_ZR 0;0 0;0
887 KEY_Y;KEY_ZR 0;0 0;0
888 KEY_Y;KEY_ZR 0;0 0;0
889 KEY_Y;KEY_ZR 0;0 0;0
890 KEY_Y;KEY_ZR 0;0 0;0
891 KEY_Y;KEY_ZR 0;0 0;0
892 KEY_Y;KEY_ZR 0;0 0;0
893 KEY_Y;KEY_ZR 0;0 0;0
894 KEY_Y;KEY_ZR 0;0 0;0
895 KEY_Y;KEY_ZR 0;0 0;0
896 KEY_Y;KEY_ZR 0;0 0;0
897 KEY_Y;KEY_ZR 0;0 0;0
898 KEY_Y;KEY_ZR 0;0 0;0
899 KEY_Y;KEY_ZR 0;0 0;0
900 KEY_Y;KEY_ZR 0;0 0;0
901 KEY_X;KEY_Y;KEY_ZR 0;0 0;0
902 KEY_Y;KEY_ZR 29691;-13845 0;0
903 KEY_Y;KEY_ZR 29691;-13845 0;0
904 KEY_Y;KEY_ZR 29691;-13845 0;0
905 KEY_Y;KEY_ZR 29691;-13845 0;0
906 KEY_Y;KEY_ZR 29691;-13845 0;0
907 KEY_Y;KEY_ZR 29691;-13845 0;0
908 KEY_Y;KEY_ZR 29691;-13845 0;0
909 KEY_Y;KEY_ZR 29691;-13845 0;0
910 KEY_Y;KEY_ZR 29691;-13845 0;0
911 KEY_Y;KEY_ZR 29691;-13845 0;0
912 KEY_Y;KEY_ZR 29691;-13845 0;0
913 KEY_Y;KEY_ZR 29691;-13845 0;0
914 KEY_Y;KEY_ZR 29691;-13845 0;0
915 KEY_Y;KEY_ZR 29691;-13845 0;0
916 KEY_Y;KEY_ZR 29691;-13845 0;0
917 KEY_Y;KEY_ZR 29691;-13845 0;0
918 KEY_Y;KEY_ZR 29691;-13845 0;0
919 KEY_Y;KEY_ZR 29691;-13845 0;0
920 KEY_Y;KEY_ZR 29691;-13845 0;0
921 KEY_Y;KEY_ZR 29691;-13845 0;0
922 KEY_Y;KEY_ZR 29691;-13845 0;0
923 KEY_Y;KEY_ZR 29691;-13845 0;0
924 KEY_Y;KEY_ZR 29691;-13845 0;0
925 KEY_Y;KEY_ZR 29691;-13845 0;0
926 KEY_Y;KEY_ZR 29691;-13845 0;0
927 KEY_Y;KEY_ZR 29691;-13845 0;0
928 KEY_Y;KEY_ZR 29691;-13845 0;0
929 KEY_Y;KEY_ZR 29691;-13845 0;0
930 KEY_Y;KEY_ZR 29691;-13845 0;0
931 KEY_Y;KEY_ZR 29691;-13845 0;0
932 KEY_Y;KEY_ZR 29691;-13845 0;0
933 KEY_Y;KEY_ZR 29691;-13845 0;0
934 KEY_Y;KEY_ZR 29691;-13845 0;0
935 KEY_Y;KEY_ZR 29691;-13845 0;0
936 KEY_Y;KEY_ZR 29691;-13845 0;0
937 KEY_Y;KEY_ZR 29691;-13845 0;0
938 KEY_Y;KEY_ZR 29691;-13845 0;0
939 KEY_Y;KEY_ZR 29697;-13847 0;0
940 KEY_Y;KEY_ZR 29697;-13847 0;0
941 KEY_Y;KEY_ZR 29697;-13847 0;0
942 KEY_Y;KEY_ZR 29697;-13847 0;0
943 KEY_Y;KEY_ZR 29697;-13847 0;0
944 KEY_Y;KEY_ZR 29697;-13847 0;0
945 KEY_Y;KEY_ZR 29697;-13847 0;0
946 KEY_Y;KEY_ZR;KEY_L 29697;-13847 0;0
947 KEY_Y;KEY_ZR 29692;13845 0;0
948 KEY_Y;KEY_ZR 29692;13845 0;0
949 KEY_Y;KEY_ZR 29692;13845 0;0
950 KEY_Y;KEY_ZR 29692;13845 0;0
951 KEY_Y;KEY_ZR 29692;13845 0;0
952 KEY_Y;KEY_ZR 29692;13845 0;0
953 KEY_Y 29692;13844 0;0
954 KEY_ZR 29738;13743 0;0
955 KEY_Y;KEY_ZR 29785;13642 0;0
956 KEY_Y;KEY_ZR 29831;13540 0;0
957 KEY_Y;KEY_ZR 29877;13439 0;0
958 KEY_Y;KEY_ZR 29922;13337 0;0
959 KEY_Y;KEY_ZR 29967;13235 0;0
960 KEY_Y;KEY_ZR 30012;13132 0;0
961 KEY_Y;KEY_ZR 30057;13030 0;0
962 KEY_Y;KEY_ZR 30101;12928 0;0
963 KEY_Y;KEY_ZR 30144;12825 0;0
964 KEY_Y;KEY_ZR 30188;12722 0;0
965 KEY_Y;KEY_ZR 30231;12619 0;0
966 KEY_Y;KEY_ZR 30273;12516 0;0
967 KEY_Y;KEY_ZR 30316;12413 0;0
968 KEY_Y;KEY_ZR 30358;12309 0;0
969 KEY_Y;KEY_ZR 30399;12206 0;0
970 KEY_Y;KEY_ZR 30440;12102 0;0
971 KEY_Y;KEY_ZR 30481;11998 0;0
972 KEY_Y;KEY_ZR 30522;11895 0;0
973 KEY_Y;KEY_ZR 30562;11790 0;0
974 KEY_Y;KEY_ZR 30602;11686 0;0
975 KEY_Y;KEY_ZR 30641;11582 0;0
976 KEY_Y;KEY_ZR 30681;11477 0;0
977 KEY_Y;KEY_ZR 30719;11373 0;0
978 KEY_Y;KEY_ZR 30758;11268 0;0
979 KEY_Y;KEY_ZR 30796;11163 0;0
980 KEY_Y;KEY_ZR 30833;11058 0;0
981 KEY_Y;KEY_ZR 30871;10953 0;0
982 KEY_Y;KEY_ZR 30908;10848 0;0
983 KEY_Y;KEY_ZR 30944;10743 0;0
984 KEY_Y;KEY_ZR 30981;10637 0;0
985 KEY_Y;KEY_ZR 31017;10531 0;0
986 KEY_Y;KEY_ZR 31052;10426 0;0
987 KEY_Y;KEY_ZR 31087;10320 0;0
988 KEY_Y;KEY_ZR 31122;10214 0;0
989 KEY_Y;KEY_ZR 31157;10108 0;0
990 KEY_Y;KEY_ZR 31191;10001 0;0
991 KEY_Y;KEY_ZR 31224;9895 0;0
992 KEY_Y 31258;9789 0;0
993 KEY_ZR 31291;9682 0;0
994 KEY_Y;KEY_ZR 31324;9576 0;0
995 KEY_ZR 0;0 0;0
996 KEY_ZR 0;0 0;0
997 KEY_ZR 0;0 0;0
998 KEY_ZR 0;0 0;0
999 KEY_ZR 0;0 0;0
1000 KEY_ZR 0;0 0;0
1001 KEY_ZR 0;0 0;0
1002 KEY_ZR 0;0 0;0
1003 KEY_ZR 0;0 0;0
1004 KEY_ZR 0;0 0;0
1005 KEY_ZR 0;0 0;0
1006 KEY_ZR 0;0 0;0
1007 KEY_ZR 0;0 0;0
1008 KEY_ZR 0;0 0;0
1009 KEY_ZR 0;0 0;0
1010 KEY_ZR 0;0 0;0
1011 KEY_ZR 0;0 0;0
1012 KEY_ZR 0;0 0;0
1013 KEY_ZR 0;0 0;0
1014 KEY_ZR;KEY_L 0;0 0;0
1015 KEY_ZR 0;0 0;0
1016 KEY_ZR 0;0 0;0
1017 KEY_ZR 0;0 0;0
1018 KEY_ZR 0;0 0;0
1019 KEY_ZR 0;0 0;0
1020 KEY_ZR 0;0 0;0
1021 KEY_ZR 0;0 0;0
1022 KEY_ZR 0;0 0;0
1023 KEY_ZR 0;0 0;0
1024 KEY_ZR 0;0 0;0
1025 KEY_ZR 0;0 0;0
1026 KEY_ZR 0;0 0;0
1027 KEY_ZR 0;0 0;0
1028 KEY_ZR 0;0 0;0
1029 KEY_ZR;KEY_L 0;0 0;0
1030 KEY_ZR 0;0 0;0
1031 KEY_ZR 0;0 0;0
1032 KEY_ZR 0;0 0;0
1033 KEY_ZR 0;0 0;0
1034 KEY_ZR 0;0 0;0
1035 KEY_ZR 0;0 0;0
1036 KEY_ZR 0;0 0;0
1037 KEY_ZR 0;0 0;0
1038 KEY_ZR 0;0 0;0
1039 KEY_ZR 0;0 0;0
1040 KEY_ZR 0;0 0;0
1041 KEY_ZR 0;0 0;0
1042 KEY_ZR 0;0 0;0
1043 KEY_ZR 0;0 0;0
1044 KEY_ZR 0;0 0;0
1045 KEY_ZR 0;0 0;0
1046 KEY_ZR;KEY_L 0;0 0;0
1047 KEY_ZR 0;0 0;0
1048 KEY_ZR 0;0 0;0
1049 KEY_ZR 0;0 0;0
1050 KEY_ZR 0;0 0;0
1051 KEY_ZR 0;0 0;0
1052 KEY_ZR 0;0 0;0
1053 KEY_ZR 0;0 0;0
1054 KEY_ZR 0;0 0;0
1055 KEY_ZR 0;0 0;0
1056 KEY_ZR 0;0 0;0
1057 KEY_ZR 0;0 0;0
1058 KEY_ZR 0;0 0;0
1059 KEY_ZR 0;0 0;0
1060 KEY_ZR 0;0 0;0
1061 KEY_ZR 0;0 0;0
1062 KEY_ZR 0;0 0;0
1063 KEY_A;KEY_ZR;KEY_DDOWN 0;0 0;0
1064 KEY_R -13845;29692 0;0
1065 NONE 32511;3990 0;0
1066 NONE 32521;3906 0;0
1067 NONE 32531;3821 0;0
1068 NONE 32541;3737 0;0
1069 NONE 32550;3652 0;0
1070 NONE 32560;3568 0;0
1071 NONE 32569;3483 0;0
1072 KEY_A 32578;3398 0;0
1073 KEY_A 32587;3314 0;0
1074 KEY_A 32595;3229 0;0
1075 KEY_A 32603;3144 0;0
1076 KEY_A 32612;3060 0;0
1077 KEY_A 32619;2975 0;0
1078 KEY_A 32627;2890 0;0
1079 KEY_A 32634;2805 0;0
1080 KEY_A 32642;2720 0;0
1081 KEY_A 32649;2636 0;0
1082 NONE 32655;2551 0;0
1083 NONE 32662;2466 0;0
1084 NONE 32668;2381 0;0
1085 NONE 32674;2296 0;0
1086 NONE 32680;2211 0;0
1087 NONE 32686;2126 0;0
1088 NONE 32691;2041 0;0
1089 NONE 32697;1956 0;0
1090 NONE 32702;1871 0;0
1091 NONE 32706;1786 0;0
1092 NONE 32711;1701 0;0
1093 NONE 32715;1616 0;0
1094 NONE 32719;1531 0;0
1095 NONE 32723;1446 0;0
1096 NONE 32727;1361 0;0
1097 NONE 32730;1276 0;0
1098 NONE 32734;1191 0;0
1099 NONE 32737;1106 0;0
1100 NONE 32739;1021 0;0
1101 NONE 32742;936 0;0
1102 KEY_A 32744;851 0;0
1103 NONE 32746;766 0;0
1104 NONE 32748;680 0;0
1105 NONE 32750;595 -32767;0
1106 NONE 32751;510 -32767;0
1107 NONE 32753;425 -32767;0
1108 NONE 32754;340 -32767;0
1109 NONE 32754;255 0;0
1110 NONE 32755;170 0;0
1111 NONE 32755;85 0;0
1112 NONE 32756;0 0;0
1113 NONE 0;0 0;0
1114 NONE 0;0 0;0
1115 NONE 0;0 0;0
1116 NONE 0;0 0;0
1117 NONE 0;0 0;0
1118 NONE 0;0 0;0
1119 NONE 0;0 0;0
1120 NONE 0;0 0;0
1121 NONE 0;0 0;0
1122 NONE 0;0 0;0
1123 NONE 0;0 0;0
1124 NONE 0;0 0;0
1125 NONE 0;0 0;0
1126 NONE 0;0 0;0
1127 NONE 0;0 0;0
1128 NONE 0;0 0;0
1129 NONE 0;0 0;0
1130 NONE 0;0 0;0
1131 NONE 0;0 0;0
1132 NONE 0;0 0;0
1133 NONE 0;0 0;0
1134 NONE 0;0 0;0
1135 NONE 0;0 0;0
1136 NONE 0;0 0;0
1137 NONE 0;0 0;0
1138 NONE 0;0 0;0
1139 NONE 0;0 0;0
1140 NONE 0;0 0;0
1141 NONE 0;0 0;0
1142 NONE 0;0 0;0
1143 NONE 0;0 0;0
1144 NONE 0;0 0;0
1145 NONE 0;0 0;0
1146 NONE 0;0 0;0
1147 NONE 0;0 0;0
1148 NONE 0;0 0;0
1149 NONE 0;0 0;0
1150 NONE 0;0 0;0
1151 NONE 0;0 0;0
1152 NONE 0;0 0;0
1153 NONE 0;0 0;0
1154 NONE 0;0 0;0
1155 NONE 0;0 0;0
1156 NONE 0;0 0;0
1157 NONE 0;0 0;0
1158 NONE 0;0 0;0
1159 NONE 0;0 0;0
1160 NONE 0;0 0;0
1161 NONE 0;0 0;0
1162 NONE 0;0 0;0
1163 NONE 0;0 0;0
1164 NONE 0;0 0;0
1165 NONE 0;0 0;0
1166 NONE 0;0 0;0
1167 NONE 0;0 0;0
1168 NONE 0;0 0;0
1169 NONE 0;0 0;0
1170 NONE 0;0 0;0
1171 NONE 0;0 0;0
1172 NONE 0;0 0;0
1173 NONE 0;0 0;0
1174 NONE 0;0 0;0
1175 NONE 0;0 0;0
1176 NONE 0;0 0;0
1177 NONE 0;0 0;0
1178 NONE 0;0 0;0
1179 NONE 0;0 0;0
1180 NONE 0;0 0;0
1181 NONE 0;0 0;0
1182 NONE 0;0 0;0
1183 NONE 0;0 0;0
1184 NONE 0;0 0;0
1185 NONE 0;0 0;0
1186 NONE 0;0 0;0
1187 NONE 0;0 0;0
1188 NONE 0;0 0;0
1189 NONE 0;0 0;0
1190 NONE 0;0 0;0
1191 NONE 0;0 0;0
1192 NONE 0;0 0;0
1193 NONE 0;0 0;0
1194 NONE 0;0 0;0
1195 NONE 0;0 0;0
1196 NONE 0;0 0;0
1197 NONE 0;0 0;0
1198 NONE 0;0 0;0
1199 NONE 0;0 0;0
1200 NONE 0;0 0;0
1201 NONE 0;0 0;0
1202 NONE 0;0 0;0
1203 NONE 0;0 0;0
1204 NONE 0;0 0;0
1205 NONE 0;0 0;0
1206 NONE 0;0 0;0
1207 NONE 0;0 0;0
1208 NONE 0;0 0;0
1209 NONE 0;0 0;0
1210 NONE 0;0 0;0
1211 NONE 0;0 0;0
1212 NONE 0;0 0;0
1213 NONE 0;0 0;0
1214 NONE 0;0 0;0
1215 NONE 0;0 0;0
1216 NONE 0;0 0;0
1217 NONE 0;0 0;0
1218 NONE 0;0 0;0
1219 NONE 0;0 0;0
1220 NONE 0;0 0;0
1221 NONE 0;0 0;0
1222 NONE 0;0 0;0
1223 NONE 0;0 0;0
1224 NONE 0;0 0;0
1225 NONE 0;0 0;0
1226 NONE 0;0 0;0
1227 NONE 0;0 0;0
1228 NONE 0;0 0;0
1229 NONE 0;0 0;0
1230 NONE 0;0 0;0
1231 NONE 0;0 0;0
1232 NONE 0;0 0;0
1233 NONE 0;0 0;0
1234 NONE 0;0 0;0
1235 NONE 0;0 0;0
1236 NONE 0;0 0;0
1237 NONE 0;0 0;0
1238 NONE 0;0 0;0
1239 NONE 0;0 0;0
1240 NONE 0;0 0;0
1241 NONE 0;0 0;0
1242 NONE 0;0 0;0
1243 NONE 0;0 0;0
1244 NONE 0;0 0;0
1245 NONE 0;0 0;0
1246 NONE 0;0 0;0
1247 NONE 0;0 0;0
1248 NONE 0;0 0;0
1249 NONE 0;0 0;0
1250 NONE 0;0 0;0
1251 NONE 0;0 0;0
1252 NONE 0;0 0;0
1253 NONE 0;0 0;0
1254 NONE 0;0 0;0
1255 NONE 0;0 0;0
1256 NONE 0;0 0;0
1257 NONE 0;0 0;0
1258 NONE 0;0 0;0
1259 NONE 0;0 0;0
1260 NONE 0;0 0;0
1261 NONE 0;0 0;0
1262 NONE 0;0 0;0
1263 NONE 0;0 0;0
1264 NONE 0;0 0;0
1265 NONE 0;0 0;0
1266 NONE 0;0 0;0
1267 NONE 0;0 0;0
1268 NONE 0;0 0;0
1269 NONE 0;0 0;0
1270 NONE 0;0 0;0
1271 NONE 0;0 0;0
1272 NONE 0;0 0;0
1273 NONE 0;0 0;0
1274 NONE 0;0 0;0
1275 NONE 0;0 0;0
1276 NONE 0;0 0;0
1277 NONE 0;0 0;0
1278 NONE 0;0 0;0
1279 NONE 0;0 0;0
1280 NONE 0;0 0;0
1281 NONE 0;0 0;0
1282 NONE 0;0 0;0
1283 NONE 0;0 0;0
1284 NONE 0;0 0;0
1285 NONE 0;0 0;0
1286 NONE 0;0 0;0
1287 NONE 0;0 0;0
1288 NONE 0;0 0;0
1289 NONE 0;0 0;0
1290 NONE 0;0 0;0
1291 NONE 0;0 0;0
1292 NONE 0;0 0;0
1293 NONE 0;0 0;0
1294 NONE 0;0 0;0
1295 NONE 0;0 0;0
1296 NONE 0;0 0;0
1297 NONE 0;0 0;0
1298 NONE 0;0 0;0
1299 NONE 0;0 0;0
1300 NONE 0;0 0;0
1301 NONE 0;0 0;0
1302 NONE 0;0 0;0
1303 NONE 0;0 0;0
1304 NONE 0;0 0;0
1305 NONE 0;0 0;0
1306 NONE 0;0 0;0
1307 NONE 0;0 0;0
1308 KEY_B 0;0 0;0
1309 NONE 0;0 0;0
1310 NONE 0;0 0;0
1311 NONE 0;0 0;0
1312 NONE 0;0 0;0
1313 NONE 0;0 0;0
1314 NONE 0;0 0;0
1315 NONE 0;0 0;0
1316 NONE 0;0 0;0
1317 NONE 0;0 0;0
1318 NONE 0;0 0;0
1319 NONE 0;0 0;0
1320 NONE 0;0 0;0
1321 NONE 0;0 0;0
1322 NONE 0;0 0;0
1323 NONE 0;0 0;0
1324 NONE 0;0 0;0
1325 NONE 0;0 0;0
1326 NONE 0;0 0;0
1327 NONE 0;0 0;0
1328 NONE 0;0 0;0
1329 NONE 0;0 0;0
1330 NONE 0;0 0;0
1331 NONE 0;0 0;0
1332 KEY_ZR 0;0 0;0
1333 KEY_Y;KEY_ZR 0;0 0;0
1334 KEY_ZR 0;0 0;0
1335 KEY_ZR 0;0 0;0
1336 KEY_ZR 0;0 0;0
1337 KEY_ZR 0;0 0;0
1338 KEY_ZR 0;0 0;0
1339 KEY_ZR 0;0 0;0
1340 KEY_ZR 0;0 0;0
1341 KEY_ZR 0;0 0;0
1342 KEY_ZR 0;0 0;0
1343 KEY_ZR 0;0 0;0
1344 KEY_ZR 0;0 0;0
1345 KEY_ZR 0;0 0;0
1346 KEY_ZR 0;0 0;0
1347 KEY_ZR 0;0 0;0
1348 KEY_ZR 0;0 0;0
1349 KEY_ZR 0;0 0;0
1350 KEY_ZR 0;0 0;0
1351 KEY_ZR 0;0 0;0
1352 KEY_ZR 0;0 0;0
1353 KEY_ZR 0;0 0;0
1354 KEY_ZR 0;0 0;0
1355 KEY_ZR 0;0 0;0
1356 KEY_ZR 0;0 0;0
1357 KEY_ZR 0;0 0;0
1358 KEY_ZR 0;0 0;0
1359 KEY_ZR 0;0 0;0
1360 KEY_ZR 0;0 0;0
1361 KEY_ZR 0;0 0;0
1362 KEY_ZR 0;0 0;0
1363 KEY_ZR 0;0 0;0
1364 KEY_ZR 0;0 0;0
1365 KEY_ZR 0;0 0;0
1366 KEY_ZR 0;0 0;0
1367 KEY_ZR 0;0 0;0
1368 KEY_ZR 0;0 0;0
1369 KEY_ZR 0;0 0;0
1370 KEY_ZR 0;0 0;0
1371 KEY_ZR 0;0 0;0
1372 KEY_ZR 0;0 0;0
1373 KEY_ZR 0;0 0;0
1374 KEY_ZR 0;0 0;0
1375 KEY_ZR 0;0 0;0
1376 KEY_ZR 0;0 0;0
1377 KEY_ZR 0;0 0;0
1378 KEY_ZR 0;0 0;0
1379 KEY_ZR 0;0 0;0
1380 KEY_ZR 0;0 0;0
1381 KEY_ZR 0;0 0;0
1382 KEY_ZR 0;0 0;0
1383 KEY_ZR 0;0 0;0
1384 KEY_ZR 0;0 0;0
1385 KEY_ZR 0;0 0;0
1386 KEY_ZR 0;0 0;0
1387 KEY_ZR 0;0 0;0
1388 KEY_ZR 0;0 0;0
1389 KEY_ZR 0;0 0;0
1390 KEY_ZR 0;0 0;0
1391 KEY_ZR 0;0 0;0
1392 KEY_ZR 0;0 0;0
1393 KEY_ZR 0;0 0;0
1394 KEY_ZR 0;0 0;0
1395 KEY_ZR 0;0 0;0
1396 KEY_ZR 0;0 0;0
1397 KEY_ZR 0;0 0;0
1398 KEY_ZR 0;0 0;0
1399 KEY_ZR 0;0 0;0
