0 NONE 0;0 0;0
1 NONE 0;0 0;0
2 NONE 0;0 0;0
3 NONE 0;0 0;0
4 NONE 0;0 0;0
5 NONE 0;0 0;0
6 NONE 0;0 0;0
7 NONE 0;0 0;0
8 NONE 0;0 0;0
9 NONE 0;0 0;0
10 NONE 0;0 0;0
11 NONE 0;0 0;0
12 NONE 0;0 0;0
13 NONE 0;0 0;0
14 NONE 0;0 0;0
15 NONE 0;0 0;0
16 NONE 0;0 0;0
17 NONE 0;0 0;0
18 NONE 0;0 0;0
19 NONE 0;0 0;0
20 KEY_DLEFT 0;0 0;0
21 NONE 0;0 0;0
22 NONE 0;0 0;0
23 NONE 0;0 0;0
24 NONE 0;0 0;0
25 NONE 0;0 0;0
26 NONE 0;0 0;0
27 NONE 0;0 0;0
28 NONE 0;0 0;0
29 NONE 0;0 0;0
30 NONE 0;0 0;0
31 KEY_ZR 0;0 0;0
32 KEY_Y;KEY_ZR 0;0 0;0
33 KEY_ZR 0;0 0;0
34 KEY_ZR 0;0 0;0
35 KEY_ZR 0;0 0;0
36 KEY_ZR 0;0 0;0
37 KEY_ZR 0;0 0;0
38 KEY_ZR 0;0 0;0
39 KEY_ZR 0;0 0;0
40 KEY_ZR 0;0 0;0
41 KEY_ZR 0;0 0;0
42 KEY_ZR 0;0 0;0
43 KEY_ZR 0;0 0;0
44 KEY_ZR 0;0 0;0
45 KEY_ZR 0;0 0;0
46 KEY_ZR 0;0 0;0
47 KEY_ZR 0;0 0;0
48 KEY_ZR 0;0 0;0
49 KEY_ZR 0;0 0;0
50 KEY_ZR 0;0 0;0
51 KEY_ZR 0;0 0;0
52 KEY_ZR 0;0 0;0
53 KEY_ZR 0;0 0;0
54 KEY_ZR 0;0 0;0
55 KEY_ZR 0;0 0;0
56 KEY_ZR 0;0 0;0
57 KEY_ZR 0;0 0;0
58 KEY_ZR 0;0 0;0
59 KEY_ZR 0;0 0;0
60 KEY_ZR 0;0 0;0
61 KEY_ZR 0;0 0;0
62 KEY_ZR 0;0 0;0
63 KEY_ZR 0;0 0;0
64 KEY_ZR 0;0 0;0
65 KEY_ZR 0;0 0;0
66 KEY_ZR 0;0 0;0
67 KEY_ZR 0;0 0;0
68 KEY_ZR 0;0 0;0
69 KEY_Y;KEY_ZR 0;0 0;0
70 KEY_ZR 0;0 0;0
71 KEY_ZR 0;0 0;0
72 KEY_ZR 0;0 0;0
73 KEY_ZR 0;0 0;0
74 KEY_ZR 0;0 0;0
75 KEY_ZR 0;0 0;0
76 KEY_ZR 0;0 0;0
77 KEY_ZR 0;0 0;0
78 KEY_ZR 0;0 0;0
79 KEY_ZR 0;0 0;0
80 KEY_ZR 0;0 0;0
81 KEY_ZR 0;0 0;0
82 KEY_ZR 0;0 0;0
83 KEY_ZR 0;0 0;0
84 KEY_ZR 0;0 0;0
85 KEY_ZR 0;0 0;0
86 KEY_ZR;KEY_L -32767;0 0;0
87 KEY_ZR -32767;0 0;0
88 KEY_ZR -32767;0 0;0
89 KEY_ZR -32767;0 0;0
90 KEY_ZR -32767;0 0;0
91 KEY_ZR -32767;0 0;0
92 KEY_ZR -32767;0 0;0
93 KEY_ZR -32767;0 0;0
94 KEY_ZR -32767;0 0;0
95 KEY_ZR -32767;0 0;0
96 KEY_ZR -32767;0 0;0
97 KEY_ZR -32767;0 0;0
98 KEY_ZR -32767;0 0;0
99 KEY_ZR -32767;0 0;0
100 KEY_ZR -32767;0 0;0
101 KEY_ZR -32767;0 0;0
102 KEY_ZR -32767;0 0;0
103 KEY_ZR -32767;0 0;0
104 KEY_ZR -32767;0 0;0
105 KEY_ZR;KEY_L -32767;0 0;0
106 KEY_ZR -32767;0 0;0
107 KEY_ZR -32767;0 0;0
108 KEY_ZR -32767;0 0;0
109 KEY_ZR -32767;0 0;0
110 KEY_ZR -32767;0 0;0
111 KEY_ZR -32767;0 0;0
112 KEY_ZR -32767;0 0;0
113 KEY_ZR -32767;0 0;0
114 KEY_ZR -32767;0 0;0
115 KEY_ZR -32767;0 0;0
116 KEY_ZR -32767;0 0;0
117 KEY_ZR -32767;0 0;0
118 KEY_ZR -32767;0 0;0
119 KEY_ZR -32767;0 0;0
120 KEY_ZR -32767;0 0;0
121 KEY_ZR -32767;0 0;0
122 KEY_ZR -32767;0 0;0
123 KEY_ZR -32767;0 0;0
124 KEY_ZR -32767;0 0;0
125 KEY_ZR -32767;0 0;0
126 KEY_ZR -32767;0 0;0
127 KEY_ZR;KEY_L -32767;0 0;0
128 KEY_ZR -32767;0 0;0
129 KEY_ZR -32767;0 0;0
130 KEY_ZR -32767;0 0;0
131 KEY_ZR -32767;0 0;0
132 KEY_ZR -32767;0 0;0
133 KEY_ZR -32767;0 0;0
134 KEY_ZR -32767;0 0;0
135 KEY_ZR -32767;0 0;0
136 KEY_ZR -32767;0 0;0
137 KEY_ZR -32767;0 0;0
138 KEY_ZR -32767;0 0;0
139 KEY_ZR -32767;0 0;0
140 KEY_ZR -32767;0 0;0
141 KEY_ZR -32767;0 0;0
142 KEY_ZR -32767;0 0;0
143 KEY_ZR -32767;0 0;0
144 KEY_ZR -32767;0 0;0
145 KEY_ZR -32767;0 0;0
146 KEY_ZR -32767;0 0;0
147 KEY_ZR -32767;0 0;0
148 KEY_ZR;KEY_R -32767;0 0;0
149 KEY_ZR -32767;0 0;0
150 KEY_ZR -32767;0 0;0
151 KEY_ZR -32767;0 0;0
152 KEY_ZR -32767;0 0;0
153 KEY_ZR -32767;0 0;0
154 KEY_ZR -32767;0 0;0
155 KEY_ZR -32767;0 0;0
156 KEY_ZR -32767;0 0;0
157 KEY_ZR -32767;0 0;0
158 KEY_ZR -32767;0 0;0
159 KEY_ZR;KEY_L 0;0 0;0
160 KEY_ZR 0;0 0;0
161 KEY_ZR 0;0 0;0
162 KEY_ZR 0;0 0;0
163 KEY_ZR 0;0 0;0
164 KEY_ZR 0;0 0;0
165 KEY_ZR 0;0 0;0
166 KEY_ZR 0;0 0;0
167 KEY_ZR 0;0 0;0
168 KEY_ZR 0;0 0;0
169 KEY_A;KEY_ZR;KEY_DUP 0;0 0;0
170 NONE -32767;0 0;0
171 NONE 0;32767 0;0
172 NONE 0;32767 0;0
173 NONE 0;32767 0;0
174 NONE 0;32767 0;0
175 NONE 0;32767 0;0
176 NONE 0;32767 0;0
177 NONE 0;32767 0;0
178 NONE 0;32767 0;0
179 NONE 0;32767 0;0
180 NONE 0;32767 0;0
181 NONE 0;32767 0;0
182 KEY_A 0;32767 0;0
183 KEY_A -32767;0 0;0
184 KEY_A -32767;0 0;0
185 KEY_A -32767;0 0;0
186 KEY_A -32767;0 0;0
187 KEY_A -32767;0 0;0
188 KEY_A -32767;0 0;0
189 KEY_A -32767;0 0;0
190 KEY_A -32767;0 0;0
191 KEY_A -32767;0 0;0
192 NONE -32767;0 0;0
193 NONE -32767;0 0;0
194 NONE -32767;0 0;0
195 NONE -32767;0 0;0
196 NONE -32767;0 0;0
197 NONE -32767;0 0;0
198 NONE -32767;0 0;0
199 NONE -32767;0 0;0
200 NONE -32767;0 0;0
201 NONE -32767;0 0;0
202 NONE -32767;0 0;0
203 NONE -32767;0 0;0
204 NONE -32767;0 0;0
205 NONE -32767;0 0;0
206 NONE -32767;0 0;0
207 NONE -32767;0 0;0
208 NONE -32767;0 0;0
209 NONE -32767;0 0;0
210 NONE -32767;0 0;0
211 NONE -32767;0 0;0
212 NONE -32767;0 0;0
213 NONE -32767;0 0;0
214 NONE -32767;0 0;0
215 NONE -32767;0 0;0
216 NONE -32767;0 0;0
217 NONE -32767;0 0;0
218 NONE -32767;0 0;0
219 NONE -32767;0 0;0
220 NONE -32767;0 0;0
221 NONE -32767;0 0;0
222 NONE -32767;0 0;0
223 KEY_A 0;32767 0;0
224 KEY_A 0;32767 0;0
225 KEY_A 0;32767 0;0
226 KEY_A 0;32767 0;0
227 KEY_A 0;32767 0;0
228 KEY_A 0;32767 0;0
229 KEY_A 0;32767 0;0
230 KEY_A 0;32767 0;0
231 KEY_A 0;32767 0;0
232 KEY_A 0;32767 0;0
233 NONE 0;32767 0;0
234 NONE 0;32767 0;0
235 NONE 0;32767 0;0
236 NONE 0;32767 0;0
237 NONE 0;32767 0;0
238 NONE 0;32767 0;0
239 NONE 0;32767 0;0
240 NONE 0;32767 0;0
241 NONE 0;32767 0;0
242 NONE 0;32767 0;0
243 NONE 0;32767 0;0
244 NONE 0;32767 0;0
245 NONE 0;32767 0;0
246 NONE 0;32767 0;0
247 NONE 0;32767 0;0
248 NONE 0;32767 0;0
249 NONE 0;32767 0;0
250 NONE 0;32767 0;0
251 NONE 0;32767 0;0
252 NONE 0;32767 0;0
253 NONE 0;32767 0;0
254 NONE 0;32767 0;0
255 NONE 0;32767 0;0
256 NONE 0;32767 0;0
257 NONE 0;32767 0;0
258 NONE 0;32767 0;0
259 NONE 0;32767 0;0
260 NONE 0;32767 0;0
261 NONE 0;32767 0;0
262 NONE 0;32767 0;0
263 NONE 0;32767 0;0
264 NONE 0;32767 0;0
265 NONE 0;32767 0;0
266 NONE 0;32767 0;0
267 NONE 0;32767 0;0
268 KEY_A -25100;21062 0;0
269 KEY_A -25100;21062 0;0
270 KEY_A -25100;21062 0;0
271 KEY_A -25100;21062 0;0
272 KEY_A -25100;21062 0;0
273 KEY_A -25100;21062 0;0
274 KEY_A -25100;21062 0;0
275 KEY_A -25100;21062 0;0
276 KEY_A -25100;21062 0;0
277 KEY_A -25100;21062 0;0
278 NONE -25100;21062 0;0
279 NONE -25100;21062 0;0
280 NONE -25100;21062 0;0
281 NONE -25100;21062 0;0
282 NONE -25100;21062 0;0
283 NONE -25100;21062 0;0
284 NONE -25100;21062 0;0
285 NONE -25100;21062 0;0
286 NONE -25100;21062 0;0
287 NONE -25100;21062 0;0
288 NONE -25100;21062 0;0
289 NONE -25100;21062 0;0
290 NONE -25100;21062 0;0
291 NONE -25100;21062 0;0
292 NONE -25100;21062 0;0
293 NONE -25100;21062 0;0
294 NONE -25100;21062 0;0
295 NONE -25100;21062 0;0
296 NONE -25100;21062 0;0
297 NONE -25100;21062 0;0
298 NONE -25100;21062 0;0
299 NONE -25100;21062 0;0
300 NONE -25100;21062 0;0
301 NONE -25100;21062 0;0
302 NONE -25100;21062 0;0
303 NONE -25100;21062 0;0
304 NONE -25100;21062 0;0
305 KEY_L;KEY_DUP -25100;21062 0;0
306 NONE -5689;32269 0;0
307 NONE -5689;32269 0;0
308 NONE -5689;32269 0;0
309 NONE -5689;32269 0;0
310 NONE -5689;32269 0;0
311 NONE -5689;32269 0;0
312 NONE -5689;32269 0;0
313 NONE -5689;32269 0;0
314 NONE -5689;32269 0;0
315 NONE -5689;32269 0;0
316 NONE -5689;32269 0;0
317 NONE -5689;32269 0;0
318 NONE -5689;32269 0;0
319 NONE -5689;32269 0;0
320 KEY_ZR -5689;32269 0;0
321 KEY_Y -5689;32269 0;0
322 KEY_Y -5689;32269 0;0
323 KEY_Y -5689;32269 0;0
324 KEY_Y -5689;32269 0;0
325 KEY_Y -5689;32269 0;0
326 KEY_Y -5689;32269 0;0
327 KEY_Y -5689;32269 0;0
328 KEY_Y -5689;32269 0;0
329 KEY_Y -5689;32269 0;0
330 KEY_Y -5689;32269 0;0
331 KEY_Y -5689;32269 0;0
332 KEY_Y -5689;32269 0;0
333 KEY_Y -5689;32269 0;0
334 KEY_Y -5689;32269 0;0
335 KEY_Y -5689;32269 0;0
336 KEY_Y -5689;32269 0;0
337 KEY_Y -5689;32269 0;0
338 KEY_Y -5689;32269 0;0
339 KEY_Y -5689;32269 0;0
340 KEY_Y -5689;32269 0;0
341 KEY_Y -5689;32269 0;0
342 KEY_Y -5689;32269 0;0
343 KEY_Y -5689;32269 0;0
344 KEY_Y -5689;32269 0;0
345 KEY_Y -5689;32269 0;0
346 KEY_Y -28375;16382 0;0
347 KEY_Y -28375;16382 0;0
348 KEY_Y -28375;16382 0;0
349 KEY_Y -28375;16382 0;0
350 KEY_Y -28375;16382 0;0
351 KEY_Y -28375;16382 0;0
352 KEY_Y -28375;16382 0;0
353 KEY_Y -28375;16382 0;0
354 KEY_Y -28375;16382 0;0
355 KEY_Y -28375;16382 0;0
356 KEY_Y -28375;16382 0;0
357 KEY_Y -28375;16382 0;0
358 KEY_Y -28375;16382 0;0
359 KEY_Y -28375;16382 0;0
360 KEY_Y -28375;16382 0;0
361 KEY_Y -28375;16382 0;0
362 KEY_Y -28375;16382 0;0
363 KEY_Y -28375;16382 0;0
364 KEY_Y -28375;16382 0;0
365 KEY_Y -28375;16382 0;0
366 KEY_Y -28375;16382 0;0
367 KEY_Y -28375;16382 0;0
368 KEY_Y -28375;16382 0;0
369 KEY_Y;KEY_L -28375;16382 0;0
370 NONE -5688;32262 0;0
371 NONE -5688;32262 0;0
372 NONE -5688;32262 0;0
373 NONE -5688;32262 0;0
374 NONE -5688;32262 0;0
375 NONE -5688;32262 0;0
376 NONE -5688;32262 0;0
377 KEY_ZR -5688;32262 0;0
378 KEY_Y -5688;32262 0;0
379 NONE -5688;32262 0;0
380 NONE -5688;32262 0;0
381 NONE -5688;32262 0;0
382 NONE -5688;32262 0;0
383 NONE -5688;32262 0;0
384 NONE -5688;32262 0;0
385 NONE -5688;32262 0;0
386 NONE -5688;32262 0;0
387 NONE -5688;32262 0;0
388 NONE -5688;32262 0;0
389 NONE -5688;32262 0;0
390 NONE -5688;32262 0;0
391 NONE -5688;32262 0;0
392 NONE -5688;32262 0;0
393 KEY_A -25100;21061 0;0
394 KEY_A -25100;21061 0;0
395 KEY_A -25100;21061 0;0
396 KEY_A -25100;21061 0;0
397 KEY_A -25100;21061 0;0
398 KEY_A -25100;21061 0;0
399 KEY_A -25100;21061 0;0
400 KEY_A -25100;21061 0;0
401 KEY_A -25100;21061 0;0
402 NONE -25100;21061 0;0
403 NONE -25100;21061 0;0
404 NONE -25100;21061 0;0
405 NONE -25100;21061 0;-32767
406 NONE -25100;21061 0;-32767
407 NONE -25100;21061 0;-32767
408 NONE -25100;21061 0;-32767
409 NONE -25100;21061 0;-32767
410 NONE -25100;21061 0;-32767
411 NONE -25100;21061 0;-32767
412 NONE -25100;21061 0;-32767
413 NONE -25100;21061 0;-32767
414 NONE -25100;21061 0;-32767
415 NONE -25100;21061 0;-32767
416 NONE -25100;21061 0;-32767
417 NONE -25100;21061 0;-32767
418 NONE -25100;21061 0;-32767
419 NONE -25100;21061 0;-32767
420 NONE -25100;21061 0;-32767
421 NONE -25100;21061 0;-32767
422 NONE -25100;21061 0;-32767
423 NONE -25100;21061 0;-32767
424 NONE -25100;21061 0;-32767
425 NONE -25100;21061 0;-32767
426 NONE -25100;21061 0;-32767
427 NONE -25100;21061 0;-32767
428 NONE -25100;21061 0;-32767
429 NONE 0;0 0;0
430 NONE 0;0 0;0
431 KEY_ZR 0;0 0;0
432 KEY_A 0;0 0;0
433 NONE 0;0 0;0
434 NONE 0;0 0;0
435 NONE 0;0 0;0
436 NONE 0;0 0;0
437 NONE 0;0 0;0
438 NONE 0;0 0;0
439 NONE 0;0 0;0
440 NONE 0;0 0;0
441 NONE 0;0 0;0
442 NONE 0;0 0;0
443 NONE 0;0 0;0
444 NONE 0;0 0;0
445 NONE 0;0 0;0
446 NONE 0;0 0;0
447 NONE 0;0 0;0
448 NONE 0;0 0;0
449 NONE 0;0 0;0
450 NONE 0;0 0;0
451 NONE 0;0 0;0
452 NONE 0;0 0;0
453 NONE 0;0 0;0
454 NONE 0;0 0;0
455 NONE 0;0 0;0
456 NONE 0;0 0;0
457 NONE 0;0 0;0
458 NONE 0;0 0;0
459 NONE 0;0 0;0
460 NONE 0;0 0;0
461 NONE 0;0 0;0
462 NONE 0;0 0;0
463 KEY_L;KEY_DUP 0;0 0;0
464 NONE -32269;5689 0;0
465 NONE -32269;5689 0;0
466 NONE -32269;5689 0;0
467 NONE -32269;5689 0;0
468 NONE -32269;5689 0;0
469 NONE -32269;5689 0;0
470 NONE -32269;5689 0;0
471 KEY_ZR -32269;5689 0;0
472 KEY_Y -32269;5689 0;0
473 KEY_Y -32269;5689 0;0
474 KEY_Y -32269;5689 0;0
475 KEY_Y -32269;5689 0;0
476 KEY_Y -32269;5689 0;0
477 KEY_Y -32269;5689 0;0
478 KEY_Y -32269;5689 0;0
479 KEY_Y -32269;5689 0;0
480 NONE -32269;5689 0;0
481 NONE -32269;5689 0;0
482 NONE -32269;5689 0;0
483 NONE -32269;5689 0;0
484 NONE -32269;5689 0;0
485 NONE -32269;5689 0;0
486 NONE -32269;5689 0;0
487 NONE -32269;5689 0;0
488 NONE -32269;5689 0;0
489 NONE -32269;5689 0;0
490 NONE -32269;5689 0;0
491 NONE -32269;5689 0;0
492 NONE -32269;5689 0;0
493 NONE -32269;5689 0;0
494 NONE -32269;5689 0;0
495 NONE -32269;5689 0;0
496 NONE -32269;5689 0;0
497 KEY_A -32269;5689 0;0
498 NONE -32269;5689 0;0
499 NONE -32269;5689 0;0
500 NONE -32269;5689 0;0
501 NONE -32269;5689 0;0
502 NONE -32269;5689 0;0
503 NONE -32269;5689 0;0
504 NONE -32269;5689 0;0
505 NONE -32269;5689 0;0
506 NONE -32269;5689 0;0
507 NONE -32269;5689 0;0
508 NONE -32269;5689 0;0
509 NONE -32269;5689 0;0
510 NONE -32269;5689 0;0
511 KEY_L -28366;16377 0;0
512 NONE -28366;16377 0;0
513 NONE -28366;16377 0;0
514 NONE -28366;16377 0;0
515 NONE -28366;16377 0;0
516 NONE -28366;16377 0;0
517 NONE -28366;16377 0;0
518 NONE -28366;16377 0;0
519 KEY_ZR -28366;16377 0;0
520 KEY_Y -28366;16377 0;0
521 NONE 0;0 0;0
522 NONE 0;0 0;0
523 NONE 0;0 0;0
524 NONE 0;0 0;0
525 NONE 0;0 0;0
526 NONE 0;0 0;0
527 NONE 0;0 0;0
528 NONE 0;0 0;0
529 NONE 0;0 0;0
530 NONE 0;0 0;0
531 NONE 0;0 0;0
532 NONE 0;0 0;0
533 NONE 0;0 0;0
534 KEY_A 0;0 0;0
535 NONE 0;0 0;0
536 NONE 0;0 0;0
537 NONE 0;0 0;0
538 NONE 0;0 0;0
539 NONE 0;0 0;0
540 NONE 0;0 0;0
541 NONE 0;0 0;0
542 NONE 0;0 0;0
543 NONE 0;0 0;0
544 NONE 0;0 0;0
545 NONE 0;0 0;0
546 NONE 0;0 0;0
547 NONE 0;0 0;0
548 NONE 0;0 0;0
549 NONE 0;0 0;0
550 NONE 0;0 0;0
551 NONE 0;0 0;0
552 NONE 0;0 0;0
553 NONE 0;0 0;0
554 NONE 0;0 0;0
555 NONE 0;0 0;0
556 NONE 0;0 0;0
557 NONE 0;0 0;0
558 NONE 0;0 0;0
559 NONE 0;0 0;0
560 NONE 0;0 0;0
561 NONE 0;0 0;0
562 NONE 0;0 0;0
563 NONE 0;0 0;0
564 NONE 0;0 0;0
565 NONE 0;0 0;0
566 NONE 0;0 0;0
567 NONE 0;0 0;0
568 NONE 0;0 0;0
569 NONE 0;0 0;0
570 NONE 0;0 0;0
571 NONE 0;0 0;0
572 NONE 0;0 0;0
573 NONE 0;0 0;0
574 NONE 0;0 0;0
575 NONE 0;0 0;0
576 NONE 0;0 0;0
577 NONE 0;0 0;0
578 NONE 0;0 0;0
579 NONE 0;0 0;0
580 NONE 0;0 0;0
581 NONE 0;0 0;0
582 NONE 0;0 0;0
583 NONE 0;0 0;0
584 NONE 0;0 0;0
585 NONE 0;0 0;0
586 NONE 0;0 0;0
587 NONE 0;0 0;0
588 NONE 0;0 0;0
589 NONE 0;0 0;0
590 NONE 0;0 0;0
591 NONE 0;0 0;0
592 NONE 0;0 0;0
593 NONE 0;0 0;0
594 NONE 0;0 0;0
595 NONE 0;0 0;0
596 NONE 0;0 0;0
597 NONE 0;0 0;0
598 NONE 0;0 0;0
599 NONE 0;0 0;0
600 NONE 0;0 0;0
601 NONE 0;0 0;0
602 NONE 0;0 0;0
603 NONE 0;0 0;0
604 NONE 0;0 0;0
605 NONE 0;0 0;0
606 NONE 0;0 0;0
607 NONE 0;0 0;0
608 NONE 0;0 0;0
609 NONE 0;0 0;0
610 NONE 0;0 0;0
611 NONE 0;0 0;0
612 NONE 0;0 0;0
613 NONE 0;0 0;0
614 NONE 0;0 0;0
615 NONE 0;0 0;0
616 NONE 0;0 0;0
617 NONE 0;0 0;0
618 NONE 0;0 0;0
619 NONE 0;0 0;0
620 NONE 0;0 0;0
621 NONE 0;0 0;0
622 NONE 0;0 0;0
623 NONE 0;0 0;0
624 NONE 0;0 0;0
625 NONE 0;0 0;0
626 NONE 0;0 0;0
627 NONE 0;0 0;0
628 NONE 0;0 0;0
629 NONE 0;0 0;0
630 NONE 0;0 0;0
631 NONE 0;0 0;0
632 NONE 0;0 0;0
633 NONE 0;0 0;0
634 NONE 0;0 0;0
635 NONE 0;0 0;0
636 NONE 0;0 0;0
637 NONE 0;0 0;0
638 NONE 0;0 0;0
639 NONE 0;0 0;0
640 NONE 0;0 0;0
641 NONE 0;0 0;0
642 NONE 0;0 0;0
643 NONE 0;0 0;0
644 NONE 0;0 0;0
645 NONE 0;0 0;0
646 NONE 0;0 0;0
647 NONE 0;0 0;0
648 NONE 0;0 0;0
649 NONE 0;0 0;0
650 NONE 0;0 0;0
651 NONE 0;0 0;0
652 NONE 0;0 0;0
653 NONE 0;0 0;0
654 NONE 0;0 0;0
655 NONE 0;0 0;0
656 NONE 0;0 0;0
657 NONE 0;0 0;0
658 NONE 0;0 0;0
659 NONE 0;0 0;0
660 NONE 0;0 0;0
661 NONE 0;0 0;0
662 NONE 0;0 0;0
663 NONE 0;0 0;0
664 NONE 0;0 0;0
665 NONE 0;0 0;0
666 NONE 0;0 0;0
667 NONE 0;0 0;0
668 NONE 0;0 0;0
669 NONE 0;0 0;0
670 NONE 0;0 0;0
671 NONE 0;0 0;0
672 NONE 0;0 0;0
673 NONE 0;0 0;0
674 NONE 0;0 0;0
675 NONE 0;0 0;0
676 NONE 0;0 0;0
677 NONE 0;0 0;0
678 NONE 0;0 0;0
679 NONE 0;0 0;0
680 NONE 0;0 0;0
681 NONE 0;0 0;0
682 NONE 0;0 0;0
683 NONE 0;0 0;0
684 NONE 0;0 0;0
685 NONE 0;0 0;0
686 NONE 0;0 0;0
687 NONE 0;0 0;0
688 NONE 0;0 0;0
689 NONE 0;0 0;0
690 NONE 0;0 0;0
691 NONE 0;0 0;0
692 NONE 0;0 0;0
693 NONE 0;0 0;0
694 NONE 0;0 0;0
695 NONE 0;0 0;0
696 NONE 0;0 0;0
697 NONE 0;0 0;0
698 NONE 0;0 0;0
699 NONE 0;0 0;0
700 NONE 32767;0 0;0
701 NONE -16383;28376 0;0
702 NONE -16383;-28377 0;0
703 NONE 32767;0 0;0
704 NONE -16383;28376 0;0
705 NONE -16383;-28377 0;0
706 NONE 32767;0 0;0
707 NONE -16383;28376 0;0
708 NONE -16383;-28377 0;0
709 NONE 32767;0 0;0
710 NONE -16383;28376 0;0
711 NONE -16383;-28377 0;0
712 NONE 32767;0 0;0
713 NONE -16383;28376 0;0
714 NONE -16383;-28377 0;0
715 NONE 32767;0 0;0
716 NONE -16383;28376 0;0
717 NONE -16383;-28377 0;0
718 NONE 32767;0 0;0
719 NONE -16383;28376 0;0
720 NONE -16383;-28377 0;0
721 NONE 32767;0 0;0
722 NONE -16383;28376 0;0
723 NONE -16383;-28377 0;0
724 NONE 5689;32268 0;0
725 NONE 5689;32268 0;0
726 NONE 5689;32268 0;0
727 NONE 5689;32268 0;0
728 NONE 5689;32268 0;0
729 NONE 5689;32268 0;0
730 NONE 5689;32268 0;0
731 NONE 5689;32268 0;0
732 NONE 5689;32268 0;0
733 NONE 5689;32268 0;0
734 NONE 5689;32268 0;0
735 NONE 5689;32268 0;0
736 NONE 5689;32268 0;0
737 NONE 5689;32268 0;0
738 NONE 5689;32268 0;0
739 NONE 5689;32268 0;0
740 NONE 5689;32268 0;0
741 NONE 5689;32268 0;0
742 NONE 5689;32268 0;0
743 NONE 5689;32268 0;0
744 NONE 5689;32268 0;0
745 NONE 5689;32268 0;0
746 NONE 5689;32268 0;0
747 NONE 5689;32268 0;0
748 NONE 5689;32268 0;0
749 NONE 5689;32268 0;0
750 NONE 5689;32268 0;0
751 NONE 5689;32268 0;0
752 NONE 5689;32268 0;0
753 NONE 5689;32268 0;0
754 NONE 12802;30161 0;0
755 NONE 12802;30161 0;0
756 NONE 12802;30161 0;0
757 NONE 12802;30161 0;0
758 NONE 12802;30161 0;0
759 NONE 12802;30161 0;0
760 NONE 12802;30161 0;0
761 NONE 12802;30161 0;0
762 NONE 12802;30161 0;0
763 NONE 12802;30161 0;0
764 NONE 12802;30161 0;0
765 NONE 12802;30161 0;0
766 KEY_A 12802;30161 0;0
767 KEY_ZR 12802;30161 0;0
768 KEY_ZR 12802;30161 0;0
769 KEY_ZR 12802;30161 0;0
770 KEY_ZR 12802;30161 0;0
771 KEY_ZR 12802;30161 0;0
772 KEY_ZR 12802;30161 0;0
773 KEY_ZR 12802;30161 0;0
774 KEY_Y;KEY_ZR 12802;30161 0;0
775 KEY_ZR 12802;30161 0;0
776 KEY_ZR 12802;30161 0;0
777 KEY_ZR 12802;30161 0;0
778 KEY_ZR 12802;30161 0;0
779 KEY_ZR 12802;30161 0;0
780 KEY_ZR 12802;30161 0;0
781 KEY_ZR 12802;30161 0;0
782 KEY_ZR 12802;30161 0;0
783 KEY_ZR 12802;30161 0;0
784 KEY_ZR 12802;30161 0;0
785 KEY_ZR 12802;30161 0;0
786 KEY_ZR 12802;30161 0;0
787 KEY_ZR 12802;30161 0;0
788 KEY_ZR 12802;30161 0;0
789 KEY_ZR 12802;30161 0;0
790 KEY_ZR 12802;30161 0;0
791 KEY_ZR 12802;30161 0;0
792 KEY_ZR 12802;30161 0;0
793 KEY_ZR 12802;30161 0;0
794 KEY_ZR 12802;30161 0;0
795 KEY_A;KEY_ZR;KEY_L 12802;30161 0;0
796 NONE -28372;16380 0;0
797 NONE 5686;32267 0;0
798 NONE 4669;32429 0;0
799 NONE 3648;32560 0;0
800 NONE 2624;32658 0;0
801 NONE 1597;32724 0;0
802 NONE 568;32758 0;0
803 KEY_A -460;32760 0;0
804 KEY_A -1489;32729 0;0
805 KEY_A -2516;32666 0;0
806 NONE -3540;32571 0;0
807 NONE -4562;32444 0;0
808 NONE -5578;32285 0;0
809 NONE -6590;32093 0;0
810 NONE -7594;31871 0;0
811 NONE -8592;31616 0;0
812 NONE -9580;31331 0;0
813 NONE -10560;31014 0;0
814 NONE -11529;30667 0;0
815 NONE -12486;30290 0;0
816 NONE -13431;29883 0;0
817 NONE -14363;29446 0;0
818 KEY_L;KEY_DRIGHT -15281;28980 0;0
819 NONE -16184;28486 0;0
820 NONE -17070;27964 0;0
821 NONE -17940;27414 0;0
822 NONE -18792;26837 0;0
823 NONE -19626;26233 0;0
824 NONE -20440;25604 0;0
825 NONE -21234;24949 0;0
826 NONE -22007;24270 0;0
827 NONE -22759;23567 0;0
828 NONE -23487;22840 0;0
829 NONE -24193;22091 0;0
830 NONE -24875;21320 0;0
831 NONE -25532;20529 0;0
832 KEY_A -26165;19717 0;0
833 KEY_A -26165;19717 0;0
834 KEY_A -26165;19717 0;0
835 KEY_A -26165;19717 0;0
836 KEY_A -26165;19717 0;0
837 KEY_A -26165;19717 0;0
838 KEY_A -26165;19717 0;0
839 NONE -26165;19717 0;0
840 NONE -5689;32269 0;0
841 NONE -5689;32269 0;0
842 NONE -5689;32269 0;0
843 NONE -5689;32269 0;0
844 NONE -5689;32269 0;0
845 NONE -5689;32269 0;0
846 NONE -5689;32269 0;0
847 NONE -5689;32269 0;0
848 NONE -5689;32269 0;0
849 NONE -5689;32269 0;0
850 NONE -5689;32269 0;0
851 NONE -5689;32269 0;0
852 NONE -5689;32269 0;0
853 NONE -5689;32269 0;0
854 NONE -5689;32269 0;0
855 NONE -5689;32269 0;0
856 NONE -5689;32269 0;0
857 NONE -5689;32269 0;0
858 NONE -5689;32269 0;0
859 NONE -5689;32269 0;0
860 NONE -5689;32269 0;0
861 NONE -5689;32269 0;0
862 NONE -5689;32269 0;0
863 NONE -5689;32269 0;0
864 NONE -5689;32269 0;0
865 NONE -5689;32269 0;0
866 NONE -5689;32269 0;0
867 NONE -5689;32269 0;0
868 NONE -5689;32269 0;0
869 NONE -5689;32269 0;0
870 NONE -5689;32269 0;0
871 NONE -5689;32269 0;0
872 NONE -5689;32269 0;0
873 NONE -5689;32269 0;0
874 NONE -5689;32269 0;0
875 NONE -5689;32269 0;0
876 NONE -5689;32269 0;0
877 NONE -5689;32269 0;0
878 NONE -5689;32269 0;0
879 NONE -5689;32269 0;0
880 NONE -5689;32269 0;0
881 NONE -5689;32269 0;0
882 NONE -5689;32269 0;0
883 NONE -5689;32269 0;0
884 NONE -5689;32269 0;0
885 NONE -5689;32269 0;0
886 NONE -5689;32269 0;0
887 NONE -5689;32269 0;0
888 NONE -5689;32269 0;0
889 NONE -5689;32269 0;0
890 NONE -5689;32269 0;0
891 NONE -5689;32269 0;0
892 NONE -5689;32269 0;0
893 NONE -5689;32269 0;0
894 NONE -5689;32269 0;0
895 NONE -5689;32269 0;0
896 NONE -5689;32269 0;0
897 NONE -5689;32269 0;0
898 NONE -5689;32269 0;0
899 NONE -5689;32269 0;0
900 NONE -5689;32269 0;0
901 NONE -5689;32269 0;0
902 NONE -5689;32269 0;0
903 NONE 8479;31644 0;0
904 NONE 8479;31644 0;0
905 NONE 8479;31644 0;0
906 NONE 8479;31644 0;0
907 NONE 8479;31644 0;0
908 NONE 8479;31644 0;0
909 NONE 8479;31644 0;0
910 KEY_ZR 8479;31644 0;0
911 KEY_Y;KEY_ZR 8479;31644 0;0
912 KEY_ZR 8479;31644 0;0
913 KEY_ZR 8479;31644 0;0
914 KEY_ZR 8479;31644 0;0
915 KEY_ZR 8479;31644 0;0
916 KEY_ZR 8479;31644 0;0
917 KEY_ZR 8479;31644 0;0
918 KEY_ZR 8479;31644 0;0
919 KEY_ZR 8479;31644 0;0
920 KEY_ZR 8479;31644 0;0
921 KEY_ZR 8479;31644 0;0
922 KEY_ZR 8479;31644 0;0
923 KEY_ZR 8479;31644 0;0
924 KEY_ZR 8479;31644 0;0
925 KEY_ZR 8479;31644 0;0
926 KEY_ZR 8479;31644 0;0
927 KEY_ZR 8479;31644 0;0
928 KEY_ZR;KEY_L 8479;31644 0;0
929 KEY_ZR 8479;31644 0;0
930 KEY_ZR 8479;31644 0;0
931 KEY_ZR 8479;31644 0;0
932 KEY_ZR 8479;31644 0;0
933 KEY_ZR 8479;31644 0;0
934 KEY_ZR 8479;31644 0;0
935 KEY_ZR 8479;31644 0;0
936 KEY_ZR 8479;31644 0;0
937 KEY_ZR 8479;31644 0;0
938 KEY_ZR 8479;31644 0;0
939 KEY_ZR 8479;31644 0;0
940 KEY_ZR 8479;31644 0;0
941 KEY_ZR 8479;31644 0;0
942 KEY_ZR 8479;31644 0;0
943 KEY_ZR 8479;31644 0;0
944 KEY_ZR 8479;31644 0;0
945 KEY_ZR 8479;31644 0;0
946 KEY_ZR 8479;31644 0;0
947 KEY_ZR;KEY_L 8479;31644 0;0
948 KEY_ZR 8479;31644 0;0
949 KEY_ZR 8479;31644 0;0
950 KEY_ZR 8479;31644 0;0
951 KEY_ZR 8479;31644 0;0
952 KEY_ZR 8479;31644 0;0
953 KEY_ZR 8479;31644 0;0
954 KEY_ZR 8479;31644 0;0
955 KEY_ZR 8479;31644 0;0
956 KEY_ZR 8479;31644 0;0
957 KEY_ZR 8479;31644 0;0
958 KEY_ZR 8479;31644 0;0
959 KEY_ZR 8479;31644 0;0
960 KEY_ZR 8479;31644 0;0
961 KEY_ZR 8479;31644 0;0
962 KEY_ZR 8479;31644 0;0
963 KEY_ZR 8479;31644 0;0
964 KEY_ZR 8479;31644 0;0
965 KEY_ZR 8480;31650 0;0
966 KEY_ZR;KEY_L 8480;31650 0;0
967 NONE 8480;31650 0;0
968 NONE 8480;31650 0;0
969 NONE 8480;31650 0;0
970 NONE 8480;31650 0;0
971 NONE 8480;31650 0;0
972 NONE 8480;31650 0;0
973 NONE 8480;31650 0;0
974 NONE 8480;31650 0;0
975 NONE 8480;31650 0;0
976 NONE 8480;31650 0;0
977 NONE 8480;31650 0;0
978 NONE 8480;31650 0;0
979 NONE 8480;31650 0;0
980 NONE 8480;31650 0;0
981 NONE 8480;31650 0;0
982 NONE 8480;31650 0;0
983 KEY_A;KEY_DRIGHT 8480;31650 0;0
984 NONE 32763;0 0;0
985 NONE -28367;16377 0;0
986 NONE -28367;16377 0;0
987 NONE -28367;16377 0;0
988 NONE -28367;16377 0;0
989 NONE -28367;16377 0;0
990 NONE -28367;16377 0;0
991 KEY_A -28367;16377 0;0
992 KEY_A -28367;16377 0;0
993 KEY_A -28367;16377 0;0
994 KEY_A -28367;16377 0;0
995 KEY_A -28367;16377 0;0
996 KEY_A -28367;16377 0;0
997 NONE -28367;16377 0;0
998 NONE -28367;16377 0;0
999 NONE -28367;16377 0;0
1000 NONE -28367;16377 0;0
1001 NONE -28367;16377 0;0
1002 NONE -28367;16377 0;0
1003 NONE -28367;16377 0;0
1004 NONE -28367;16377 0;0
1005 NONE -28367;16377 0;0
1006 NONE -28367;16377 0;0
1007 NONE -28367;16377 0;0
1008 NONE -28367;16377 0;0
1009 NONE -28367;16377 0;0
1010 NONE -28367;16377 0;0
1011 NONE -28367;16377 0;0
1012 NONE -28367;16377 0;0
1013 NONE -28367;16377 0;0
1014 NONE -28367;16377 0;0
1015 KEY_A -28367;16377 0;0
1016 KEY_A -17360;27783 0;0
1017 KEY_A -17360;27783 0;0
1018 KEY_A -17360;27783 0;0
1019 KEY_A -17360;27783 0;0
1020 KEY_A -17360;27783 0;0
1021 KEY_A -17360;27783 0;0
1022 KEY_A -17360;27783 0;0
1023 KEY_A -17360;27783 0;0
1024 KEY_A -17360;27783 0;0
1025 NONE -17360;27783 0;0
1026 NONE -17360;27783 0;0
1027 NONE -17360;27783 0;0
1028 NONE -17360;27783 0;0
1029 NONE -17360;27783 0;0
1030 NONE -17360;27783 0;0
1031 NONE -17360;27783 0;0
1032 NONE -17360;27783 0;0
1033 NONE -17360;27783 0;0
1034 NONE -17360;27783 0;0
1035 NONE -17360;27783 0;0
1036 NONE -17360;27783 0;0
1037 NONE -17360;27783 0;0
1038 NONE -17360;27783 0;0
1039 NONE -17360;27783 0;0
1040 NONE -17360;27783 0;0
1041 NONE -17360;27783 0;0
1042 NONE -17360;27783 0;0
1043 NONE -17360;27783 0;0
1044 NONE -17360;27783 0;0
1045 NONE -17360;27783 0;0
1046 NONE -17360;27783 0;0
1047 NONE -17360;27783 0;0
1048 NONE -17360;27783 0;0
1049 NONE -17360;27783 0;0
1050 NONE -17360;27783 0;0
1051 NONE -17360;27783 0;0
1052 NONE -17360;27783 0;0
1053 NONE -17360;27783 0;0
1054 NONE -17360;27783 0;0
1055 NONE -17360;27783 0;0
1056 NONE -17360;27783 0;0
1057 NONE -17360;27783 0;0
1058 NONE -17360;27783 0;0
1059 NONE -17360;27783 0;0
1060 NONE -17360;27783 0;0
1061 NONE -17360;27783 0;0
1062 NONE -17360;27783 0;0
1063 NONE -17360;27783 0;0
1064 NONE -17360;27783 0;0
1065 NONE -17360;27783 0;0
1066 NONE -17360;27783 0;0
1067 NONE -17360;27783 0;0
1068 NONE -17360;27783 0;0
1069 NONE -17360;27783 0;0
1070 NONE -17360;27783 0;0
1071 NONE 0;32760 0;0
1072 NONE 0;32760 0;0
1073 NONE 0;32760 0;0
1074 NONE 0;32760 0;0
1075 NONE 0;32760 0;0
1076 NONE 0;32760 0;0
1077 NONE 0;32760 0;0
1078 NONE 0;32760 0;0
1079 NONE 0;32760 0;0
1080 NONE 0;32760 0;0
1081 KEY_A 0;32760 0;0
1082 KEY_A 0;32760 0;0
1083 KEY_A 0;32760 0;0
1084 KEY_A 0;32760 0;0
1085 KEY_A 0;32760 0;0
1086 KEY_A 0;32760 0;0
1087 KEY_A 0;32760 0;0
1088 NONE 0;32760 0;0
1089 NONE 0;32760 0;0
1090 NONE 0;32760 0;0
1091 NONE 0;32760 0;0
1092 NONE 0;32760 0;0
1093 NONE 0;32760 0;0
1094 NONE 0;32760 0;0
1095 NONE 0;32760 0;0
1096 NONE 0;32760 0;0
1097 NONE 0;32760 0;0
1098 NONE 0;32760 0;0
1099 NONE 0;32760 0;0
1100 NONE 0;32760 0;0
1101 NONE 0;32760 0;0
1102 NONE 0;32760 0;0
1103 NONE 0;32760 0;0
1104 NONE 0;32760 0;0
1105 NONE 0;32760 0;0
1106 NONE 0;32760 0;0
1107 NONE 0;32760 0;0
1108 NONE 0;32760 0;0
1109 NONE 0;32760 0;0
1110 NONE 0;32760 0;0
1111 NONE 0;32760 0;0
1112 NONE 0;32760 0;0
1113 NONE 0;32760 0;0
1114 NONE 0;32760 0;0
1115 NONE 0;32760 0;0
1116 NONE 0;32760 0;0
1117 NONE 0;32760 0;0
1118 NONE 0;32760 0;0
1119 NONE 0;32760 0;0
1120 NONE 0;32760 0;0
1121 NONE 0;32760 0;0
1122 NONE 0;32760 0;0
1123 NONE 0;32760 0;0
1124 NONE 0;32760 0;0
1125 NONE 0;32760 0;0
1126 NONE 0;32760 0;0
1127 KEY_ZR 0;32760 0;0
1128 KEY_Y;KEY_ZR 0;32760 0;0
1129 KEY_ZR 0;32760 0;0
1130 KEY_ZR 0;32760 0;0
1131 KEY_ZR 0;32760 0;0
1132 KEY_ZR 0;32760 0;0
1133 KEY_ZR 0;32760 0;0
1134 KEY_ZR 0;32760 0;0
1135 KEY_ZR 0;32760 0;0
1136 KEY_ZR 0;32760 0;0
1137 KEY_ZR 0;32760 0;0
1138 KEY_ZR 0;32760 0;0
1139 KEY_ZR 0;32760 0;0
1140 KEY_ZR 0;32760 0;0
1141 KEY_ZR 0;32760 0;0
1142 KEY_ZR 0;32760 0;0
1143 KEY_ZR 0;32760 0;0
1144 KEY_ZR 0;32760 0;0
1145 KEY_ZR 0;32760 0;0
1146 KEY_ZR 0;32760 0;0
1147 KEY_ZR 0;32760 0;0
1148 KEY_ZR 0;32760 0;0
1149 KEY_ZR 0;32760 0;0
1150 KEY_ZR 0;32760 0;0
1151 KEY_ZR 0;32760 0;0
1152 KEY_ZR 0;32760 0;0
1153 KEY_ZR 0;32760 0;0
1154 KEY_ZR 0;32760 0;0
1155 KEY_ZR 0;32760 0;0
1156 KEY_ZR 0;32760 0;0
1157 KEY_ZR 0;32760 0;0
1158 KEY_ZR 0;32760 0;0
1159 KEY_ZR 0;32760 0;0
1160 KEY_ZR 0;32760 0;0
1161 KEY_ZR 0;32760 0;0
1162 KEY_ZR 0;32760 0;0
1163 KEY_ZR 0;32760 0;0
1164 KEY_ZR 0;32760 0;0
1165 KEY_ZR 0;32760 0;0
1166 KEY_ZR 0;32760 0;0
1167 KEY_ZR 0;32760 0;0
1168 KEY_ZR 0;32760 0;0
1169 KEY_ZR 0;32760 0;0
1170 KEY_ZR 0;32760 0;0
1171 KEY_ZR 0;32760 0;0
1172 KEY_ZR 0;32760 0;0
1173 KEY_ZR 0;32760 0;0
1174 KEY_ZR 0;32760 0;0
1175 KEY_ZR 0;32760 0;0
1176 KEY_ZR 0;32760 0;0
1177 KEY_ZR 0;32760 0;0
1178 KEY_ZR 0;32760 0;0
1179 KEY_ZR 0;32760 0;0
1180 KEY_ZR 0;32760 0;0
1181 KEY_ZR 0;32760 0;0
1182 KEY_ZR 0;32760 0;0
1183 KEY_ZR 0;32760 0;0
1184 KEY_ZR 0;32760 0;0
1185 NONE 0;32767 0;0
1186 NONE 0;32767 0;0
1187 NONE 0;32767 0;0
1188 NONE 0;32767 0;0
1189 NONE 0;32767 0;0
1190 NONE 0;32767 0;0
1191 KEY_A 0;32767 0;0
1192 KEY_A 0;32767 0;0
1193 KEY_A 0;32767 0;0
1194 KEY_A 0;32767 0;0
1195 KEY_A 0;32767 0;0
1196 KEY_A 0;32767 0;0
1197 KEY_A 0;32767 0;0
1198 KEY_A 0;32767 0;0
1199 KEY_A 0;32767 0;0
1200 KEY_A 0;32767 0;0
1201 KEY_A 0;32767 0;0
1202 KEY_A 0;32767 0;0
1203 KEY_A 0;32767 0;0
1204 KEY_A 0;32767 0;0
1205 KEY_A 0;32767 0;0
1206 KEY_A 0;32767 0;0
1207 KEY_A 0;32767 0;0
1208 KEY_A 0;32767 0;0
1209 KEY_A 0;32767 0;0
1210 KEY_A 0;32767 0;0
1211 KEY_A 0;32767 0;0
1212 KEY_A 0;32767 0;0
1213 KEY_A 0;32767 0;0
1214 KEY_A 0;32767 0;0
1215 KEY_A 0;32767 0;0
1216 KEY_A 0;32767 0;0
1217 KEY_A 0;32767 0;0
1218 KEY_A;KEY_L 0;32767 0;0
1219 NONE 0;32767 0;0
1220 NONE 0;32767 0;0
1221 NONE 0;32767 0;0
1222 NONE 0;32767 0;0
1223 NONE 0;32767 0;0
1224 NONE 0;32767 0;0
1225 NONE 0;32767 0;0
1226 KEY_ZR 0;32767 0;0
1227 KEY_Y 0;32767 0;0
1228 KEY_Y 0;32767 0;0
1229 KEY_Y 0;32767 0;0
1230 KEY_Y 0;32767 0;0
1231 KEY_Y 0;32767 0;0
1232 KEY_Y 0;32767 0;0
1233 KEY_Y 0;32767 0;0
1234 KEY_Y 0;32767 0;0
1235 KEY_Y 0;32767 0;0
1236 KEY_Y 0;32767 0;0
1237 KEY_Y 0;32767 0;0
1238 KEY_Y 0;32767 0;0
1239 KEY_Y 0;32767 0;0
1240 KEY_Y 0;32767 0;0
1241 KEY_Y 0;32767 0;0
1242 KEY_Y 0;32767 0;0
1243 KEY_Y 0;32767 0;0
1244 KEY_Y 0;32767 0;0
1245 KEY_Y 0;32767 0;0
1246 KEY_Y 0;32767 0;0
1247 KEY_Y 0;32767 0;0
1248 KEY_Y 0;32767 0;0
1249 KEY_Y 0;32767 0;0
1250 KEY_Y 0;32767 0;0
1251 KEY_Y 0;32767 0;0
1252 KEY_Y 0;32767 0;0
1253 KEY_Y 0;32767 0;0
1254 KEY_Y 0;32767 0;0
1255 KEY_Y 0;32767 0;0
1256 NONE 0;32767 0;0
1257 NONE 0;32767 0;0
1258 NONE 0;32767 0;0
1259 NONE 0;32767 0;0
1260 NONE 0;32767 0;0
1261 NONE 0;32767 0;0
1262 NONE 0;32767 0;0
1263 NONE 0;32767 0;0
1264 KEY_ZR 0;32767 0;0
1265 KEY_Y;KEY_ZR 0;32767 0;0
1266 KEY_ZR 0;0 0;0
1267 KEY_ZR 0;0 0;0
1268 KEY_ZR 0;0 0;0
1269 KEY_ZR 0;0 0;0
1270 KEY_ZR 0;0 0;0
1271 KEY_ZR 0;0 0;0
1272 KEY_ZR 0;0 0;0
1273 KEY_ZR 0;0 0;0
1274 KEY_ZR 0;0 0;0
1275 KEY_ZR 0;0 0;0
1276 KEY_ZR 0;0 0;0
1277 KEY_ZR 0;0 0;0
1278 KEY_ZR 0;0 0;0
1279 KEY_ZR 0;0 0;0
1280 KEY_ZR 0;0 0;0
1281 KEY_ZR 0;0 0;0
1282 KEY_ZR 0;0 0;0
1283 KEY_ZR 0;0 0;0
1284 KEY_Y;KEY_ZR 0;0 0;0
1285 KEY_ZR 0;0 0;0
1286 KEY_ZR 0;0 0;0
1287 KEY_ZR 0;0 0;0
1288 KEY_ZR 0;0 0;0
1289 KEY_ZR 0;0 0;0
1290 KEY_ZR 0;0 0;0
1291 KEY_ZR 0;0 0;0
1292 KEY_ZR 0;0 0;0
1293 KEY_ZR 0;0 0;0
1294 KEY_ZR 0;0 0;0
1295 KEY_ZR 0;0 0;0
1296 KEY_ZR 0;0 0;0
1297 KEY_ZR 0;0 0;0
1298 KEY_ZR 0;0 0;0
1299 KEY_ZR 0;0 0;0
1300 KEY_ZR 0;0 0;0
1301 KEY_ZR 0;0 0;0
1302 KEY_ZR 0;0 0;0
1303 KEY_ZR 0;0 0;0
1304 KEY_ZR 0;0 0;0
1305 KEY_ZR 0;0 0;0
1306 KEY_ZR 0;0 0;0
1307 KEY_ZR 0;0 0;0
1308 KEY_ZR 0;0 0;0
1309 KEY_ZR 0;0 0;0
1310 KEY_ZR 0;0 0;0
1311 KEY_ZR 0;0 0;0
1312 KEY_ZR 0;0 0;0
1313 KEY_ZR 0;0 0;0
1314 KEY_ZR 0;0 0;0
1315 KEY_ZR 0;0 0;0
1316 KEY_ZR 0;0 0;0
1317 KEY_ZR 0;0 0;0
1318 KEY_A;KEY_ZR 0;0 0;0
1319 KEY_A;KEY_ZR 0;0 0;0
1320 KEY_A;KEY_ZR 0;0 0;0
1321 KEY_A;KEY_ZR 0;0 0;0
1322 KEY_A;KEY_ZR 0;0 0;0
1323 KEY_A;KEY_ZR 0;0 0;0
1324 KEY_A;KEY_ZR 0;0 0;0
1325 KEY_A;KEY_ZR 0;0 0;0
1326 NONE 0;0 0;0
1327 NONE 0;0 0;0
1328 NONE 0;0 0;0
1329 NONE 0;0 0;0
1330 NONE 0;0 0;0
1331 NONE 0;0 0;0
1332 NONE 0;0 0;0
1333 NONE 0;0 0;0
1334 NONE 0;0 0;0
1335 NONE 0;0 0;0
1336 NONE 0;0 0;0
1337 NONE 0;0 0;0
1338 NONE 0;0 0;0
1339 NONE 0;0 0;0
1340 NONE 0;0 0;0
1341 NONE 0;0 0;0
1342 NONE 0;0 0;0
1343 NONE 0;0 0;0
1344 NONE 0;0 0;0
1345 NONE 0;0 0;0
1346 NONE 0;0 0;0
1347 NONE 0;0 0;0
1348 NONE 0;0 0;0
1349 NONE 0;0 0;0
1350 NONE 0;0 0;0
1351 NONE 0;0 0;0
1352 NONE 0;0 0;0
1353 NONE 0;0 0;0
1354 NONE 0;0 0;0
1355 NONE 0;0 0;0
1356 NONE 0;0 0;0
1357 NONE 0;0 0;0
1358 NONE 0;0 0;0
1359 NONE 0;0 0;0
1360 NONE 0;0 0;0
1361 NONE 0;0 0;0
1362 NONE 0;0 0;0
1363 NONE 0;0 0;0
1364 NONE 0;0 0;0
1365 NONE 0;0 0;0
1366 NONE 0;0 0;0
1367 NONE 0;0 0;0
1368 NONE 0;0 0;0
1369 NONE 0;0 0;0
1370 NONE 0;0 0;0
1371 NONE 0;0 0;0
1372 NONE 0;0 0;0
1373 NONE 0;0 0;0
1374 NONE 0;0 0;0
1375 NONE 0;0 0;0
1376 NONE 0;0 0;0
1377 NONE 0;0 0;0
1378 NONE 0;0 0;0
1379 NONE 0;0 0;0
1380 NONE 0;0 0;0
1381 NONE 0;0 0;0
1382 NONE 0;0 0;0
1383 NONE 0;0 0;0
1384 NONE 0;0 0;0
1385 NONE 0;0 0;0
1386 NONE 0;0 0;0
1387 NONE 0;0 0;0
1388 NONE 0;0 0;0
1389 NONE 0;0 0;0
1390 NONE 0;0 0;0
1391 NONE 0;0 0;0
1392 NONE 0;0 0;0
1393 NONE 0;0 0;0
1394 NONE 0;0 0;0
1395 NONE 0;0 0;0
1396 NONE 0;0 0;0
1397 NONE 0;0 0;0
1398 NONE 0;0 0;0
1399 NONE 0;0 0;0
1400 NONE 0;0 0;0
1401 NONE 0;0 0;0
1402 NONE 0;0 0;0
1403 NONE 0;0 0;0
1404 NONE 0;0 0;0
1405 NONE 0;0 0;0
1406 NONE 0;0 0;0
1407 NONE 0;0 0;0
1408 NONE 0;0 0;0
1409 NONE 0;0 0;0
1410 NONE 0;0 0;0
1411 NONE 0;0 0;0
1412 NONE 0;0 0;0
1413 NONE 0;0 0;0
1414 NONE 0;0 0;0
1415 NONE 0;0 0;0
1416 NONE 0;0 0;0
1417 NONE 0;0 0;0
1418 NONE 0;0 0;0
1419 NONE 0;0 0;0
1420 NONE 0;0 0;0
1421 NONE 0;0 0;0
1422 NONE 0;0 0;0
1423 NONE 0;0 0;0
1424 NONE 0;0 0;0
1425 NONE 0;0 0;0
1426 NONE 0;0 0;0
1427 NONE 0;0 0;0
1428 NONE 0;0 0;0
1429 NONE 0;0 0;0
1430 NONE 0;0 0;0
1431 NONE 0;0 0;0
1432 NONE 0;0 0;0
1433 NONE 0;0 0;0
1434 NONE 0;0 0;0
1435 NONE 0;0 0;0
1436 NONE 0;0 0;0
1437 NONE 0;0 0;0
1438 NONE 0;0 0;0
1439 NONE 0;0 0;0
1440 NONE 0;0 0;0
1441 NONE 0;0 0;0
1442 NONE 0;0 0;0
1443 NONE 0;0 0;0
1444 NONE 0;0 0;0
1445 NONE 0;0 0;0
1446 NONE 0;0 0;0
1447 NONE 0;0 0;0
1448 NONE 0;0 0;0
1449 NONE 0;0 0;0
1450 NONE 0;0 0;0
1451 NONE 0;0 0;0
1452 NONE 0;0 0;0
1453 NONE 0;0 0;0
1454 NONE 0;0 0;0
1455 NONE 0;0 0;0
1456 NONE 0;0 0;0
1457 NONE 0;0 0;0
1458 NONE 0;0 0;0
1459 NONE 0;0 0;0
1460 NONE 0;0 0;0
1461 NONE 0;0 0;0
1462 NONE 0;0 0;0
1463 NONE 0;0 0;0
1464 NONE 0;0 0;0
1465 NONE 0;0 0;0
1466 NONE 0;0 0;0
1467 NONE 0;0 0;0
1468 NONE 0;0 0;0
1469 NONE 0;0 0;0
1470 NONE 0;0 0;0
1471 NONE 0;0 0;0
1472 NONE 0;0 0;0
1473 NONE 0;0 0;0
1474 NONE 0;0 0;0
1475 NONE 0;0 0;0
1476 NONE 0;0 0;0
1477 NONE 0;0 0;0
1478 NONE 0;0 0;0
1479 NONE 0;0 0;0
1480 NONE 0;0 0;0
1481 NONE 0;0 0;0
1482 NONE 0;0 0;0
1483 NONE 0;0 0;0
1484 NONE 0;0 0;0
1485 NONE 0;0 0;0
1486 NONE 0;0 0;0
1487 NONE 0;0 0;0
1488 NONE 0;0 0;0
1489 NONE 0;0 0;0
1490 NONE 0;0 0;0
1491 NONE 0;0 0;0
1492 NONE 0;0 0;0
1493 NONE 0;0 0;0
1494 NONE 0;0 0;0
1495 NONE 0;0 0;0
1496 NONE 0;0 0;0
1497 NONE 0;0 0;0
1498 NONE 0;0 0;0
1499 NONE 0;0 0;0
1500 NONE 0;0 0;0
1501 NONE 0;0 0;0
1502 NONE 0;0 0;0
1503 NONE 0;0 0;0
1504 NONE 0;0 0;0
1505 NONE 0;0 0;0
1506 NONE 0;0 0;0
1507 NONE 0;0 0;0
1508 NONE 0;0 0;0
1509 NONE 0;0 0;0
1510 NONE 0;0 0;0
1511 NONE 0;0 0;0
1512 NONE 0;0 0;0
1513 NONE 0;0 0;0
1514 NONE 0;0 0;0
1515 NONE 0;0 0;0
1516 NONE 0;0 0;0
1517 NONE 0;0 0;0
1518 NONE 0;0 0;0
1519 NONE 0;0 0;0
1520 NONE 0;0 0;0
1521 NONE 0;0 0;0
1522 NONE 0;0 0;0
1523 NONE 0;0 0;0
1524 NONE 0;0 0;0
1525 NONE 0;0 0;0
1526 NONE 0;0 0;0
1527 NONE 0;0 0;0
1528 NONE 0;0 0;0
1529 NONE 0;0 0;0
1530 NONE 0;0 0;0
1531 NONE 0;0 0;0
1532 NONE 0;0 0;0
1533 NONE 0;0 0;0
1534 NONE -571;32761 0;0
1535 NONE -571;32761 0;0
1536 KEY_DDOWN -571;32761 0;0
1537 NONE -571;32761 0;0
1538 NONE -571;32761 0;0
1539 NONE -571;32761 0;0
1540 NONE -571;32761 0;0
1541 NONE -571;32761 0;0
1542 NONE -571;32761 0;0
1543 NONE -571;32761 0;0
1544 NONE -571;32761 0;0
1545 NONE -571;32761 0;0
1546 NONE -571;32761 0;0
1547 NONE -571;32761 0;0
1548 NONE -571;32761 0;0
1549 NONE -571;32761 0;0
1550 KEY_ZR 0;0 0;0
1551 KEY_Y;KEY_ZR 0;0 0;0
1552 KEY_ZR 0;0 0;0
1553 KEY_ZR 0;0 0;0
1554 KEY_ZR 0;0 0;0
1555 KEY_ZR 0;0 0;0
1556 KEY_ZR 0;0 0;0
1557 KEY_ZR 0;0 0;0
1558 KEY_ZR 0;0 0;0
1559 KEY_ZR 0;0 0;0
1560 KEY_ZR 0;0 0;0
1561 KEY_ZR 0;0 0;0
1562 KEY_ZR 0;0 0;0
1563 KEY_ZR 0;0 0;0
1564 KEY_ZR 0;0 0;0
1565 KEY_ZR 0;0 0;0
1566 KEY_ZR 0;0 0;0
1567 KEY_ZR 0;0 0;0
1568 KEY_ZR 0;0 0;0
1569 KEY_ZR 0;0 0;0
1570 KEY_ZR 0;0 0;0
1571 KEY_ZR 0;0 0;0
1572 KEY_ZR 0;0 0;0
1573 KEY_ZR 0;0 0;0
1574 KEY_ZR 0;0 0;0
1575 KEY_ZR 0;0 0;0
1576 KEY_ZR 0;0 0;0
1577 KEY_ZR 0;0 0;0
1578 KEY_ZR 0;0 0;0
1579 KEY_ZR 0;0 0;0
1580 KEY_ZR 0;0 0;0
1581 KEY_ZR 0;0 0;0
1582 KEY_ZR 0;0 0;0
1583 KEY_ZR 0;0 0;0
1584 KEY_ZR 0;0 0;0
1585 KEY_ZR 0;0 0;0
1586 KEY_ZR 0;0 0;0
1587 KEY_ZR 0;0 0;0
1588 KEY_ZR 0;0 0;0
1589 KEY_ZR 0;0 0;0
1590 KEY_ZR 0;0 0;0
1591 KEY_ZR 0;0 0;0
1592 KEY_ZR 0;0 0;0
1593 KEY_ZR 0;0 0;0
1594 KEY_ZR 0;0 0;0
1595 KEY_ZR 0;0 0;0
1596 KEY_ZR 0;0 0;0
1597 KEY_ZR 0;0 0;0
1598 KEY_ZR 0;0 0;0
1599 NONE 0;0 0;0
1600 NONE 0;0 0;0
1601 NONE 0;0 0;0
1602 NONE 0;0 0;0
1603 NONE 0;0 0;0
1604 NONE 0;0 0;0
1605 NONE 0;0 0;0
1606 NONE 0;0 0;0
1607 NONE 0;0 0;0
1608 NONE 0;0 0;0
1609 NONE 0;0 0;0
1610 NONE 0;0 0;0
1611 NONE 0;0 0;0
1612 NONE 0;0 0;0
1613 NONE 0;0 0;0
1614 NONE 0;0 0;0
1615 NONE 0;0 0;0
1616 NONE 0;0 0;0
1617 NONE 0;0 0;0
1618 NONE 0;0 0;0
1619 NONE 0;0 0;0
1620 NONE 0;0 0;0
1621 NONE 0;0 0;0
1622 NONE 0;0 0;0
1623 NONE 0;0 0;0
1624 NONE 0;0 0;0
1625 NONE 0;0 0;0
1626 NONE 0;0 0;0
1627 NONE 0;0 0;0
1628 NONE 0;0 0;0
1629 NONE 0;0 0;0
1630 NONE 0;0 0;0
1631 NONE 0;0 0;0
1632 NONE 0;0 0;0
1633 NONE 0;0 0;0
1634 NONE 0;0 0;0
1635 NONE 0;0 0;0
1636 NONE 0;0 0;0
1637 NONE 0;0 0;0
1638 NONE 0;0 0;0
1639 NONE 0;0 0;0
1640 NONE 0;0 0;0
1641 NONE 0;0 0;0
1642 NONE 0;0 0;0
1643 NONE 0;0 0;0
1644 NONE 0;0 0;0
1645 NONE 0;0 0;0
1646 NONE 0;0 0;0
1647 NONE 0;0 0;0
