0 NONE 0;0 0;0
1 NONE 0;0 0;0
2 NONE 0;0 0;0
3 NONE 0;0 0;0
4 NONE 0;0 0;0
5 NONE 0;0 0;0
6 NONE 0;0 0;0
7 NONE 0;0 0;0
8 NONE 0;0 0;0
9 NONE 0;0 0;0
10 NONE 0;0 0;0
11 NONE 0;0 0;0
12 NONE 0;0 0;0
13 NONE 0;0 0;0
14 NONE 0;0 0;0
15 NONE 0;0 0;0
16 NONE 0;0 0;0
17 NONE 0;32767 0;0
18 NONE -28377;-16383 0;0
19 NONE 28377;-16383 0;0
20 NONE 0;32767 0;0
21 NONE -28377;-16383 0;0
22 NONE 28377;-16383 0;0
23 NONE 0;32767 0;0
24 NONE -28377;-16383 0;0
25 NONE 28377;-16383 0;0
26 NONE 0;32767 0;0
27 NONE -28377;-16383 0;0
28 NONE 28377;-16383 0;0
29 NONE 0;32767 0;0
30 NONE -28377;-16383 0;0
31 NONE 28377;-16383 0;0
32 NONE 0;32767 0;0
33 NONE -28377;-16383 0;0
34 NONE 28377;-16383 0;0
35 NONE 0;32767 0;0
36 NONE -28377;-16383 0;0
37 NONE 28377;-16383 0;0
38 NONE 0;32767 0;0
39 NONE -28377;-16383 0;0
40 NONE 28377;-16383 0;0
41 NONE 0;32767 0;0
42 NONE -28377;-16383 0;0
43 NONE 28377;-16383 0;0
44 NONE 0;32767 0;0
45 NONE -28377;-16383 0;0
46 NONE 28377;-16383 0;0
47 NONE 0;32767 0;0
48 NONE -28377;-16383 0;0
49 NONE 28377;-16383 0;0
50 KEY_B -11206;-30791 0;0
51 KEY_ZR -11206;-30791 0;0
52 KEY_ZR -11206;-30791 0;0
53 KEY_ZR -11206;-30791 0;0
54 KEY_ZR -11206;-30791 0;0
55 KEY_ZR -11206;-30791 0;0
56 KEY_ZR -11206;-30791 0;0
57 KEY_ZR -11206;-30791 0;0
58 KEY_Y;KEY_ZR -11206;-30791 0;0
59 NONE 0;0 0;0
60 NONE 0;0 0;0
61 NONE 0;0 0;0
62 KEY_B;KEY_L 0;0 0;0
63 NONE 30791;-11206 0;0
64 NONE 29696;-13847 0;0
65 NONE 28377;-16382 0;0
66 NONE 26841;-18793 0;0
67 NONE 25101;-21061 0;0
68 NONE 23169;-23169 0;0
69 NONE 21061;-25101 0;0
70 NONE 18794;-26840 0;0
71 NONE 18794;-26840 0;0
72 NONE 18794;-26840 0;0
73 NONE 18794;-26840 0;0
74 NONE 18794;-26840 0;0
75 NONE 18794;-26840 0;0
76 NONE 18794;-26840 0;0
77 NONE 18794;-26840 0;0
78 NONE 18794;-26840 0;0
79 NONE 18794;-26840 0;0
80 NONE 18794;-26840 0;0
81 NONE 18794;-26840 0;0
82 NONE 18794;-26840 0;0
83 NONE 18794;-26840 0;0
84 NONE 18794;-26840 0;0
85 NONE 18794;-26840 0;0
86 NONE 18794;-26840 0;0
87 NONE 18794;-26840 0;0
88 NONE 18794;-26840 0;0
89 NONE 18794;-26840 0;0
90 NONE 18794;-26840 0;0
91 NONE 23169;23169 0;0
92 NONE 8480;31650 0;0
93 NONE 8480;31650 0;0
94 NONE 8480;31650 0;0
95 NONE 8480;31650 0;0
96 NONE 8480;31650 0;0
97 NONE 8480;31650 0;0
98 NONE 8480;31650 0;0
99 NONE 8480;31650 0;0
100 NONE 8480;31650 0;0
101 NONE 8480;31650 0;0
102 KEY_B 8480;31650 0;0
103 KEY_B 8480;31650 0;0
104 KEY_B 8480;31650 0;0
105 KEY_B 8480;31650 0;0
106 KEY_B 8480;31650 0;0
107 KEY_B 8480;31650 0;0
108 KEY_B 8480;31650 0;0
109 KEY_B 8480;31650 0;0
110 NONE 8480;31650 0;0
111 NONE 8480;31650 0;0
112 NONE 8480;31650 0;0
113 NONE 8480;31650 0;0
114 NONE 8480;31650 0;0
115 NONE 8480;31650 0;0
116 NONE 8480;31650 0;0
117 NONE 8480;31650 0;0
118 NONE 8480;31650 0;0
119 NONE 8480;31650 0;0
120 NONE 8480;31650 0;0
121 KEY_DRIGHT 8480;31650 0;0
122 NONE 8480;31650 0;0
123 NONE 8480;31650 0;0
124 NONE 8480;31650 0;0
125 NONE 8480;31650 0;0
126 NONE 8480;31650 0;0
127 NONE 8480;31650 0;0
128 NONE 8480;31650 0;0
129 NONE 8480;31650 0;0
130 NONE 8480;31650 0;0
131 KEY_ZR 8480;31650 0;0
132 KEY_Y 8480;31650 0;0
133 NONE 0;0 0;0
134 NONE 0;0 0;0
135 NONE 0;0 0;0
136 NONE 0;0 0;0
137 NONE 0;0 0;0
138 NONE 0;0 0;0
139 NONE 0;0 0;0
140 NONE 0;0 0;0
141 NONE 0;0 0;0
142 NONE 0;0 0;0
143 NONE 0;0 0;0
144 NONE 0;0 0;0
145 NONE 0;0 0;0
146 NONE 0;0 0;0
147 NONE 0;0 0;0
148 NONE 0;0 0;0
149 NONE 0;0 0;0
150 NONE 0;0 0;0
151 NONE 0;0 0;0
152 NONE 0;0 0;0
153 NONE 0;0 0;0
154 NONE 0;0 0;0
155 NONE 0;0 0;0
156 NONE 0;0 0;0
157 NONE 0;0 0;0
158 NONE 0;0 0;0
159 NONE 0;0 0;0
160 NONE 0;0 0;0
161 NONE 0;0 0;0
162 NONE 0;0 0;0
163 NONE 0;0 0;0
164 NONE 0;0 0;0
165 NONE 0;0 0;0
166 NONE 0;0 0;0
167 NONE 0;0 0;0
168 NONE 0;0 0;0
169 NONE 0;0 0;0
170 NONE 0;0 0;0
171 NONE 0;0 0;0
172 NONE 0;0 0;0
173 NONE 0;0 0;0
174 NONE 0;0 0;0
175 NONE 0;0 0;0
176 NONE 0;0 0;0
177 NONE 0;0 0;0
178 NONE 0;0 0;0
179 NONE 0;0 0;0
180 NONE 0;0 0;0
181 NONE 0;0 0;0
182 NONE 0;0 0;0
183 NONE 0;0 0;0
184 NONE 0;0 0;0
185 NONE 0;0 0;0
186 NONE 0;0 0;0
187 NONE 0;0 0;0
188 NONE 0;0 0;0
189 NONE 0;0 0;0
190 NONE 0;0 0;0
191 NONE 0;0 0;0
192 NONE 0;0 0;0
193 NONE 0;0 0;0
194 NONE 0;0 0;0
195 NONE 0;0 0;0
196 NONE 0;0 0;0
197 NONE 0;0 0;0
198 NONE 0;0 0;0
199 NONE 0;0 0;0
200 NONE 0;0 0;0
201 NONE 0;0 0;0
202 NONE 0;0 0;0
203 NONE 0;0 0;0
204 NONE 0;0 0;0
205 NONE 0;0 0;0
206 NONE 23169;23169 0;0
207 NONE 0;0 0;0
208 NONE 0;0 0;0
209 NONE 0;0 0;0
210 NONE 0;0 0;0
211 NONE 0;0 0;0
212 NONE 0;0 0;0
213 NONE 0;0 0;0
214 NONE 0;0 0;0
215 NONE 0;0 0;0
216 NONE 0;0 0;0
217 NONE 0;0 0;0
218 NONE 0;0 0;0
219 NONE 0;0 0;0
220 NONE 0;0 0;0
221 NONE 0;0 0;0
222 NONE 0;0 0;0
223 NONE 0;0 0;0
224 NONE 0;0 0;0
225 NONE 0;0 0;0
226 NONE 0;0 0;0
227 NONE 0;0 0;0
228 NONE 0;0 0;0
229 NONE 0;0 0;0
230 NONE 0;0 0;0
231 NONE 0;0 0;0
232 NONE 0;0 0;0
233 NONE 0;0 0;0
234 NONE 0;0 0;0
235 NONE 0;0 0;0
236 NONE 0;0 0;0
237 NONE 0;0 0;0
238 NONE 0;0 0;0
239 NONE 0;0 0;0
240 NONE 0;0 0;0
241 NONE 0;0 0;0
242 NONE 0;0 0;0
243 NONE 0;0 0;0
244 NONE 0;0 0;0
245 NONE 0;0 0;0
246 NONE 0;0 0;0
247 NONE 0;0 0;0
248 NONE 0;0 0;0
249 NONE 0;0 0;0
250 NONE 0;0 0;0
251 NONE 0;0 0;0
252 NONE 0;0 0;0
253 NONE 0;0 0;0
254 NONE 0;0 0;0
255 NONE 0;0 0;0
256 NONE 0;0 0;0
257 NONE 0;0 0;0
258 NONE 0;0 0;0
259 NONE 0;0 0;0
260 NONE 0;0 0;0
261 NONE 0;0 0;0
262 NONE 0;0 0;0
263 NONE 0;0 0;0
264 NONE 0;0 0;0
265 NONE 0;0 0;0
266 NONE 0;0 0;0
267 NONE 0;0 0;0
268 NONE 0;0 0;0
269 NONE 0;0 0;0
270 NONE 0;0 0;0
271 NONE 0;0 0;0
272 NONE 0;0 0;0
273 NONE 0;0 0;0
274 NONE 0;0 0;0
275 NONE 0;0 0;0
276 NONE 0;0 0;0
277 NONE 0;0 0;0
278 NONE 0;0 0;0
279 NONE 0;0 0;0
280 NONE 0;0 0;0
281 NONE 0;0 0;0
282 NONE 0;0 0;0
283 NONE 0;0 0;0
284 NONE 0;0 0;0
285 NONE 0;0 0;0
286 NONE 0;0 0;0
287 NONE 0;0 0;0
288 NONE 0;0 0;0
289 NONE 0;0 0;0
290 NONE 0;0 0;0
291 NONE 0;0 0;0
292 NONE 0;0 0;0
293 NONE 0;0 0;0
294 NONE 0;0 0;0
295 NONE 0;0 0;0
296 NONE 0;0 0;0
297 NONE 0;0 0;0
298 NONE 0;0 0;0
299 NONE 0;0 0;0
300 NONE 0;0 0;0
301 NONE 0;0 0;0
302 NONE 0;0 0;0
303 NONE 0;0 0;0
304 NONE 0;0 0;0
305 NONE 0;0 0;0
306 NONE 0;0 0;0
307 NONE 0;0 0;0
308 NONE 0;0 0;0
309 NONE 0;0 0;0
310 NONE 0;0 0;0
311 NONE 0;0 0;0
312 NONE 0;0 0;0
313 NONE 0;0 0;0
314 NONE 0;0 0;0
315 NONE 0;0 0;0
316 NONE 0;0 0;0
317 NONE 0;0 0;0
318 NONE 0;0 0;0
319 NONE 0;0 0;0
320 NONE 0;0 0;0
321 NONE 0;0 0;0
322 NONE 0;0 0;0
323 NONE 0;0 0;0
324 NONE 0;0 0;0
325 NONE 0;0 0;0
326 NONE 0;0 0;0
327 NONE 0;0 0;0
328 NONE 0;0 0;0
329 NONE 0;0 0;0
330 NONE 0;0 0;0
331 NONE 0;0 0;0
332 NONE 0;0 0;0
333 NONE 0;0 0;0
334 NONE 0;0 0;0
335 NONE 0;0 0;0
336 NONE 0;0 0;0
337 NONE 0;0 0;0
338 NONE 0;0 0;0
339 NONE 0;0 0;0
340 NONE 0;0 0;0
341 NONE 0;0 0;0
342 NONE 0;0 0;0
343 NONE 0;0 0;0
344 NONE 0;0 0;0
345 NONE 0;0 0;0
346 NONE 0;0 0;0
347 NONE 0;0 0;0
348 NONE 0;0 0;0
349 NONE 0;0 0;0
350 NONE 0;0 0;0
351 NONE 0;0 0;0
352 NONE 0;0 0;0
353 NONE 0;0 0;0
354 NONE 0;0 0;0
355 NONE 0;0 0;0
356 NONE 0;0 0;0
357 NONE 0;0 0;0
358 NONE 0;0 0;0
359 NONE 0;0 0;0
360 NONE 5689;32269 0;0
361 KEY_ZR 5689;32269 0;0
362 NONE 5689;32269 0;0
363 NONE 5689;32269 0;0
364 NONE 5689;32269 0;0
365 KEY_ZL 5689;32269 0;0
366 KEY_Y 5689;32269 0;0
367 NONE 5689;32269 0;0
368 NONE 5689;32269 0;0
369 NONE 5689;32269 0;0
370 NONE 5689;32269 0;0
371 NONE 5689;32269 0;0
372 NONE 5689;32269 0;0
373 NONE 5689;32269 0;0
374 NONE 5689;32269 0;0
375 NONE 5689;32269 0;0
376 NONE 5689;32269 0;0
377 NONE 5689;32269 0;0
378 NONE 5689;32269 0;0
379 NONE 5689;32269 0;0
380 NONE 5689;32269 0;0
381 NONE 5689;32269 0;0
382 NONE 5689;32269 0;0
383 NONE 5689;32269 0;0
384 KEY_B 5689;32269 0;0
385 KEY_B 5689;32269 0;0
386 KEY_B 5689;32269 0;0
387 KEY_B 5689;32269 0;0
388 KEY_B 5689;32269 0;0
389 KEY_B 5689;32269 0;0
390 KEY_B 5689;32269 0;0
391 NONE 0;0 0;0
392 NONE 0;0 0;0
393 NONE 0;0 0;0
394 NONE 0;0 0;0
395 NONE 0;0 0;0
396 NONE 0;0 0;0
397 NONE 0;0 0;0
398 NONE 0;0 0;0
399 NONE 0;0 0;0
400 NONE 0;0 0;0
401 NONE 0;0 0;0
402 NONE 0;0 0;0
403 NONE 0;0 0;0
404 NONE 0;0 0;0
405 NONE 0;0 0;0
406 NONE 0;0 0;0
407 NONE 0;0 0;0
408 KEY_PLUS 0;0 0;0
409 NONE 0;0 0;0
410 NONE 0;0 0;0
411 NONE 0;0 0;0
412 NONE 0;0 0;0
413 NONE 0;0 0;0
414 NONE 0;0 0;0
415 NONE 0;0 0;0
416 NONE 0;0 0;0
417 KEY_PLUS 0;0 0;0
418 NONE 0;0 0;0
419 NONE 0;0 0;0
420 NONE 0;0 0;0
421 NONE 0;0 0;0
422 NONE 0;0 0;0
423 NONE 0;0 0;0
424 NONE 0;0 0;0
425 NONE 0;0 0;0
426 NONE 0;0 0;0
427 NONE 0;0 0;0
428 NONE 0;0 0;0
429 NONE 0;0 0;0
430 NONE 0;0 0;0
431 NONE 0;0 0;0
432 NONE 0;0 0;0
433 NONE 0;0 0;0
434 NONE 0;0 0;0
435 NONE 0;0 0;0
436 NONE 0;0 0;0
437 NONE 0;0 0;0
438 NONE 0;0 0;0
439 NONE 0;0 0;0
440 KEY_A 0;0 0;0
