0 NONE 0;0 0;0
1 NONE 0;0 0;0
2 NONE 0;0 0;0
3 NONE 0;0 0;0
4 NONE 0;0 0;0
5 NONE 0;0 0;0
6 NONE 0;0 0;0
7 NONE 0;0 0;0
8 NONE 0;0 0;0
9 NONE 0;0 0;0
10 NONE 0;0 0;0
11 NONE 0;0 0;0
12 NONE 0;0 0;0
13 NONE 0;0 0;0
14 NONE 0;0 0;0
15 NONE 0;0 0;0
16 NONE 0;0 0;0
17 NONE 0;0 0;0
18 NONE 0;0 0;0
19 NONE 0;0 0;0
20 NONE 0;0 0;0
21 NONE 0;0 0;0
22 NONE 0;0 0;0
23 NONE 0;0 0;0
24 NONE 0;0 0;0
25 NONE 0;0 0;0
26 NONE 0;0 0;0
27 NONE 0;0 0;0
28 NONE 0;0 0;0
29 NONE 28377;16383 0;0
30 NONE -28377;16383 0;0
31 NONE 0;-32767 0;0
32 NONE 28377;16383 0;0
33 NONE -28377;16383 0;0
34 NONE 0;-32767 0;0
35 NONE 28377;16383 0;0
36 NONE -28377;16383 0;0
37 NONE 0;-32767 0;0
38 NONE 28377;16383 0;0
39 NONE -28377;16383 0;0
40 NONE 0;-32767 0;0
41 NONE 28377;16383 0;0
42 NONE -28377;16383 0;0
43 NONE 0;-32767 0;0
44 NONE 28377;16383 0;0
45 NONE -28377;16383 0;0
46 NONE 0;-32767 0;0
47 NONE 28377;16383 0;0
48 NONE -28377;16383 0;0
49 NONE 0;-32767 0;0
50 NONE 28377;16383 0;0
51 NONE -28377;16383 0;0
52 NONE 0;-32767 0;0
53 NONE 28377;16383 0;0
54 NONE -28377;16383 0;0
55 NONE 0;-32767 0;0
56 NONE 28377;16383 0;0
57 NONE -28377;16383 0;0
58 NONE 0;-32767 0;0
59 NONE 28377;16383 0;0
60 NONE -28377;16383 0;0
61 NONE 0;-32767 0;0
62 KEY_A 21917;24341 0;0
63 KEY_ZR 21917;24341 0;0
64 KEY_ZR 21917;24341 0;0
65 KEY_ZR 21917;24341 0;0
66 KEY_ZR 0;0 0;0
67 KEY_ZR 0;0 0;0
68 KEY_ZR 0;0 0;0
69 KEY_ZR 0;0 0;0
70 KEY_Y;KEY_ZR 0;0 0;0
71 KEY_ZR 0;0 0;0
72 KEY_ZR 0;0 0;0
73 KEY_ZR 0;0 0;0
74 KEY_ZR 0;0 0;0
75 KEY_A;KEY_L 0;0 0;0
76 NONE -21062;25100 -23169;-23169
77 NONE 23169;23169 -23169;-23169
78 NONE 23169;23169 -23169;-23169
79 NONE 23168;23168 -23169;-23169
80 NONE 23168;23168 -23169;-23169
81 NONE 23168;23168 -23169;-23169
82 NONE 23168;23168 -23169;-23169
83 KEY_A 23168;23168 -23169;-23169
84 KEY_A 23168;23168 -23169;-23169
85 KEY_A 23168;23168 -23169;-23169
86 KEY_A 23168;23168 -23169;-23169
87 KEY_A 28375;-16382 -23169;-23169
88 KEY_A 16383;-28375 -23169;-23169
89 KEY_A;KEY_ZR 0;-32766 -23169;-23169
90 KEY_A;KEY_ZR 32268;-5689 -23169;-23169
91 KEY_Y;KEY_ZR 0;0 -23169;-23169
92 KEY_ZR 0;0 -23169;-23169
93 KEY_ZR 0;0 -23169;-23169
94 KEY_ZR 0;0 -23169;-23169
95 KEY_ZR 0;0 -23169;-23169
96 KEY_ZR 0;0 -23169;-23169
97 KEY_ZR 0;0 -23169;-23169
98 KEY_ZR 0;0 -23169;-23169
99 KEY_ZR 0;0 -23169;-23169
100 KEY_ZR 0;0 -23169;-23169
101 KEY_ZR 0;0 -23169;-23169
102 KEY_ZR 0;0 -23169;-23169
103 KEY_ZR 0;0 -23169;-23169
104 KEY_ZR 0;0 -23169;-23169
105 KEY_ZR 0;0 -23169;-23169
106 KEY_ZR 0;0 -23169;-23169
107 KEY_Y;KEY_ZR 0;0 -23169;-23169
108 KEY_X;KEY_ZR 0;0 -23169;-23169
109 KEY_Y;KEY_ZR 0;0 -23169;-23169
110 KEY_X;KEY_ZR 0;0 -23169;-23169
111 KEY_Y;KEY_ZR 0;0 -23169;-23169
112 KEY_X;KEY_ZR 0;0 -23169;-23169
113 KEY_Y;KEY_ZR 0;0 -23169;-23169
114 KEY_X;KEY_ZR 0;0 -23169;-23169
115 KEY_Y;KEY_ZR 0;0 -23169;-23169
116 KEY_X;KEY_ZR 0;0 -23169;-23169
117 KEY_Y;KEY_ZR 0;0 -23169;-23169
118 KEY_X;KEY_ZR;KEY_R 0;0 -23169;-23169
119 KEY_Y;KEY_ZR 0;0 -23169;-23169
120 KEY_X;KEY_ZR 0;0 -23169;-23169
121 KEY_Y;KEY_ZR 0;0 -23169;-23169
122 KEY_ZR 0;0 -23169;-23169
123 KEY_ZR 0;0 0;0
124 KEY_ZR 0;0 0;0
125 KEY_ZR 0;0 0;0
126 KEY_ZR 0;0 0;0
127 KEY_ZR 0;0 0;0
128 KEY_ZR 0;0 0;0
129 KEY_ZR 0;0 0;0
130 KEY_ZR 0;0 0;0
131 KEY_ZR;KEY_L -28931;15383 0;0
132 KEY_ZR -28931;15383 0;0
133 KEY_ZR;KEY_L -28931;15383 0;0
134 KEY_ZR -28931;15383 0;0
135 KEY_ZR;KEY_L -28931;15383 0;0
136 KEY_ZR -28931;15383 0;0
137 KEY_ZR 0;0 0;0
138 KEY_ZR 0;0 0;0
139 KEY_ZR 0;0 0;0
140 KEY_ZR 0;0 0;0
141 KEY_ZR 0;0 0;0
142 KEY_ZR 0;0 0;0
143 KEY_ZR 0;0 0;0
144 KEY_ZR 0;0 0;0
145 KEY_ZR 0;0 0;0
146 KEY_ZR 0;0 0;0
147 KEY_ZR 0;0 0;0
148 KEY_ZR 0;0 0;0
149 KEY_A;KEY_ZR;KEY_DUP 0;0 0;0
150 KEY_ZR -11206;30790 0;0
151 KEY_ZR 5689;32268 0;0
152 KEY_ZR 5689;32268 0;0
153 KEY_ZR 5689;32268 0;0
154 KEY_ZR 5689;32268 0;0
155 KEY_ZR 5689;32268 0;0
156 KEY_ZR 5689;32268 0;0
157 KEY_ZR 5689;32268 0;0
158 KEY_ZR 5689;32268 0;0
159 KEY_ZR;KEY_R -2855;32639 0;0
160 KEY_ZR -2855;32639 0;0
161 KEY_A;KEY_ZR -2855;32639 0;0
162 KEY_A;KEY_ZR -2855;32639 0;0
163 KEY_A;KEY_ZR -2855;32639 0;0
164 KEY_A;KEY_ZR -2855;32639 0;0
165 KEY_A;KEY_ZR -2855;32639 0;0
166 KEY_A;KEY_ZR -2855;32639 0;0
167 KEY_A;KEY_ZR -2855;32639 0;0
168 KEY_A;KEY_ZR -2855;32639 0;0
169 KEY_A;KEY_ZR -2855;32639 0;0
170 KEY_A;KEY_ZR -2855;32639 0;0
171 KEY_A;KEY_ZR -2855;32639 0;0
172 KEY_A;KEY_ZR -2855;32639 0;0
173 KEY_A;KEY_ZR -2855;32639 0;0
174 KEY_A;KEY_ZR -2855;32639 0;0
175 KEY_A;KEY_ZR -2855;32639 0;0
176 KEY_A;KEY_ZR -2855;32639 0;0
177 NONE -2855;32639 0;0
178 NONE -2855;32639 0;0
179 NONE -2855;32639 0;0
180 NONE -2855;32639 0;0
181 NONE -2855;32639 0;0
182 NONE -2855;32639 0;0
183 KEY_DUP -2855;32639 0;0
184 KEY_Y -11205;30788 0;0
185 KEY_Y -11205;30788 0;0
186 KEY_Y -11205;30788 0;0
187 KEY_Y -11205;30788 0;0
188 KEY_Y -11205;30788 0;0
189 KEY_Y -11205;30788 0;0
190 KEY_Y -11205;30788 0;0
191 KEY_Y -11205;30788 0;0
192 KEY_Y -11205;30788 0;0
193 KEY_Y -11205;30788 0;0
194 KEY_Y -11205;30788 0;0
195 KEY_Y -11205;30788 0;0
196 KEY_Y -11205;30788 0;0
197 KEY_Y -11205;30788 0;0
198 KEY_Y -11205;30788 0;0
199 KEY_Y -11205;30788 0;0
200 KEY_Y -11205;30788 0;0
201 KEY_Y -11205;30788 0;0
202 KEY_Y -11205;30788 0;0
203 KEY_Y;KEY_ZR 0;0 0;0
204 KEY_X;KEY_Y;KEY_R 0;0 0;0
205 KEY_Y 0;0 0;0
206 KEY_Y 0;0 0;0
207 KEY_Y 0;0 0;0
208 KEY_Y 0;0 0;0
209 KEY_Y 0;0 0;0
210 KEY_Y 0;0 0;0
211 KEY_Y 0;0 0;0
212 KEY_Y 0;0 0;0
213 KEY_Y 0;0 0;0
214 KEY_Y 0;0 0;0
215 KEY_Y 0;0 0;0
216 KEY_Y 0;0 0;0
217 KEY_Y 0;0 0;0
218 KEY_Y 0;0 0;0
219 KEY_Y 0;0 0;0
220 KEY_Y 0;0 0;0
221 KEY_Y 0;0 0;0
222 KEY_Y -32767;0 0;0
223 KEY_Y -32767;0 0;0
224 KEY_Y -32767;0 0;0
225 KEY_Y -32767;0 0;0
226 KEY_Y -32767;0 0;0
227 KEY_Y -32767;0 0;0
228 KEY_Y -32767;0 0;0
229 KEY_Y -32767;0 0;0
230 KEY_Y -32767;0 0;0
231 KEY_Y -32767;0 0;0
232 KEY_Y -32767;0 0;0
233 KEY_Y -32767;0 0;0
234 KEY_Y -32767;0 0;0
235 KEY_Y -32767;0 0;0
236 KEY_Y -32767;0 0;0
237 KEY_Y -32767;0 0;0
238 KEY_Y -32767;0 0;0
239 KEY_Y -32767;0 0;0
240 KEY_Y -32767;0 0;0
241 KEY_Y -32767;0 0;0
242 KEY_Y -32767;0 0;0
243 KEY_A;KEY_Y -32767;0 0;0
244 NONE 0;0 0;0
245 NONE 0;0 32767;0
246 NONE 0;0 32767;0
247 NONE 0;0 32767;0
248 NONE 0;0 32767;0
249 NONE 0;0 32767;0
250 NONE 0;0 32767;0
251 NONE 0;0 32767;0
252 NONE 0;0 32767;0
253 NONE 0;0 32767;0
254 NONE 0;0 32767;0
255 NONE 0;0 32767;0
256 NONE 0;0 32767;0
257 NONE 0;0 32767;0
258 KEY_ZR 0;0 32767;0
259 KEY_Y;KEY_ZR 0;0 0;0
260 KEY_ZR 0;0 0;0
261 KEY_ZR 0;0 0;0
262 KEY_ZR 0;0 0;0
263 KEY_ZR 0;0 0;0
264 KEY_ZR 0;0 0;0
265 KEY_ZR 0;0 0;0
266 KEY_ZR 0;0 0;0
267 KEY_ZR 0;0 0;0
268 KEY_ZR 0;0 0;0
269 KEY_ZR 0;0 0;0
270 KEY_ZR 0;0 0;0
271 KEY_ZR 0;0 0;0
272 KEY_ZR 0;0 0;0
273 KEY_ZR 0;0 0;0
274 KEY_ZR 0;0 0;0
275 KEY_ZR 0;0 0;0
276 KEY_Y;KEY_ZR 0;0 0;0
277 KEY_ZR 0;0 0;0
278 KEY_ZR 0;0 0;0
279 KEY_ZR 0;0 0;0
280 KEY_ZR 0;0 0;0
281 KEY_ZR 0;0 0;0
282 KEY_ZR 0;0 0;0
283 KEY_ZR 0;0 0;0
284 KEY_ZR 0;0 0;0
285 KEY_ZR 0;0 0;0
286 KEY_ZR 0;0 0;0
287 KEY_ZR 0;0 0;0
288 KEY_ZR 0;0 0;0
289 KEY_ZR 0;0 0;0
290 KEY_ZR 0;0 0;0
291 KEY_ZR 0;0 0;0
292 KEY_ZR 0;0 0;0
293 KEY_ZR 0;0 0;0
294 KEY_ZR 0;0 0;0
295 KEY_ZR 0;0 0;0
296 KEY_ZR 0;0 0;0
297 KEY_A;KEY_ZR;KEY_L 0;0 0;0
298 NONE 0;0 0;0
299 NONE 32642;2855 0;0
300 NONE 32642;2855 0;0
301 NONE 32642;2855 0;0
302 NONE 32642;2855 0;0
303 NONE 32642;2855 0;0
304 NONE 32642;2855 0;0
305 NONE 32642;2855 0;0
306 NONE 32642;2855 0;0
307 NONE 32642;2855 0;0
308 NONE 32642;2855 0;0
309 NONE 32642;2855 0;0
310 NONE 32642;2855 0;0
311 NONE 32642;2855 0;0
312 NONE 32642;2855 0;0
313 NONE 32642;2855 0;0
314 NONE 32642;2855 0;0
315 NONE 32642;2855 0;0
316 NONE 32642;2855 0;0
317 NONE 32642;2855 0;0
318 NONE 32642;2855 0;0
319 KEY_ZR 32642;2855 0;0
320 KEY_Y 32642;2855 0;0
321 KEY_Y 32642;2855 0;0
322 KEY_Y 32642;2855 0;0
323 KEY_Y 32642;2855 0;0
324 KEY_Y 32642;2855 0;0
325 KEY_Y 32642;2855 0;0
326 KEY_Y 32642;2855 0;0
327 KEY_Y 32642;2855 0;0
328 KEY_Y 32642;2855 0;0
329 KEY_Y 32642;2855 0;0
330 KEY_Y 32642;2855 0;0
331 KEY_Y 32642;2855 0;0
332 KEY_Y 32642;2855 0;0
333 KEY_Y 32642;2855 0;0
334 KEY_Y 32642;2855 0;0
335 KEY_Y 32642;2855 0;0
336 KEY_Y 32642;2855 0;0
337 KEY_Y 32642;2855 0;0
338 KEY_Y 32642;2855 0;0
339 KEY_Y 32642;2855 0;0
340 KEY_Y 32642;2855 0;0
341 KEY_Y 32642;2855 0;0
342 KEY_ZR 32642;2855 0;0
343 KEY_Y 32642;2855 0;0
344 KEY_Y 32642;2855 0;0
345 KEY_Y 32642;2855 0;0
346 KEY_Y 32642;2855 0;0
347 KEY_Y 32642;2855 0;0
348 KEY_Y 32642;2855 0;0
349 KEY_Y 32642;2855 0;0
350 KEY_Y 32642;2855 0;0
351 KEY_Y 32642;2855 0;0
352 KEY_Y 32642;2855 0;0
353 KEY_Y 32642;2855 0;0
354 KEY_Y 0;0 0;0
