0 NONE 0;32767 0;0
1 KEY_A 0;32767 0;0
2 KEY_DRIGHT 0;32767 0;0
3 NONE -1143;32747 0;0
4 NONE 0;32767 0;0
5 NONE 0;32767 0;0
6 NONE 0;32767 0;0
7 NONE 0;32767 0;0
8 NONE 0;32767 0;0
9 NONE 0;32767 0;0
10 KEY_ZR 0;32767 0;0
11 KEY_Y 0;32767 0;0
12 NONE 0;32767 0;0
13 NONE 0;32767 0;0
14 NONE 0;32767 0;0
15 KEY_A 0;32767 0;0
16 KEY_B 0;32767 0;0
17 KEY_A 0;32767 0;0
18 KEY_B 0;32767 0;0
19 KEY_A 0;32767 0;0
20 KEY_B 0;32767 0;0
21 KEY_A 0;32767 0;0
22 KEY_B 0;32767 0;0
23 KEY_A 0;32767 0;0
24 KEY_B 0;32767 0;0
25 KEY_A 0;32767 0;0
26 KEY_B 0;32767 0;0
27 KEY_A 0;32767 0;0
28 KEY_B 0;32767 0;0
29 KEY_A 0;32767 0;0
30 KEY_B 0;32767 0;0
31 KEY_A 0;32767 0;0
32 KEY_B 0;32767 0;0
33 KEY_A 0;32767 0;0
34 KEY_B 0;32767 0;0
35 KEY_A 0;32767 0;0
36 KEY_B 0;32767 0;0
37 KEY_A 0;32767 0;0
38 KEY_B 0;32767 0;0
39 KEY_A 0;32767 0;0
40 KEY_B 0;32767 0;0
41 KEY_A 0;32767 0;0
42 KEY_B 0;32767 0;0
43 KEY_A 0;32767 0;0
44 KEY_B 0;32767 0;0
45 KEY_A 0;32767 0;0
46 KEY_B 0;32767 0;0
47 KEY_A 0;32767 0;0
48 KEY_B 0;32767 0;0
49 KEY_A 0;32767 0;0
50 KEY_B 0;32767 0;0
51 KEY_A 0;32767 0;0
52 KEY_B 0;32767 0;0
53 KEY_A 0;32767 0;0
54 KEY_B 0;32767 0;0
55 KEY_A 0;32767 0;0
56 KEY_ZR 0;32767 0;0
57 KEY_Y 0;32767 0;0
58 NONE 0;32767 0;0
59 NONE 0;32767 0;0
60 NONE 0;32767 0;0
61 NONE 0;32767 0;0
62 NONE 0;32767 0;0
63 NONE 0;32767 0;0
64 NONE 0;32767 0;0
65 NONE 0;32767 0;0
66 NONE 0;32767 0;0
67 NONE 0;32767 0;0
68 NONE 0;32767 0;0
69 NONE 0;32767 0;0
70 NONE 0;32767 0;0
71 NONE 0;32767 0;0
72 NONE 0;32767 0;0
73 NONE 0;32767 0;0
74 NONE 0;32767 0;0
75 NONE 0;32767 0;0
76 NONE 0;0 0;0
77 NONE 0;0 0;0
78 NONE 0;0 0;0
79 NONE 0;0 0;0
80 NONE 0;0 0;0
81 NONE 0;0 0;0
82 NONE 0;0 0;0
83 NONE 0;0 0;0
84 NONE 0;0 0;0
85 NONE 0;0 0;0
86 NONE 0;0 0;0
87 NONE 0;0 0;0
88 NONE 0;0 0;0
89 NONE 0;0 0;0
90 NONE 0;0 0;0
91 NONE 0;0 0;0
92 NONE 0;0 0;0
93 NONE 0;0 0;0
94 NONE 0;0 0;0
95 NONE 0;0 0;0
96 NONE 0;0 0;0
97 NONE 0;0 0;0
98 NONE 0;0 0;0
99 NONE 0;0 0;0
100 NONE 0;0 0;0
101 NONE 0;0 0;0
102 NONE 0;0 0;0
103 NONE 0;0 0;0
104 NONE 0;0 0;0
105 NONE 0;0 0;0
106 NONE 0;0 0;0
107 NONE 0;0 0;0
108 NONE 0;0 0;0
109 NONE 0;0 0;0
110 NONE 0;0 0;0
111 NONE 0;0 0;0
112 NONE 0;0 0;0
113 NONE 0;0 0;0
114 NONE 0;0 0;0
115 NONE 0;0 0;0
116 NONE 0;0 0;0
117 NONE 0;0 0;0
118 NONE 0;0 0;0
119 NONE 0;0 0;0
120 NONE 0;0 0;0
121 NONE 0;0 0;0
122 NONE 0;0 0;0
123 NONE 0;0 0;0
124 NONE 0;0 0;0
125 NONE 0;0 0;0
126 NONE 0;0 0;0
127 NONE 0;0 0;0
128 NONE 0;0 0;0
129 NONE 0;0 0;0
130 NONE 0;0 0;0
131 NONE 0;0 0;0
132 NONE 0;0 0;0
133 NONE 0;0 0;0
134 NONE 0;0 0;0
135 NONE 0;0 0;0
136 NONE 0;0 0;0
137 NONE 0;0 0;0
138 NONE 0;0 0;0
139 NONE 0;0 0;0
140 NONE 0;0 0;0
141 NONE 0;0 0;0
142 NONE 0;0 0;0
143 NONE 0;0 0;0
144 NONE 0;0 0;0
145 NONE 0;0 0;0
146 NONE 0;0 0;0
147 NONE 0;0 0;0
148 NONE 0;0 0;0
149 NONE 0;0 0;0
150 NONE 0;0 0;0
151 NONE 0;0 0;0
152 NONE 0;0 0;0
153 NONE 0;0 0;0
154 NONE 0;0 0;0
155 NONE 0;0 0;0
156 NONE 0;0 0;0
157 NONE 0;0 0;0
158 NONE 0;0 0;0
159 NONE 0;0 0;0
160 NONE 0;0 0;0
161 NONE 0;0 0;0
162 NONE 0;0 0;0
163 NONE 0;0 0;0
164 NONE 0;0 0;0
165 NONE 0;0 0;0
166 NONE 0;0 0;0
167 NONE 0;0 0;0
168 NONE 0;0 0;0
169 NONE 0;0 0;0
170 NONE 0;0 0;0
171 NONE 0;0 0;0
172 NONE 0;0 0;0
173 NONE 0;0 0;0
174 NONE 0;0 0;0
175 NONE 0;0 0;0
176 NONE 0;0 0;0
177 NONE 0;0 0;0
178 NONE 0;0 0;0
179 NONE 0;0 0;0
180 NONE 0;0 0;0
181 NONE 0;0 0;0
182 NONE 0;0 0;0
183 NONE 0;0 0;0
184 NONE 0;0 0;0
185 NONE 0;0 0;0
186 NONE 0;0 0;0
187 NONE 0;0 0;0
188 NONE 0;0 0;0
189 NONE 0;0 0;0
190 NONE 0;0 0;0
191 NONE 0;0 0;0
192 NONE 0;0 0;0
193 NONE 0;0 0;0
194 NONE 0;0 0;0
195 NONE 0;0 0;0
196 NONE 0;0 0;0
197 NONE 0;0 0;0
198 NONE 0;0 0;0
199 NONE 0;0 0;0
200 NONE 0;0 0;0
201 NONE 0;0 0;0
202 NONE 0;0 0;0
203 NONE 0;0 0;0
204 NONE 0;0 0;0
205 NONE 0;0 0;0
206 NONE 0;0 0;0
207 NONE 0;0 0;0
208 NONE 0;0 0;0
209 NONE 0;0 0;0
210 NONE 0;0 0;0
211 NONE 0;0 0;0
212 NONE 0;0 0;0
213 NONE 0;0 0;0
214 NONE 0;0 0;0
215 NONE 0;0 0;0
216 NONE 0;0 0;0
217 NONE 0;0 0;0
218 NONE 0;0 0;0
219 NONE 0;0 0;0
220 NONE 0;0 0;0
221 NONE 0;0 0;0
222 NONE 0;0 0;0
223 NONE 0;0 0;0
224 NONE 0;0 0;0
225 NONE 0;0 0;0
226 NONE 0;0 0;0
227 NONE 0;0 0;0
228 NONE 0;0 0;0
229 NONE 0;0 0;0
230 NONE 0;0 0;0
231 NONE 0;0 0;0
232 NONE 0;0 0;0
233 NONE 0;0 0;0
234 NONE 0;0 0;0
235 NONE 0;0 0;0
236 NONE 0;0 0;0
237 NONE 0;0 0;0
238 NONE 0;0 0;0
239 NONE 0;0 0;0
240 NONE 0;0 0;0
241 NONE 0;0 0;0
242 NONE 0;0 0;0
243 NONE 0;0 0;0
244 NONE 0;0 0;0
245 NONE 0;0 0;0
246 NONE 0;0 0;0
247 NONE 0;0 0;0
248 NONE 0;0 0;0
249 NONE 0;0 0;0
250 NONE 0;0 0;0
251 NONE 0;0 0;0
252 NONE 0;0 0;0
253 NONE 0;0 0;0
254 NONE 0;0 0;0
255 NONE 0;0 0;0
256 NONE 0;0 0;0
257 NONE 0;0 0;0
258 NONE 0;0 0;0
259 NONE 0;0 0;0
260 NONE 0;0 0;0
261 NONE 0;0 0;0
262 NONE 0;0 0;0
263 NONE 0;0 0;0
264 NONE 0;0 0;0
265 NONE 0;0 0;0
266 NONE 0;0 0;0
267 NONE 0;0 0;0
268 NONE 0;0 0;0
269 NONE 0;0 0;0
270 NONE 0;0 0;0
271 NONE 0;0 0;0
272 NONE 0;0 0;0
