0 NONE 0;0 0;0
1 NONE 0;0 0;0
2 NONE 0;0 0;0
3 NONE 0;0 0;0
4 NONE 0;0 0;0
5 NONE 0;0 0;0
6 NONE 0;0 0;0
7 NONE 0;0 0;0
8 NONE 0;0 0;0
9 NONE 0;0 0;0
10 NONE 0;0 0;0
11 NONE 0;0 0;0
12 NONE 0;0 0;0
13 NONE 0;0 0;0
14 NONE 0;0 0;0
15 NONE 0;0 0;0
16 NONE 0;32767 0;0
17 NONE -28377;-16383 0;0
18 NONE 28377;-16383 0;0
19 NONE 0;32767 0;0
20 NONE -28377;-16383 0;0
21 NONE 28377;-16383 0;0
22 NONE 0;32767 0;0
23 NONE -28377;-16383 0;0
24 NONE 28377;-16383 0;0
25 NONE 0;32767 0;0
26 NONE -28377;-16383 0;0
27 NONE 28377;-16383 0;0
28 NONE 0;32767 0;0
29 NONE -28377;-16383 0;0
30 NONE 28377;-16383 0;0
31 NONE 0;32767 0;0
32 NONE -28377;-16383 0;0
33 NONE 28377;-16383 0;0
34 NONE 0;32767 0;0
35 NONE -28377;-16383 0;0
36 NONE 28377;-16383 0;0
37 NONE 0;32767 0;0
38 NONE -28377;-16383 0;0
39 NONE 28377;-16383 0;0
40 NONE 0;32767 0;0
41 NONE -28377;-16383 0;0
42 NONE 28377;-16383 0;0
43 NONE 0;32767 0;0
44 NONE -28377;-16383 0;0
45 NONE 28377;-16383 0;0
46 NONE 0;32767 0;0
47 NONE -28377;-16383 0;0
48 NONE 28377;-16383 0;0
49 KEY_B 16447;28340 0;0
50 KEY_ZL 16447;28340 0;0
51 KEY_ZL 16447;28340 0;0
52 KEY_ZL 16447;28340 0;0
53 KEY_ZL 16447;28340 0;0
54 KEY_ZL 16447;28340 0;0
55 KEY_ZL 16447;28340 0;0
56 KEY_ZL 16447;28340 0;0
57 KEY_Y;KEY_ZL 16447;28340 0;0
58 NONE 0;0 0;0
59 NONE 0;0 0;0
60 NONE 0;0 0;0
61 NONE 0;0 0;0
62 NONE 0;0 0;0
63 NONE 0;0 0;0
64 NONE 0;0 0;0
65 NONE 0;0 0;0
66 NONE 0;0 0;0
67 NONE 0;0 0;0
68 NONE 0;0 0;0
69 NONE 0;0 0;0
70 NONE 0;0 0;0
71 NONE 0;0 0;0
72 NONE 0;0 0;0
73 NONE 0;0 0;0
74 NONE 0;0 0;0
75 NONE 0;0 0;0
76 NONE 0;0 0;0
77 NONE 0;0 0;0
78 NONE 0;0 0;0
79 NONE 0;0 0;0
80 NONE 0;0 0;0
81 NONE 0;0 0;0
82 NONE 0;0 0;0
83 NONE 0;0 0;0
84 NONE 0;0 0;0
85 NONE 0;0 0;0
86 NONE 0;0 0;0
87 NONE 0;0 0;0
88 NONE 0;0 0;0
89 NONE 0;0 0;0
90 NONE 0;32767 0;0
91 NONE -28377;-16383 0;0
92 NONE 28377;-16383 0;0
93 NONE 0;32767 0;0
94 NONE -28377;-16383 0;0
95 NONE 28377;-16383 0;0
96 NONE 0;32767 0;0
97 NONE -28377;-16383 0;0
98 NONE 28377;-16383 0;0
99 NONE 0;32767 0;0
100 NONE -28377;-16383 0;0
101 NONE 28377;-16383 0;0
102 NONE 0;32767 0;0
103 NONE -28377;-16383 0;0
104 NONE 28377;-16383 0;0
105 NONE 0;32767 0;0
106 NONE -28377;-16383 0;0
107 NONE 28377;-16383 0;0
108 NONE 0;32767 0;0
109 NONE -28377;-16383 0;0
110 NONE 28377;-16383 0;0
111 NONE 0;32767 0;0
112 NONE -28377;-16383 0;0
113 NONE 28377;-16383 0;0
114 NONE 0;32767 0;0
115 NONE -28377;-16383 0;0
116 NONE 28377;-16383 0;0
117 NONE 0;32767 0;0
118 NONE -28377;-16383 0;0
119 NONE 28377;-16383 0;0
120 NONE 0;32767 0;0
121 NONE -28377;-16383 0;0
122 NONE 28377;-16383 0;0
123 KEY_B -7923;-31781 0;0
124 KEY_ZL -7923;-31781 0;0
125 KEY_ZL -7923;-31781 0;0
126 KEY_ZL -7923;-31781 0;0
127 KEY_ZL -7923;-31781 0;0
128 KEY_ZL -7923;-31781 0;0
129 KEY_ZL -7923;-31781 0;0
130 KEY_ZL -7923;-31781 0;0
131 KEY_Y;KEY_ZL -7923;-31781 0;0
132 NONE 0;0 0;0
133 NONE 0;0 0;0
134 NONE 0;0 0;0
135 NONE 0;0 0;0
136 NONE 0;0 0;0
137 NONE 0;0 0;0
138 NONE 0;0 0;0
139 NONE 0;0 0;0
140 NONE 0;0 0;0
141 NONE 0;0 0;0
142 NONE 0;0 0;0
143 NONE 0;0 0;0
144 KEY_B;KEY_Y 0;0 0;0
145 KEY_Y -32703;2043 0;0
146 KEY_Y -26551;-19201 0;0
147 KEY_Y -26551;-19201 0;0
148 KEY_Y -26551;-19201 0;0
149 KEY_Y -26551;-19201 0;0
150 KEY_Y -26551;-19201 0;0
151 KEY_Y -26551;-19201 0;0
152 KEY_Y -26551;-19201 0;0
153 KEY_Y -26551;-19201 0;0
154 KEY_Y -26551;-19201 0;0
155 KEY_Y -26551;-19201 0;0
156 KEY_Y -26551;-19201 0;0
157 KEY_Y -26551;-19201 0;0
158 KEY_Y -26551;-19201 0;0
159 KEY_Y -26551;-19201 0;0
160 KEY_Y -26551;-19201 0;0
161 KEY_Y -26551;-19201 0;0
162 KEY_Y -26551;-19201 0;0
163 KEY_Y -26551;-19201 0;0
164 KEY_Y -26551;-19201 0;0
165 KEY_Y -32112;6254 0;0
166 KEY_Y -23171;23119 0;0
167 KEY_B;KEY_Y -6333;32131 0;0
168 KEY_Y 12678;30214 0;0
169 KEY_Y 12678;30214 0;0
170 KEY_Y 12678;30214 0;0
171 KEY_Y 12678;30214 0;0
172 KEY_Y 12678;30214 0;0
173 KEY_Y 12678;30214 0;0
174 KEY_Y 12678;30214 0;0
175 KEY_Y 12678;30214 0;0
176 KEY_Y 12678;30214 0;0
177 KEY_Y 12678;30214 0;0
178 KEY_Y 12678;30214 0;0
179 KEY_Y 12678;30214 0;0
180 KEY_Y 12678;30214 0;0
181 KEY_Y 12678;30214 0;0
182 KEY_Y 12678;30214 0;0
183 KEY_Y 12678;30214 0;0
184 KEY_Y 12678;30214 0;0
185 KEY_Y 21106;-25063 0;0
186 KEY_Y;KEY_ZL 28377;-16383 0;0
187 KEY_X;KEY_Y 32766;0 0;0
188 KEY_Y 32766;0 0;0
189 KEY_Y 32766;0 32767;0
190 KEY_Y 32766;0 32767;0
191 KEY_Y 32766;0 0;0
192 KEY_Y 32766;0 0;0
193 KEY_Y 32766;0 0;0
194 KEY_Y 32766;0 0;0
195 KEY_Y 32766;0 0;0
196 KEY_Y 32766;0 0;0
197 KEY_Y 32766;0 0;0
198 KEY_Y 32766;0 0;0
199 KEY_Y 32766;0 0;0
200 KEY_Y 32766;0 0;0
201 KEY_Y 32766;0 0;0
202 KEY_Y 32766;0 0;0
203 KEY_Y 32766;0 0;0
204 KEY_Y 32766;0 0;0
205 KEY_Y 32766;0 0;0
206 KEY_Y 32766;0 0;0
207 KEY_Y 32766;0 0;0
208 KEY_Y 32766;0 0;0
209 KEY_Y 32766;0 0;0
210 KEY_Y 32766;0 0;0
211 KEY_Y 32766;0 0;0
212 KEY_Y 32766;0 0;0
213 KEY_Y 32766;0 0;0
214 KEY_Y 32766;0 0;0
215 KEY_Y 32766;0 0;0
216 KEY_Y 32766;0 0;0
217 KEY_Y 0;0 0;0
218 KEY_Y 0;0 0;0
219 KEY_Y 0;0 0;0
220 KEY_Y 0;0 0;0
221 KEY_Y 0;0 0;0
222 KEY_Y 0;0 0;0
223 KEY_Y 0;0 0;0
224 KEY_Y 0;0 0;0
225 KEY_Y 0;0 0;0
226 KEY_Y 0;0 0;0
227 NONE 0;0 0;0
228 NONE 0;0 0;0
229 NONE 0;0 0;0
230 NONE 0;0 0;0
231 NONE 0;0 0;0
232 NONE 0;0 0;0
233 NONE 0;0 0;0
234 NONE 0;0 0;0
235 NONE 0;0 0;0
236 NONE 0;0 0;0
237 NONE 0;0 0;0
238 NONE 0;0 0;0
239 NONE 0;0 0;0
240 NONE 0;0 0;0
241 NONE 0;0 0;0
242 NONE 0;0 0;0
243 NONE 0;0 0;0
244 NONE 0;0 0;0
245 NONE 0;0 0;0
246 NONE 0;0 0;0
247 NONE 0;0 0;0
248 NONE 0;0 0;0
249 NONE 0;0 0;0
250 NONE 0;0 0;0
251 NONE 0;0 0;0
252 NONE 0;0 0;0
253 NONE 0;0 0;0
254 NONE 0;0 0;0
255 NONE 0;0 0;0
256 NONE 0;0 0;0
257 NONE 0;0 0;0
258 NONE 0;0 0;0
259 NONE 0;0 0;0
260 NONE 0;0 0;0
261 NONE 0;0 0;0
262 NONE 0;0 0;0
263 NONE 0;0 0;0
264 NONE 0;0 0;0
265 NONE 0;0 0;0
266 NONE 0;0 0;0
267 NONE 0;0 0;0
268 NONE 0;0 0;0
269 NONE 0;0 0;0
270 NONE 0;0 0;0
271 NONE 0;0 0;0
272 NONE 0;0 0;0
273 NONE 0;0 0;0
274 NONE 0;0 0;0
275 NONE 0;0 0;0
276 NONE 0;0 0;0
277 NONE 0;0 0;0
278 NONE 0;0 0;0
279 NONE 0;0 0;0
280 NONE 0;0 0;0
281 NONE 0;0 0;0
282 NONE 0;0 0;0
283 NONE 0;0 0;0
284 NONE 0;0 0;0
285 NONE 0;0 0;0
286 NONE 0;0 0;0
287 NONE 0;0 0;0
288 NONE 0;0 0;0
289 NONE 0;0 0;0
290 NONE 0;0 0;0
291 NONE 0;0 0;0
292 NONE 0;0 0;0
293 NONE 0;0 0;0
294 NONE 0;0 0;0
295 NONE 0;0 0;0
296 NONE 0;0 0;0
297 NONE 0;0 0;0
298 NONE 0;0 0;0
299 NONE 0;0 0;0
300 NONE 0;0 0;0
301 NONE 0;0 0;0
302 NONE 0;0 0;0
303 NONE 0;0 0;0
304 NONE 0;0 0;0
305 NONE 0;0 0;0
306 NONE 0;0 0;0
307 NONE 0;0 0;0
308 NONE 0;0 0;0
309 NONE 0;0 0;0
310 NONE 0;0 0;0
311 NONE 0;0 0;0
312 NONE 0;0 0;0
313 NONE 0;0 0;0
314 NONE 0;0 0;0
315 NONE 0;0 0;0
316 NONE 0;0 0;0
317 NONE 0;0 0;0
318 NONE 0;0 0;0
319 NONE 0;0 0;0
320 NONE 0;0 0;0
321 NONE 0;0 0;0
322 NONE 0;0 0;0
323 NONE 0;0 0;0
324 NONE 0;0 0;0
325 NONE 0;0 0;0
326 NONE 0;0 0;0
327 NONE 0;0 0;0
328 NONE 0;0 0;0
329 NONE 0;0 0;0
330 NONE 0;0 0;0
331 NONE 0;0 0;0
332 NONE 0;0 0;0
333 NONE 0;0 0;0
334 NONE 0;0 0;0
335 NONE 0;0 0;0
336 NONE 0;0 0;0
337 NONE 0;0 0;0
338 NONE 0;0 0;0
339 NONE 0;0 0;0
340 NONE 0;0 0;0
341 NONE 0;0 0;0
342 NONE 0;0 0;0
343 NONE 0;0 0;0
344 NONE 0;0 0;0
345 NONE 0;0 0;0
346 NONE 0;0 0;0
347 NONE 0;0 0;0
348 NONE 0;0 0;0
349 NONE 0;0 0;0
350 NONE 0;0 0;0
351 NONE 0;0 0;0
352 NONE 0;0 0;0
353 NONE 0;0 0;0
354 NONE 0;0 0;0
355 NONE 0;0 0;0
356 NONE 0;0 0;0
357 NONE 0;0 0;0
358 NONE 0;0 0;0
359 NONE 0;0 0;0
360 NONE 0;0 0;0
361 NONE 0;0 0;0
362 NONE 0;0 0;0
363 NONE 0;0 0;0
364 NONE 0;0 0;0
365 NONE 0;0 0;0
366 NONE 0;0 0;0
367 NONE 0;0 0;0
368 NONE 0;0 0;0
369 NONE 0;0 0;0
370 NONE 0;0 0;0
371 NONE 0;0 0;0
372 NONE 0;0 0;0
373 NONE 0;0 0;0
374 NONE 0;0 0;0
375 NONE 0;0 0;0
376 NONE 0;0 0;0
377 NONE 0;0 0;0
378 NONE 0;0 0;0
379 NONE 0;0 0;0
380 NONE 0;0 0;0
381 NONE 0;0 0;0
382 NONE 0;0 0;0
383 NONE 0;0 0;0
384 NONE 0;0 0;0
385 NONE 0;0 0;0
386 NONE 0;0 0;0
387 NONE 0;0 0;0
388 NONE 0;0 0;0
389 NONE 0;0 0;0
390 NONE 0;0 0;0
391 NONE 0;0 0;0
392 NONE 0;0 0;0
393 NONE 0;0 0;0
394 NONE 0;0 0;0
395 NONE 0;0 0;0
396 NONE 0;0 0;0
397 NONE 0;0 0;0
398 NONE 0;0 0;0
399 NONE 0;0 0;0
400 NONE 0;0 0;0
401 NONE 0;0 0;0
402 NONE 0;0 0;0
403 NONE 0;0 0;0
404 NONE 0;0 0;0
405 NONE 0;0 0;0
406 NONE 0;0 0;0
407 NONE 0;0 0;0
408 NONE 0;0 0;0
409 NONE 0;0 0;0
410 NONE 0;0 0;0
411 NONE 0;0 0;0
412 NONE 0;0 0;0
413 NONE 0;0 0;0
414 NONE 0;0 0;0
415 NONE 0;0 0;0
416 KEY_Y 0;0 0;0
417 KEY_Y 0;0 0;0
418 KEY_Y 0;0 0;0
419 KEY_Y 0;0 0;0
420 KEY_Y;KEY_ZL 0;0 0;0
421 KEY_X;KEY_Y 0;0 0;0
422 KEY_Y 0;0 0;0
423 KEY_Y 0;0 0;0
424 KEY_Y 0;0 0;0
425 KEY_Y 0;0 0;0
426 KEY_Y 0;0 0;0
427 KEY_Y 0;0 0;0
428 KEY_Y 0;0 0;0
429 KEY_Y 0;0 0;0
430 KEY_Y 0;0 0;0
431 KEY_Y 0;0 0;0
432 KEY_Y 0;0 0;0
433 KEY_Y 0;0 0;0
434 KEY_Y 0;0 0;0
435 KEY_Y 0;0 0;0
436 KEY_Y 0;0 0;0
437 KEY_Y 0;0 0;0
438 KEY_Y 0;0 0;0
439 KEY_Y 0;0 0;0
440 KEY_Y 0;0 0;0
441 KEY_Y 0;0 0;0
442 KEY_Y 0;0 0;0
443 KEY_Y 0;0 0;0
444 KEY_Y 0;0 0;0
445 KEY_Y 32767;0 0;0
446 KEY_Y 32766;119 0;0
447 KEY_Y 32765;238 0;0
448 KEY_Y 32764;357 0;0
449 KEY_Y 32763;476 0;0
450 KEY_Y 32761;595 0;0
451 NONE 32758;714 0;0
452 NONE 32758;714 0;0
453 NONE 32758;714 0;0
454 NONE 32758;714 0;0
455 NONE 32758;714 0;0
456 NONE 32758;714 0;0
457 NONE 32758;714 0;0
458 NONE 32758;714 0;0
459 NONE 32758;714 0;0
460 NONE 32758;714 0;0
461 NONE 32758;714 0;0
462 NONE 32758;714 0;0
463 NONE 32758;714 0;0
464 NONE 32758;714 0;0
465 NONE 32758;714 0;0
466 NONE 32758;714 0;0
467 NONE 32758;714 0;0
468 NONE 32758;714 0;0
469 KEY_ZL -8479;31647 0;0
470 KEY_Y 0;0 0;0
471 NONE 0;0 0;0
472 NONE 32767;0 0;0
473 NONE 32767;0 0;0
474 NONE 32767;0 0;0
475 NONE 32767;0 0;0
476 NONE 32767;0 0;0
477 NONE 0;0 0;0
478 NONE 0;0 0;0
479 NONE 0;0 0;0
480 NONE 0;0 0;0
481 NONE 0;0 0;0
482 NONE 0;0 0;0
483 NONE 0;0 0;0
484 NONE 0;0 0;0
485 NONE 0;32767 0;0
486 NONE -28377;-16383 0;0
487 NONE 28377;-16383 0;0
488 NONE 0;32767 0;0
489 NONE -28377;-16383 -32767;0
490 NONE 28377;-16383 -32767;0
491 NONE 0;32767 -32767;0
492 NONE -28377;-16383 -32767;0
493 NONE 28377;-16383 -32767;0
494 NONE 0;32767 -32767;0
495 NONE -28377;-16383 -32767;0
496 NONE 28377;-16383 -32767;0
497 NONE 0;32767 -32767;0
498 NONE -28377;-16383 -32767;0
499 NONE 28377;-16383 -32767;0
500 NONE 0;32767 -32767;0
501 NONE -28377;-16383 -32767;0
502 NONE 28377;-16383 -32767;0
503 NONE 0;32767 -32767;0
504 NONE -28377;-16383 -32767;0
505 NONE 28377;-16383 -32767;0
506 NONE 0;32767 0;0
507 NONE -28377;-16383 0;0
508 NONE 28377;-16383 0;0
509 KEY_B 26836;18791 0;0
510 KEY_ZL 26836;18791 0;0
511 KEY_ZL 26836;18791 0;0
512 KEY_ZL 26836;18791 0;0
513 KEY_ZL 26836;18791 0;0
514 KEY_ZL 26836;18791 0;0
515 KEY_ZL 26836;18791 0;0
516 KEY_ZL 26836;18791 0;0
517 KEY_Y;KEY_ZL 26836;18791 0;0
518 KEY_B;KEY_DDOWN 26836;18791 0;0
519 NONE 10774;30944 0;0
520 NONE 10774;30944 0;0
521 NONE 10774;30944 0;0
522 NONE 10774;30944 0;0
523 NONE 10774;30944 0;0
524 NONE 10774;30944 0;0
525 NONE 10774;30944 0;0
526 NONE 10774;30944 0;0
527 NONE 10774;30944 0;0
528 NONE 10774;30944 0;0
529 NONE 10774;30944 0;0
530 NONE 10774;30944 0;0
531 NONE 10774;30944 0;0
532 NONE 10774;30944 0;0
533 NONE 10774;30944 0;0
534 NONE 10774;30944 0;0
535 NONE 10774;30944 0;0
536 NONE 10774;30944 0;0
537 KEY_B 10774;30944 0;0
538 NONE 10774;30944 0;0
539 NONE 10774;30944 0;0
540 NONE 10774;30944 0;0
541 NONE 10774;30944 0;0
542 NONE 10774;30944 0;0
543 NONE 10774;30944 0;0
544 NONE 10774;30944 0;0
545 NONE 10774;30944 0;0
546 NONE 10774;30944 0;0
547 NONE 10774;30944 0;0
548 NONE 10774;30944 0;0
549 NONE 10774;30944 0;0
550 NONE 10774;30944 0;0
551 NONE 10774;30944 0;0
552 NONE 10774;30944 0;0
553 NONE 10774;30944 0;0
554 NONE 10774;30944 0;0
