0 NONE 0;0 0;0
1 NONE 0;0 0;0
2 NONE 0;0 0;0
3 NONE 0;0 0;0
4 NONE 0;0 0;0
5 NONE 0;0 0;0
6 NONE 0;0 0;0
7 NONE 0;0 0;0
8 NONE 0;0 0;0
9 NONE 0;0 0;0
10 NONE 0;0 0;0
11 NONE 0;0 0;0
12 NONE 0;0 0;0
13 NONE 0;0 0;0
14 NONE 0;0 0;0
15 NONE 0;0 0;0
16 NONE 0;0 0;0
17 NONE 0;0 0;0
18 NONE 0;0 0;0
19 NONE 0;0 0;0
20 NONE 0;0 0;0
21 NONE 0;0 0;0
22 NONE 9029;31491 0;0
23 NONE 9029;31491 0;0
24 NONE 9029;31491 0;0
25 NONE 9029;31491 0;0
26 KEY_DUP 9029;31491 0;0
27 KEY_Y 9029;31491 0;0
28 KEY_Y 9029;31491 0;0
29 KEY_Y 9029;31491 0;0
30 KEY_Y 9029;31491 0;0
31 KEY_Y 9029;31491 0;0
32 KEY_Y 9029;31491 0;0
33 KEY_Y 9029;31491 0;0
34 KEY_Y;KEY_ZL 9029;31491 0;0
35 KEY_X;KEY_Y 0;0 0;0
36 KEY_Y 0;0 0;0
37 KEY_Y 0;0 0;0
38 KEY_Y 0;0 0;0
39 KEY_Y 0;0 0;0
40 KEY_Y 0;0 0;0
41 KEY_Y 0;0 0;0
42 KEY_Y 0;0 0;0
43 KEY_Y 0;0 0;0
44 KEY_Y 0;0 0;0
45 KEY_Y 0;0 0;0
46 KEY_Y 0;0 0;0
47 KEY_Y 0;0 0;0
48 KEY_Y 0;0 0;0
49 KEY_Y 0;0 0;0
50 KEY_Y 0;0 0;0
51 KEY_Y 0;0 0;0
52 KEY_Y 0;0 0;0
53 KEY_Y 0;0 0;0
54 KEY_Y 0;32767 0;0
55 KEY_Y -28377;-16383 0;0
56 KEY_Y 28377;-16383 0;0
57 KEY_Y 0;32767 0;0
58 KEY_Y -28377;-16383 0;0
59 KEY_Y 28377;-16383 0;0
60 KEY_Y 0;32767 0;0
61 KEY_Y -28377;-16383 0;0
62 KEY_Y 28377;-16383 0;0
63 KEY_Y 0;32767 0;0
64 KEY_Y -28377;-16383 0;0
65 KEY_Y 28377;-16383 0;0
66 KEY_Y 0;32767 0;0
67 KEY_Y -28377;-16383 0;0
68 KEY_Y 28377;-16383 0;0
69 KEY_Y 0;32767 0;0
70 KEY_Y -28377;-16383 0;0
71 KEY_Y 28377;-16383 0;0
72 KEY_B;KEY_Y 9029;31488 0;0
73 KEY_Y;KEY_ZL 9029;31488 0;0
74 KEY_Y;KEY_ZL 9029;31488 0;0
75 KEY_Y;KEY_ZL 9029;31488 0;0
76 KEY_Y;KEY_ZL 9029;31488 0;0
77 KEY_Y;KEY_ZL 9029;31488 0;0
78 KEY_Y;KEY_ZL 9029;31488 0;0
79 KEY_Y;KEY_ZL 9029;31488 0;0
80 KEY_X;KEY_Y;KEY_ZL 9029;31488 0;0
81 KEY_Y;KEY_ZL 0;0 0;0
82 KEY_Y;KEY_ZL;KEY_R 0;0 0;0
83 KEY_Y;KEY_ZL 0;0 0;0
84 KEY_Y;KEY_ZL;KEY_R 0;0 0;0
85 KEY_Y;KEY_ZL 0;0 0;0
86 KEY_Y;KEY_ZL;KEY_R 0;0 0;0
87 KEY_Y;KEY_ZL 0;0 0;0
88 KEY_Y;KEY_ZL;KEY_R 0;0 0;0
89 KEY_Y;KEY_ZL 0;0 0;0
90 KEY_Y;KEY_ZL;KEY_R 0;0 0;0
91 KEY_Y;KEY_ZL 0;0 0;0
92 KEY_Y;KEY_ZL;KEY_R 0;0 0;0
93 KEY_Y;KEY_ZL 0;0 0;0
94 KEY_Y;KEY_ZL;KEY_R 0;0 0;0
95 KEY_Y;KEY_ZL 0;0 0;0
96 KEY_Y;KEY_ZL;KEY_R 0;0 0;0
97 KEY_Y;KEY_ZL 0;0 0;0
98 KEY_Y;KEY_ZL;KEY_R 0;0 0;0
99 KEY_Y;KEY_ZL 0;0 0;0
100 KEY_Y;KEY_ZL;KEY_R 0;0 0;0
101 KEY_ZL 0;0 0;0
102 KEY_ZL;KEY_R 0;0 0;0
103 KEY_ZL 0;0 0;0
104 KEY_ZL;KEY_R 0;0 0;0
105 KEY_ZL 0;0 0;0
106 KEY_ZL;KEY_R 0;0 0;0
107 KEY_ZL 0;0 0;0
108 KEY_ZL;KEY_R 0;0 0;0
109 KEY_ZL 0;0 0;0
110 KEY_ZL;KEY_R 0;0 0;0
111 KEY_ZL 0;0 0;0
112 KEY_ZL;KEY_R 0;0 0;0
113 KEY_ZL 0;0 0;0
114 KEY_ZL;KEY_R 0;0 0;0
115 KEY_ZL 0;0 0;0
116 KEY_ZL;KEY_R 0;0 0;0
117 KEY_ZL 0;0 0;0
118 KEY_ZL;KEY_R 0;0 0;0
119 KEY_ZL 0;0 0;0
120 KEY_R 0;0 0;0
121 NONE 0;0 0;0
122 KEY_R 0;0 0;0
123 NONE 0;0 0;0
124 KEY_R 0;0 0;0
125 NONE 0;0 0;0
126 KEY_R 0;0 0;0
127 NONE 0;0 0;0
128 KEY_R 0;0 0;0
129 NONE 0;0 0;0
130 KEY_R 0;32767 0;0
131 KEY_B 0;32767 0;0
132 KEY_B;KEY_R 0;32767 0;0
133 KEY_B 0;32767 0;0
134 KEY_B;KEY_R 0;32767 0;0
135 KEY_B 0;32767 0;0
136 KEY_B;KEY_R 0;32767 0;0
137 KEY_B 0;32767 0;0
138 KEY_B;KEY_R 0;32767 0;0
139 KEY_B 0;32767 0;0
140 KEY_B 0;32767 0;0
141 KEY_B 0;32767 0;0
142 KEY_B 0;32767 0;0
143 KEY_B 0;32767 0;0
144 KEY_B 0;32767 0;0
145 KEY_B 0;32767 0;0
146 KEY_B 0;32767 0;0
147 KEY_B 0;32767 0;0
148 NONE 0;32767 0;0
149 NONE 0;32767 0;0
150 NONE 0;32767 0;0
151 NONE 0;32767 0;0
152 NONE 0;32767 0;0
153 NONE 0;32767 0;0
154 KEY_L 0;32767 0;0
155 NONE 0;32767 0;0
156 NONE 0;32767 0;0
157 NONE 0;32767 0;0
158 NONE 0;32767 0;0
159 NONE 0;32767 0;0
160 NONE 0;32767 0;0
161 NONE 0;32767 0;0
162 KEY_ZL 0;32767 0;0
163 KEY_Y 0;32767 0;0
164 KEY_Y 0;32767 0;0
165 KEY_Y 0;32767 0;0
166 KEY_Y 0;32767 0;0
167 KEY_Y 0;32767 0;0
168 KEY_Y 0;32767 0;0
169 KEY_Y 0;32767 0;0
170 KEY_Y 0;32767 0;0
171 KEY_Y 0;32767 0;0
172 KEY_Y 0;32767 0;0
173 KEY_Y 0;32767 0;0
174 KEY_Y 0;32767 0;0
175 KEY_Y 0;32767 0;0
176 KEY_Y 0;32767 0;0
177 KEY_Y 0;32767 0;0
178 KEY_Y 0;32767 0;0
179 KEY_Y 0;32767 0;0
180 KEY_Y 0;32767 0;0
181 KEY_Y 0;32767 0;0
182 KEY_Y 0;32767 0;0
183 KEY_Y 0;32767 0;0
184 KEY_Y 0;32767 0;0
185 KEY_Y 0;32767 0;0
186 KEY_Y 0;32767 0;0
187 KEY_Y 0;32767 0;0
188 KEY_Y 0;32767 0;0
189 KEY_Y 0;32767 0;0
190 KEY_Y 0;32767 0;0
191 KEY_Y 0;32767 0;0
192 NONE 0;32767 0;0
193 NONE 0;32767 0;0
194 NONE 0;32767 0;0
195 NONE 0;32767 0;0
196 NONE 0;32767 0;0
197 NONE 0;32767 0;0
198 NONE 0;32767 0;0
199 NONE 0;32767 0;0
200 NONE 0;32767 0;0
201 NONE 0;32767 0;0
202 KEY_ZL 0;32767 0;0
203 KEY_Y 0;32767 0;0
204 NONE 0;32767 0;0
205 NONE 0;32767 0;0
206 NONE 0;32767 0;0
207 NONE 0;32767 0;0
208 NONE 0;32767 0;0
209 NONE 0;32767 0;0
210 NONE 0;32767 0;0
211 NONE 0;32767 0;0
212 NONE 0;32767 0;0
213 NONE 0;32767 0;0
214 NONE 0;32767 0;0
215 NONE 0;32767 0;0
216 NONE 0;32767 0;0
217 NONE 0;32767 0;0
218 NONE 0;32767 0;0
219 NONE 0;32767 0;0
220 NONE 0;32767 0;0
221 KEY_B 0;32767 0;0
222 KEY_B 0;32767 0;0
223 KEY_B 0;32767 0;0
224 KEY_B 0;32767 0;0
225 KEY_B 0;32767 0;0
226 KEY_B 0;32767 0;0
227 KEY_B 0;32767 0;0
228 KEY_B 0;32767 0;0
229 KEY_B 0;32767 0;0
230 KEY_B 0;32767 0;0
231 NONE 0;32767 0;0
232 NONE 0;32767 0;0
233 NONE 0;32767 0;0
234 NONE 0;32767 0;0
235 NONE 0;32767 0;0
236 NONE 0;32767 0;0
237 NONE 0;32767 0;0
238 KEY_Y 0;32767 0;0
239 KEY_Y 0;32767 0;0
240 KEY_Y 0;32767 0;0
241 KEY_Y 0;32767 0;0
242 KEY_Y 0;32767 0;0
243 KEY_Y 0;32767 0;0
244 KEY_Y 0;32767 0;0
245 KEY_Y 0;32767 0;0
246 KEY_Y 0;32767 0;0
247 KEY_Y;KEY_ZL 0;32767 0;0
248 KEY_X;KEY_Y 0;0 0;0
249 KEY_Y 0;0 0;0
250 KEY_Y 0;0 0;0
251 KEY_Y 0;0 0;0
252 KEY_Y 0;0 0;0
253 NONE 0;-32767 0;0
254 NONE 0;-32767 0;0
255 NONE 0;-32767 0;0
256 NONE -16447;28340 0;0
257 NONE -26776;18886 0;0
258 KEY_ZL -32305;5479 0;0
259 KEY_Y 0;0 0;0
260 NONE 0;0 0;0
261 NONE 0;0 0;0
262 NONE 0;0 0;0
263 NONE -23169;23169 0;0
264 NONE -23169;23169 0;0
265 NONE -23169;23169 0;0
266 NONE -23169;23169 0;0
267 NONE -23169;23169 0;0
268 NONE -23169;23169 0;0
269 NONE -23169;23169 0;0
270 NONE 28667;15868 0;0
271 NONE 28667;15868 0;0
272 NONE 28667;15868 0;0
273 NONE 28667;15868 0;0
274 NONE 28667;15868 0;0
275 NONE 28667;15868 0;0
276 NONE 28667;15868 0;0
277 KEY_B 28667;15868 0;0
278 KEY_B 28667;15868 0;0
279 KEY_B 28667;15868 0;0
280 KEY_B 28667;15868 0;0
281 KEY_B -23169;23169 0;0
282 KEY_B -23169;23169 0;0
283 KEY_B -23169;23169 0;0
284 KEY_B -23169;23169 0;0
285 KEY_B -23169;23169 0;0
286 KEY_B -23169;23169 0;0
287 NONE -23169;23169 0;0
288 NONE -23169;23169 0;0
289 NONE -23169;23169 0;0
290 NONE -23169;23169 0;0
291 NONE -23169;23169 0;0
292 NONE -23169;23169 0;0
293 NONE -23169;23169 0;0
294 NONE -23169;23169 0;0
295 NONE -23169;23169 0;0
296 NONE -23169;23169 0;0
297 KEY_L;KEY_DDOWN -23169;23169 0;0
298 KEY_Y -29446;14361 0;0
299 KEY_Y -29446;14361 0;0
300 KEY_Y -29446;14361 0;0
301 KEY_Y -29446;14361 0;0
302 KEY_Y -29446;14361 0;0
303 KEY_Y -29446;14361 0;0
304 KEY_Y -29446;14361 0;0
305 KEY_Y;KEY_ZL -29446;14361 0;0
306 KEY_X;KEY_Y 0;0 0;0
307 KEY_Y 0;0 0;0
308 KEY_Y 0;0 0;0
309 KEY_Y 0;0 0;0
310 KEY_Y 30858;-11020 0;0
311 NONE 30858;-11020 0;0
312 NONE 30858;-11020 0;0
313 NONE -30790;11206 0;0
314 NONE -32637;-2913 0;0
315 NONE -28236;-16624 0;0
316 NONE -18773;-26855 0;0
317 NONE -5479;-32305 0;0
318 KEY_ZL -5759;-32256 0;0
319 KEY_Y;KEY_R 8740;31579 0;0
320 NONE 8740;31579 0;0
321 NONE 8740;31579 0;0
322 NONE 8740;31579 0;0
323 NONE 8740;31579 0;0
324 NONE 8740;31579 0;0
325 NONE 8740;31579 0;0
326 NONE 8740;31579 0;0
327 NONE 8740;31579 0;0
328 NONE 8740;31579 0;0
329 NONE 8740;31579 0;0
330 NONE 8740;31579 0;0
331 NONE 8740;31579 0;0
332 NONE 8740;31579 0;0
333 NONE 8740;31579 0;0
334 NONE 8740;31579 0;0
335 NONE 8740;31579 0;0
336 NONE 8740;31579 0;0
337 NONE 8740;31579 0;0
338 NONE 8740;31579 0;0
339 NONE 8740;31579 0;0
340 KEY_B 8740;31579 0;0
341 KEY_B 8740;31579 0;0
342 KEY_B 8740;31579 0;0
343 KEY_B 8740;31579 0;0
344 KEY_B 8740;31579 0;0
345 KEY_B 8740;31579 0;0
346 KEY_B 8740;31579 0;0
347 KEY_B 8740;31579 0;0
348 KEY_B 8740;31579 0;0
349 KEY_B 8740;31579 0;0
350 NONE 8740;31579 0;0
351 NONE 8740;31579 0;0
352 NONE 8740;31579 0;0
353 NONE 8740;31579 0;0
354 NONE 8740;31579 0;0
355 NONE 8740;31579 0;0
356 NONE 8740;31579 0;0
357 NONE 8740;31579 0;0
358 NONE 8740;31579 0;0
359 NONE 8740;31579 0;0
360 NONE 8740;31579 0;0
361 NONE 8740;31579 0;0
362 NONE 8740;31579 0;0
363 NONE 8740;31579 0;0
364 NONE 8740;31579 0;0
365 NONE 8740;31579 0;0
366 NONE 8740;31579 0;0
367 NONE 8740;31579 0;0
368 NONE 8740;31579 0;0
369 NONE 8740;31579 0;0
370 NONE 8740;31579 0;0
371 KEY_L;KEY_DDOWN 8740;31579 0;0
372 KEY_Y -571;32758 0;0
373 KEY_Y -571;32758 0;0
374 KEY_Y -571;32758 0;0
375 KEY_Y -571;32758 0;0
376 KEY_Y -571;32758 0;0
377 KEY_Y -571;32758 0;0
378 KEY_Y -571;32758 0;0
379 KEY_Y;KEY_ZL -571;32758 0;0
380 KEY_X;KEY_Y -571;32758 0;0
381 KEY_Y -571;32758 0;0
382 KEY_Y -571;32758 0;0
383 KEY_Y -571;32758 0;0
384 KEY_Y -571;32758 0;0
385 KEY_Y -571;32758 0;0
386 KEY_Y -571;32758 0;0
387 NONE -571;32758 0;0
388 NONE -571;32758 0;0
389 NONE -571;32758 0;0
390 NONE -571;32758 0;0
391 NONE -571;32758 0;0
392 NONE -571;32758 0;0
393 NONE -4559;32443 0;0
394 NONE -4559;32443 0;0
395 NONE -4559;32443 0;0
396 NONE -4559;32443 0;0
397 NONE -4559;32443 0;0
398 NONE -4559;32443 0;0
399 NONE -4559;32443 0;0
400 NONE -4559;32443 0;0
401 NONE -4559;32443 0;0
402 NONE -4559;32443 0;0
403 NONE -4559;32443 0;0
404 NONE -4559;32443 0;0
405 NONE -4559;32443 0;0
406 NONE -4559;32443 0;0
407 KEY_B;KEY_R -4559;32443 0;0
408 KEY_B 0;-32767 0;0
409 KEY_B 0;-32767 0;0
410 KEY_B 0;-32767 0;0
411 KEY_B 0;-32767 0;0
412 KEY_B 0;-32767 0;0
413 KEY_B 0;-32767 0;0
414 KEY_B 0;-32767 0;0
415 KEY_B 0;-32767 0;0
416 KEY_B 0;-32767 0;0
417 NONE 0;-32767 0;0
418 NONE 0;-32767 0;0
419 NONE 0;-32767 0;0
420 NONE 0;-32767 0;0
421 NONE 0;-32767 0;0
422 KEY_L 0;-32767 0;0
423 NONE 0;32767 0;0
424 KEY_DUP 3777;-32548 0;0
425 KEY_L 32477;4349 0;0
426 KEY_DUP 32477;4349 0;0
427 KEY_L 32477;4349 0;0
428 KEY_DUP 32477;4349 0;0
429 KEY_L 32477;4349 0;0
430 KEY_ZL;KEY_DUP 32477;4349 0;0
431 KEY_Y;KEY_ZL;KEY_L 32767;0 32767;0
432 KEY_ZL;KEY_DUP 32767;0 32767;0
433 KEY_ZL;KEY_L 32767;0 32767;0
434 KEY_ZL;KEY_DUP 32767;0 32767;0
435 KEY_ZL;KEY_L 32767;0 32767;0
436 KEY_ZL;KEY_DUP 32767;0 32767;0
437 KEY_ZL;KEY_L 32767;0 32767;0
438 KEY_ZL;KEY_DUP 32767;0 32767;0
439 KEY_ZL;KEY_L 32767;0 32767;0
440 KEY_ZL;KEY_DUP 32767;0 32767;0
441 KEY_ZL;KEY_L 32767;0 32767;0
442 KEY_ZL;KEY_DUP 32767;0 32767;0
443 KEY_ZL;KEY_L 32767;0 32767;0
444 KEY_ZL;KEY_DUP 32767;0 32767;0
445 KEY_ZL;KEY_L 32767;0 32767;0
446 KEY_ZL 32767;0 32767;0
447 KEY_ZL 32767;0 32767;0
448 KEY_ZL 32767;0 32767;0
449 KEY_ZL 32767;0 32767;0
450 KEY_ZL 32767;0 32767;0
451 KEY_ZL 32767;0 32767;0
452 KEY_ZL 32767;0 32767;0
453 KEY_B;KEY_ZL 0;0 32767;0
454 NONE 0;0 32767;0
455 NONE 0;0 32767;0
456 NONE 0;0 32767;0
457 NONE 0;0 32767;0
458 NONE 0;0 32767;0
459 NONE 0;0 32767;0
460 NONE 0;0 32767;0
461 NONE 0;0 32767;0
462 NONE 0;0 32767;0
463 NONE 0;0 32767;0
464 NONE 0;0 32767;0
465 NONE 0;0 32767;0
466 NONE 0;0 32767;0
467 NONE 0;0 32767;0
468 NONE 0;0 32767;0
469 NONE 0;0 32767;0
470 NONE 0;0 0;0
471 NONE 0;0 0;0
472 NONE 0;0 0;0
473 NONE 0;0 0;0
474 NONE 0;0 0;0
475 NONE 0;0 0;0
476 NONE 0;0 0;0
477 NONE 0;0 0;0
478 NONE 0;0 0;0
479 NONE 0;0 0;0
480 NONE 0;0 0;0
481 NONE 0;0 0;0
482 NONE 0;0 0;0
483 NONE 0;0 0;0
484 NONE 0;0 0;0
485 NONE 0;0 0;0
486 NONE 0;0 0;0
487 NONE 0;0 0;0
488 NONE 0;0 0;0
489 NONE 0;0 0;0
490 NONE 0;0 0;0
491 NONE 0;0 0;0
492 NONE 0;0 0;0
493 NONE 0;0 0;0
494 NONE 0;0 0;0
495 NONE 0;0 0;0
496 NONE 0;0 0;0
497 NONE 0;0 0;0
498 NONE 0;0 0;0
499 NONE 0;0 0;0
500 NONE 0;0 0;0
501 NONE 0;0 0;0
502 NONE 0;0 0;0
503 NONE 0;0 0;0
504 NONE 0;0 0;0
505 NONE 0;0 0;0
506 NONE 0;0 0;0
507 NONE 0;0 0;0
508 NONE 0;0 0;0
509 NONE 0;0 0;0
510 NONE 0;0 0;0
511 NONE 0;0 0;0
512 NONE 0;0 0;0
513 NONE 0;0 0;0
514 NONE 0;0 0;0
515 NONE 0;0 0;0
516 NONE 0;0 0;0
517 NONE 0;0 0;0
518 NONE 0;0 0;0
519 NONE 0;0 0;0
520 NONE 0;0 0;0
521 NONE 0;0 0;0
522 NONE 0;0 0;0
523 NONE 0;0 0;0
524 NONE 0;0 0;0
525 NONE 0;0 0;0
526 NONE 0;0 0;0
527 NONE 0;0 0;0
528 NONE 0;0 0;0
529 NONE 0;0 0;0
530 NONE 0;0 0;0
531 NONE 0;0 0;0
532 NONE 0;0 0;0
533 NONE 0;0 0;0
534 NONE 0;0 0;0
535 NONE 0;0 0;0
536 NONE 0;0 0;0
537 NONE 0;0 0;0
538 NONE 0;0 0;0
539 NONE 0;0 0;0
540 NONE 0;0 0;0
541 NONE 0;0 0;0
542 NONE 0;0 0;0
543 NONE 0;0 0;0
544 NONE 0;0 0;0
545 NONE 0;0 0;0
546 NONE 0;0 0;0
547 NONE 0;0 0;0
548 NONE 0;0 0;0
549 NONE 0;0 0;0
550 NONE 0;0 0;0
551 NONE 0;0 0;0
552 NONE 0;0 0;0
553 NONE 0;0 0;0
554 NONE 0;0 0;0
555 NONE 0;0 0;0
556 NONE 0;0 0;0
557 NONE 0;0 0;0
558 NONE 0;0 0;0
559 NONE 0;0 0;0
560 NONE 0;0 0;0
561 NONE 0;0 0;0
562 NONE 0;0 0;0
563 NONE 0;0 0;0
564 NONE 0;0 0;0
565 NONE 0;0 0;0
566 NONE 0;0 0;0
567 NONE 0;0 0;0
568 NONE 0;0 0;0
569 NONE 0;0 0;0
570 NONE 0;0 0;0
571 NONE 0;0 0;0
572 NONE 0;0 0;0
573 NONE 0;0 0;0
574 NONE 0;0 0;0
575 NONE 0;0 0;0
576 NONE 0;0 0;0
577 NONE 0;0 0;0
578 NONE 0;0 0;0
579 NONE 0;0 0;0
580 NONE 0;0 0;0
581 NONE 0;0 0;0
582 NONE 0;0 0;0
583 NONE 0;0 0;0
584 NONE 0;0 0;0
585 NONE 0;0 0;0
586 NONE 0;0 0;0
587 NONE 0;0 0;0
588 NONE 0;0 0;0
589 NONE 0;0 0;0
590 NONE 0;0 0;0
591 NONE 0;0 0;0
592 NONE 0;0 0;0
593 NONE 0;0 0;0
594 NONE 0;0 0;0
595 NONE 0;0 0;0
596 NONE 0;0 0;0
597 NONE 0;0 0;0
598 NONE 0;0 0;0
599 NONE 0;0 0;0
600 NONE 0;0 0;0
601 NONE 0;0 0;0
602 NONE 0;0 0;0
603 NONE 0;0 0;0
604 NONE 0;0 0;0
605 NONE 0;0 0;0
606 NONE 0;0 0;0
607 NONE 0;0 0;0
608 NONE 0;0 0;0
609 NONE 0;0 0;0
610 NONE 0;0 0;0
611 NONE 0;0 0;0
612 NONE 0;0 0;0
613 NONE 0;0 0;0
614 NONE 0;0 0;0
615 NONE 0;0 0;0
616 NONE 0;0 0;0
617 NONE 0;0 0;0
618 NONE 0;0 0;0
619 NONE 0;32767 0;0
620 NONE -28377;-16383 0;0
621 NONE 28377;-16383 0;0
622 NONE 0;32767 0;0
623 NONE -28377;-16383 0;0
624 NONE 28377;-16383 0;0
625 NONE 0;32767 0;0
626 NONE -28377;-16383 0;0
627 NONE 28377;-16383 0;0
628 NONE 0;32767 0;0
629 NONE -28377;-16383 0;0
630 NONE 28377;-16383 0;0
631 NONE 0;32767 0;0
632 NONE -28377;-16383 0;0
633 NONE 28377;-16383 0;0
634 NONE 0;32767 0;0
635 NONE -28377;-16383 0;0
636 NONE 28377;-16383 0;0
637 NONE 0;32767 0;0
638 NONE -28377;-16383 0;0
639 NONE 28377;-16383 0;0
640 NONE 0;32767 0;0
641 NONE -28377;-16383 0;0
642 NONE 28377;-16383 0;0
643 NONE 0;32767 0;0
644 NONE -28377;-16383 0;0
645 NONE 28377;-16383 0;0
646 NONE 0;32767 0;0
647 NONE -28377;-16383 0;0
648 NONE 28377;-16383 0;0
649 NONE 0;32767 0;0
650 NONE -28377;-16383 0;0
651 NONE 28377;-16383 0;0
652 NONE 0;32767 0;0
653 NONE -28377;-16383 0;0
654 NONE 28377;-16383 0;0
655 NONE 0;32767 0;0
656 NONE -28377;-16383 0;0
657 NONE 28377;-16383 0;0
658 NONE 0;32767 0;0
659 NONE -28377;-16383 0;0
660 NONE 28377;-16383 0;0
661 NONE 0;32767 0;0
662 NONE -28377;-16383 0;0
663 NONE 28377;-16383 0;0
664 KEY_B 22338;23954 0;0
665 KEY_ZL 22338;23954 0;0
666 KEY_ZL 22338;23954 0;0
667 KEY_ZL 22338;23954 0;0
668 KEY_ZL 22338;23954 0;0
669 KEY_ZL 22338;23954 0;0
670 KEY_ZL 22338;23954 0;0
671 KEY_ZL 22338;23954 0;0
672 KEY_Y;KEY_ZL 22338;23954 0;0
673 KEY_R 0;0 0;0
674 NONE 0;0 0;0
675 NONE 0;0 0;0
676 NONE 0;0 0;0
677 KEY_B;KEY_L 0;0 0;0
678 NONE 10774;30943 0;0
679 NONE 8057;31759 0;0
680 NONE 5279;32337 0;0
681 NONE 2462;32673 0;0
682 NONE -372;32763 0;0
683 NONE -3205;32608 0;0
684 NONE -6013;32209 0;0
685 NONE -8777;31568 0;0
686 NONE -11475;30691 0;0
687 NONE -11475;30691 0;-32767
688 NONE -11475;30691 0;-32767
689 NONE -11475;30691 0;-32767
690 NONE -11475;30691 0;-32767
691 NONE -11475;30691 0;-32767
692 NONE -11475;30691 0;-32767
693 NONE -11475;30691 0;-32767
694 NONE 25100;21062 0;-32767
695 NONE 25100;21062 0;-32767
696 NONE 25100;21062 0;-32767
697 NONE 25100;21062 0;-32767
698 NONE 25100;21062 0;-32767
699 NONE 25100;21062 0;-32767
700 NONE 25100;21062 0;-32767
701 NONE 25100;21062 0;-32767
702 NONE 25100;21062 0;-32767
703 NONE 25100;21062 0;-32767
704 NONE 25100;21062 0;-32767
705 NONE 25100;21062 0;-32767
706 NONE 25100;21062 0;-32767
707 NONE 25100;21062 0;-32767
708 NONE 25100;21062 0;-32767
709 NONE 25100;21062 0;-32767
710 NONE 25100;21062 0;-32767
711 NONE 25100;21062 0;-32767
712 NONE 25100;21062 0;-32767
713 NONE 25100;21062 0;-32767
714 NONE 25100;21062 0;-32767
715 NONE 25100;21062 0;-32767
716 NONE 25100;21062 0;-32767
717 NONE 25100;21062 0;-32767
718 NONE 25100;21062 0;-32767
719 NONE 25100;21062 0;-32767
720 NONE 25100;21062 0;-32767
721 NONE 25100;21062 0;-32767
722 NONE 25100;21062 0;-32767
723 NONE 25100;21062 0;-32767
724 NONE 25100;21062 0;-32767
725 NONE 25100;21062 0;-32767
726 NONE 25100;21062 0;-32767
727 NONE 25100;21062 0;-32767
728 NONE 25100;21062 0;-32767
729 NONE 25100;21062 0;-32767
730 NONE 25100;21062 0;-32767
731 NONE 25100;21062 0;-32767
732 NONE 25100;21062 0;-32767
733 NONE 25100;21062 0;-32767
734 NONE 25100;21062 0;-32767
735 NONE 25100;21062 0;-32767
736 NONE 25100;21062 0;-32767
737 NONE 25100;21062 0;-32767
738 NONE 25100;21062 0;-32767
739 NONE 25100;21062 0;-32767
740 NONE 25100;21062 0;-32767
741 NONE 25100;21062 0;-32767
742 NONE 25100;21062 0;-32767
743 NONE 25100;21062 0;-32767
744 NONE 25100;21062 0;-32767
745 NONE 25100;21062 0;-32767
746 NONE 25100;21062 0;-32767
747 NONE 25100;21062 0;-32767
748 NONE 25100;21062 0;-32767
749 NONE 25100;21062 0;-32767
750 NONE 25100;21062 0;-32767
751 NONE 25100;21062 0;-32767
752 NONE 25100;21062 0;-32767
753 NONE 25100;21062 0;-32767
754 NONE 25100;21062 0;-32767
755 NONE 25100;21062 0;-32767
756 NONE 25100;21062 0;-32767
757 NONE 25100;21062 0;-32767
758 NONE 25100;21062 0;-32767
759 NONE 25100;21062 0;-32767
760 NONE 25100;21062 0;-32767
761 NONE 25100;21062 0;-32767
762 NONE 25100;21062 0;-32767
763 NONE 25100;21062 0;-32767
764 NONE 25100;21062 0;-32767
765 NONE 25100;21062 0;-32767
766 NONE 25100;21062 0;-32767
767 NONE 25100;21062 0;-32767
768 NONE 25100;21062 0;-32767
769 NONE 25100;21062 0;-32767
770 NONE 25100;21062 0;-32767
771 NONE 25100;21062 0;-32767
772 NONE 25100;21062 0;-32767
773 NONE 25100;21062 0;-32767
774 NONE 25100;21062 0;-32767
775 NONE 25100;21062 0;-32767
776 NONE 25100;21062 0;-32767
777 NONE 25100;21062 0;-32767
778 NONE 25100;21062 0;-32767
779 NONE 25100;21062 0;-32767
780 NONE 25100;21062 0;-32767
781 NONE 25100;21062 0;-32767
782 NONE 25100;21062 0;-32767
783 NONE 25100;21062 0;-32767
784 NONE 25100;21062 0;-32767
785 NONE 25100;21062 0;-32767
786 NONE 25100;21062 0;-32767
787 NONE 25100;21062 0;-32767
788 NONE 14015;29618 0;0
789 NONE 0;32767 0;0
790 NONE -11263;30770 0;0
791 NONE -21047;25113 0;0
792 NONE -28284;16543 0;0
793 NONE -32305;5479 0;0
794 NONE -32256;-5759 0;0
795 NONE 0;-32767 0;0
796 NONE 32256;-5759 0;0
797 NONE 32305;5479 0;0
798 NONE 28351;16427 0;0
799 NONE 20930;25211 0;0
800 NONE 11263;30770 0;0
801 NONE 0;32767 0;0
802 NONE -28377;-16383 0;0
803 NONE 28377;-16383 0;0
804 NONE 0;32767 0;0
805 NONE -28377;-16383 0;0
806 NONE 28377;-16383 0;0
807 NONE 0;32767 0;0
808 NONE -28377;-16383 0;0
809 NONE 28377;-16383 0;0
810 NONE 0;32767 0;0
811 NONE -28377;-16383 0;0
812 NONE -20924;-25216 0;0
813 NONE -11263;-30770 0;0
814 NONE 0;-32767 0;0
815 NONE 11263;-30770 0;0
816 NONE 21051;-25109 0;0
817 NONE 28303;-16510 0;0
818 NONE 32305;-5479 0;0
819 NONE 0;32767 0;0
820 NONE 3777;-32548 0;0
821 NONE 3777;-32548 0;0
822 NONE 3777;-32548 0;0
823 NONE 3777;-32548 0;0
824 NONE 3777;-32548 0;0
825 NONE 3777;-32548 0;0
826 NONE 3777;-32548 0;0
827 NONE 3777;-32548 0;0
828 NONE 3777;-32548 0;0
829 NONE 3777;-32548 0;0
830 NONE 3777;-32548 0;0
831 KEY_B 3777;-32548 0;0
832 KEY_ZL 3777;-32548 0;0
833 KEY_ZL 3777;-32548 0;0
834 KEY_ZL 3777;-32548 0;0
835 KEY_ZL 3777;-32548 0;0
836 KEY_ZL 3777;-32548 0;0
837 KEY_ZL 3777;-32548 0;0
838 KEY_ZL 3777;-32548 0;0
839 KEY_ZL 3777;-32548 0;0
840 KEY_ZL 3777;-32548 0;0
841 KEY_ZL 3777;-32548 0;0
842 KEY_ZL 3777;-32548 0;0
843 KEY_ZL 3777;-32548 0;0
844 KEY_ZL 3777;-32548 0;0
845 KEY_ZL 3777;-32548 0;0
846 KEY_ZL 3777;-32548 0;0
847 KEY_ZL 3777;-32548 0;0
848 KEY_ZL 3777;-32548 0;0
849 NONE 3777;-32548 0;0
850 NONE 3777;-32548 0;0
851 NONE 3777;-32548 0;0
852 NONE 3777;-32548 0;0
853 NONE 3777;-32548 0;0
854 NONE 3777;-32548 0;0
855 NONE 3777;-32548 0;0
856 NONE 3777;-32548 0;0
857 NONE 3777;-32548 0;0
858 NONE 3777;-32548 0;0
859 NONE 3777;-32548 0;0
860 NONE 3777;-32548 0;0
861 NONE 3777;-32548 0;0
862 NONE 3777;-32548 0;0
863 NONE 3777;-32548 0;0
864 NONE 3777;-32548 0;0
865 NONE 3777;-32548 0;0
866 NONE 3777;-32548 0;0
867 NONE 3777;-32548 0;0
868 NONE 3777;-32548 0;0
869 NONE 3777;-32548 0;0
870 NONE 3777;-32548 0;0
871 NONE 3777;-32548 0;0
872 NONE 3777;-32548 0;0
873 NONE 3777;-32548 0;0
874 NONE 3777;-32548 0;0
875 NONE 3777;-32548 0;0
876 NONE 3777;-32548 0;0
877 NONE 3777;-32548 0;0
878 NONE 3777;-32548 0;0
879 NONE 3777;-32548 0;0
880 NONE 3777;-32548 0;0
881 NONE 3777;-32548 0;0
882 NONE 3777;-32548 0;0
883 NONE 3777;-32548 0;0
884 NONE 3777;-32548 0;0
885 NONE 3777;-32548 0;0
886 NONE 3777;-32548 0;0
887 NONE 3777;-32548 0;0
888 NONE 0;0 0;0
889 NONE 0;0 -32767;0
890 NONE 0;0 -32767;0
891 NONE 0;0 -32767;0
892 NONE 0;0 -32767;0
893 NONE 0;0 -32767;0
894 KEY_B 0;0 -32767;0
895 KEY_B 0;0 -32767;0
896 KEY_B 0;0 0;0
897 KEY_B 0;0 0;0
898 NONE 0;0 0;0
899 NONE 0;0 0;0
900 NONE 0;0 0;0
901 NONE 0;0 0;0
902 NONE 0;0 0;0
903 NONE 0;0 0;0
904 NONE 0;0 0;0
905 NONE 0;0 0;0
906 NONE 0;0 0;0
907 NONE 0;0 0;0
908 NONE 0;0 0;0
909 NONE 0;0 0;0
910 NONE 0;0 0;0
911 NONE 0;0 0;0
912 NONE 0;0 0;0
913 NONE 0;0 0;0
914 NONE 0;0 0;0
915 NONE 0;0 0;0
916 NONE 0;0 0;0
917 NONE 0;0 0;0
918 NONE 0;0 0;0
919 NONE 0;0 0;0
920 NONE 0;0 0;0
921 NONE 0;0 0;0
922 NONE 0;0 0;0
923 NONE 0;0 0;0
924 NONE 0;0 0;0
925 NONE 0;0 0;0
926 NONE 0;0 0;0
927 NONE 0;0 0;0
928 NONE 0;0 0;0
929 NONE 0;0 0;0
930 NONE 0;0 0;0
931 NONE 0;0 0;0
932 NONE 0;0 0;0
933 NONE 0;0 0;0
934 NONE 0;0 0;0
935 NONE 0;0 0;0
936 NONE 0;0 0;0
937 NONE 0;0 0;0
938 NONE 0;0 0;0
939 NONE 0;0 0;0
940 NONE 0;0 0;0
941 NONE 0;0 0;0
942 NONE 0;0 0;0
943 NONE 0;0 0;0
944 NONE 0;0 0;0
945 NONE 0;0 0;0
946 NONE 0;0 0;0
947 NONE 0;0 0;0
948 NONE 0;0 0;0
949 NONE 0;0 0;0
950 NONE 0;0 0;0
951 NONE 0;0 0;0
952 NONE 0;0 0;0
953 NONE 0;0 0;0
954 NONE 0;0 0;0
955 NONE 0;0 0;0
956 NONE 0;0 0;0
957 NONE 0;0 0;0
958 NONE 0;0 0;0
959 NONE 0;0 0;0
960 NONE 0;0 0;0
961 NONE 0;0 0;0
962 NONE 0;0 0;0
963 NONE 0;0 0;0
964 NONE 0;0 0;0
965 NONE 0;0 0;0
966 NONE 0;0 0;0
967 NONE 0;0 0;0
968 NONE 0;0 0;0
969 NONE 0;0 0;0
970 NONE 0;0 0;0
971 NONE 0;0 0;0
972 NONE 0;0 0;0
973 NONE 0;0 0;0
974 NONE 0;0 0;0
975 NONE 0;0 0;0
976 NONE 0;0 0;0
977 NONE 0;0 0;0
978 NONE 0;0 0;0
979 NONE 0;0 0;0
980 NONE 0;0 0;0
981 NONE 0;0 0;0
982 NONE 0;0 0;0
983 NONE 0;0 0;0
984 NONE 0;0 0;0
985 NONE 0;0 0;0
986 NONE 0;0 0;0
987 NONE 0;0 0;0
988 NONE 0;0 0;0
989 NONE 0;0 0;0
990 NONE 0;0 0;0
991 NONE 0;0 0;0
992 NONE 0;0 0;0
993 NONE 0;0 0;0
994 NONE 0;0 0;0
995 NONE 0;0 0;0
996 NONE 0;0 0;0
997 NONE 0;0 0;0
998 NONE 0;0 0;0
999 NONE 0;0 0;0
1000 NONE 0;0 0;0
1001 NONE 0;0 0;0
1002 NONE 0;0 0;0
1003 NONE 0;0 0;0
1004 NONE 0;0 0;0
1005 NONE 0;0 0;0
1006 NONE 0;0 0;0
1007 NONE 0;0 0;0
1008 NONE 0;0 0;0
1009 NONE 0;0 0;0
1010 NONE 0;0 0;0
1011 NONE 0;0 0;0
1012 NONE 0;0 0;0
1013 NONE 0;0 0;0
1014 NONE 0;0 0;0
1015 NONE 0;0 0;0
1016 NONE 0;0 0;0
1017 NONE 0;0 0;0
1018 NONE 0;0 0;0
1019 NONE 0;0 0;0
1020 NONE 0;0 0;0
1021 NONE 0;0 0;0
1022 NONE 0;0 0;0
1023 NONE 0;0 0;0
1024 NONE 0;0 0;0
1025 NONE 0;0 0;0
1026 NONE 0;0 0;0
1027 NONE 0;0 0;0
1028 NONE 0;0 0;0
1029 NONE 0;0 0;0
1030 NONE 0;0 0;0
1031 NONE 0;0 0;0
1032 NONE 0;0 0;0
1033 NONE 0;0 0;0
1034 NONE 0;0 0;0
1035 NONE 0;0 0;0
1036 NONE 0;0 0;0
1037 NONE 0;0 0;0
1038 NONE 0;0 0;0
1039 NONE 0;0 0;0
1040 NONE 0;0 0;0
1041 NONE 0;0 0;0
1042 NONE 0;0 0;0
1043 NONE 0;0 0;0
1044 NONE 0;0 0;0
1045 NONE 0;0 0;0
1046 NONE 0;0 0;0
1047 NONE 0;0 0;0
1048 NONE 0;0 0;0
1049 NONE 0;0 0;0
1050 NONE 0;0 0;0
1051 NONE 0;0 0;0
1052 NONE 0;0 0;0
1053 NONE 0;0 0;0
1054 NONE 0;0 0;0
1055 NONE 0;0 0;0
1056 NONE 0;0 0;0
1057 NONE 0;0 0;0
1058 NONE 0;0 0;0
1059 NONE 0;0 0;0
1060 NONE 0;0 0;0
1061 NONE 0;0 0;0
1062 NONE 0;0 0;0
1063 NONE 0;0 0;0
1064 NONE 0;0 0;0
1065 NONE 0;0 0;0
1066 NONE 0;0 0;0
1067 NONE 0;0 0;0
1068 NONE 0;0 0;0
1069 NONE 0;0 0;0
1070 NONE 0;0 0;0
1071 NONE 0;0 0;0
1072 NONE 0;0 0;0
1073 NONE 0;0 0;0
1074 NONE 0;0 0;0
1075 NONE 0;0 0;0
1076 NONE 0;0 0;0
1077 NONE 0;0 0;0
1078 NONE 0;0 0;0
1079 NONE 0;0 0;0
1080 NONE 0;0 0;0
1081 NONE 0;0 0;0
1082 NONE 0;0 0;0
1083 NONE 0;0 0;0
1084 NONE 0;0 0;0
1085 NONE 0;0 0;0
1086 NONE 0;0 0;0
1087 NONE 0;0 0;0
1088 NONE 0;0 0;0
1089 NONE 0;0 0;0
1090 NONE 0;0 0;0
1091 NONE 0;0 0;0
1092 NONE 0;0 0;0
1093 NONE 0;0 0;0
1094 NONE 0;32767 0;0
1095 NONE -28377;-16383 0;0
1096 NONE 28377;-16383 0;0
1097 NONE 0;32767 0;0
1098 NONE -28377;-16383 0;0
1099 NONE 28377;-16383 0;0
1100 NONE 0;32767 0;0
1101 NONE -28377;-16383 0;0
1102 NONE 28377;-16383 0;0
1103 NONE 0;32767 0;0
1104 NONE -28377;-16383 0;0
1105 NONE 28377;-16383 0;0
1106 NONE 0;32767 0;0
1107 NONE -28377;-16383 0;0
1108 NONE 28377;-16383 0;0
1109 NONE 0;32767 0;0
1110 NONE -28377;-16383 0;0
1111 KEY_ZL 28377;-16383 0;0
1112 KEY_Y 0;32767 0;0
1113 NONE -28377;-16383 0;0
1114 NONE 28377;-16383 0;0
1115 NONE 0;32767 0;0
1116 NONE -28377;-16383 0;0
1117 NONE 28377;-16383 0;0
1118 NONE 0;32767 0;0
1119 NONE -28377;-16383 0;0
1120 NONE 28377;-16383 0;0
1121 NONE 0;32767 0;0
1122 NONE -28377;-16383 0;0
1123 NONE 28377;-16383 0;0
1124 NONE 0;32767 0;0
1125 NONE -28377;-16383 0;0
1126 NONE 28377;-16383 0;0
1127 NONE 0;32767 0;0
1128 NONE -28377;-16383 0;0
1129 NONE 28377;-16383 0;0
1130 NONE 0;32767 0;0
1131 NONE -28377;-16383 0;0
1132 NONE 28377;-16383 0;0
1133 NONE 0;-32767 0;0
1134 NONE 0;-32767 0;0
1135 KEY_B 0;-32767 0;0
1136 KEY_ZL 0;-32767 0;0
1137 KEY_ZL 0;-32767 0;0
1138 KEY_ZL 0;-32767 0;0
1139 KEY_ZL 0;-32767 0;0
1140 KEY_ZL 0;-32767 0;0
1141 KEY_ZL 0;-32767 0;0
1142 KEY_ZL 0;0 0;0
1143 KEY_ZL 0;0 0;0
1144 KEY_ZL 0;0 0;0
1145 KEY_ZL 0;0 0;0
1146 KEY_ZL 0;0 0;0
1147 KEY_ZL 0;0 0;0
1148 KEY_ZL 0;0 0;0
1149 KEY_ZL 0;0 0;0
1150 KEY_ZL 0;0 0;0
1151 KEY_ZL 0;0 0;0
1152 KEY_ZL 0;0 0;0
1153 KEY_ZL 0;0 0;0
1154 KEY_ZL 0;0 0;0
1155 KEY_ZL 0;0 0;0
1156 KEY_ZL 0;0 0;0
1157 KEY_ZL 0;0 0;0
1158 KEY_ZL 0;0 0;0
1159 KEY_ZL 0;0 0;0
1160 KEY_ZL 0;0 0;0
1161 KEY_ZL 0;0 0;0
1162 KEY_ZL 0;0 0;0
1163 KEY_ZL 0;0 0;0
1164 KEY_ZL 0;0 0;0
1165 NONE 0;0 0;0
1166 NONE 0;0 0;0
1167 NONE 0;0 0;0
1168 NONE 0;0 0;0
1169 NONE 0;0 0;0
1170 NONE 0;0 0;0
1171 NONE 0;0 0;0
1172 NONE 0;0 0;0
1173 NONE 0;0 0;0
1174 NONE 0;0 0;0
1175 NONE 0;0 0;0
1176 NONE 0;0 0;0
1177 NONE 0;0 0;0
1178 NONE 0;0 0;0
1179 NONE 0;0 0;0
1180 NONE 0;0 0;0
1181 NONE 0;0 0;0
1182 NONE 0;0 0;0
1183 NONE 0;0 0;0
1184 NONE 0;0 0;0
1185 NONE 0;0 0;0
1186 NONE 0;0 0;0
1187 NONE 0;0 0;0
1188 NONE 0;0 0;0
1189 NONE 0;0 0;0
1190 NONE 0;0 0;0
1191 NONE 0;0 0;0
1192 NONE 0;0 0;0
1193 NONE 0;0 0;0
1194 NONE 0;0 0;0
1195 NONE 0;0 0;0
1196 NONE 0;0 0;0
1197 NONE 0;0 0;0
1198 NONE 0;0 0;0
1199 NONE 0;0 0;0
1200 NONE 0;0 0;0
1201 NONE 0;0 0;0
1202 NONE 0;0 0;0
1203 NONE 0;0 0;0
1204 NONE 0;0 0;0
1205 NONE 0;0 0;0
1206 NONE 0;0 0;0
1207 NONE 0;0 0;0
1208 NONE 0;0 0;0
1209 NONE 0;0 0;0
1210 NONE 0;0 0;0
1211 NONE 0;0 0;0
1212 NONE 0;0 0;0
1213 NONE 0;0 0;0
1214 NONE 0;0 0;0
1215 NONE 0;0 0;0
1216 NONE 0;0 0;0
1217 NONE 0;0 0;0
1218 NONE 0;0 0;0
1219 NONE 0;0 0;0
1220 NONE 0;0 0;0
1221 NONE 0;0 0;0
1222 NONE 0;0 0;0
1223 NONE 0;0 0;0
1224 NONE 0;0 0;0
1225 NONE 0;0 0;0
1226 NONE 0;0 0;0
1227 NONE 0;0 0;0
1228 NONE 0;0 0;0
1229 NONE 0;0 0;0
1230 NONE 0;0 0;0
1231 NONE 0;0 0;0
1232 NONE 0;0 0;0
1233 NONE 0;0 0;0
1234 NONE 0;0 0;0
1235 NONE 0;0 0;0
1236 NONE 0;0 0;0
1237 NONE 0;0 0;0
1238 NONE 0;0 0;0
1239 NONE 0;0 0;0
1240 NONE 0;0 0;0
1241 NONE 0;0 0;0
1242 NONE 0;0 0;0
1243 NONE 0;0 0;0
1244 NONE 0;0 0;0
1245 NONE 0;0 0;0
1246 NONE 0;0 0;0
1247 NONE 0;0 0;0
1248 NONE 0;0 0;0
1249 NONE 0;0 0;0
1250 NONE 0;0 0;0
1251 NONE 0;0 0;0
1252 NONE 0;0 0;0
1253 NONE 0;0 0;0
1254 NONE 0;0 0;0
1255 NONE 0;0 0;0
1256 NONE 0;0 0;0
1257 NONE 0;0 0;0
1258 NONE 0;0 0;0
1259 NONE 0;0 0;0
1260 NONE 0;0 0;0
1261 NONE 0;0 0;0
1262 NONE 0;0 0;0
1263 NONE 0;0 0;0
1264 NONE 0;0 0;0
1265 NONE 0;0 0;0
1266 NONE 0;0 0;0
1267 NONE 0;0 0;0
1268 NONE 0;0 0;0
1269 NONE 0;0 0;0
1270 NONE 0;0 0;0
1271 NONE 0;0 0;0
1272 NONE 0;0 0;0
1273 NONE 0;0 0;0
1274 NONE 0;0 0;0
1275 NONE 0;0 0;0
1276 NONE 0;0 0;0
1277 NONE 0;0 0;0
1278 NONE 0;0 0;0
1279 NONE 0;0 0;0
1280 NONE 0;0 0;0
1281 NONE 0;0 0;0
1282 NONE 0;0 0;0
1283 NONE 0;0 0;0
1284 NONE 0;0 0;0
1285 NONE 0;0 0;0
1286 NONE 0;0 0;0
1287 NONE 0;0 0;0
1288 NONE 0;0 0;0
1289 NONE 0;0 0;0
1290 NONE 0;0 0;0
1291 NONE 0;0 0;0
1292 NONE 0;0 0;0
1293 NONE 0;0 0;0
1294 NONE 0;0 0;0
1295 NONE 0;0 0;0
1296 NONE 0;0 0;0
1297 NONE 0;0 0;0
1298 NONE 0;0 0;0
1299 NONE 0;0 0;0
1300 NONE 0;0 0;0
1301 NONE 0;0 0;0
1302 NONE 0;0 0;0
1303 NONE 0;0 0;0
1304 NONE 0;0 0;0
1305 NONE 0;0 0;0
1306 NONE 0;0 0;0
1307 NONE 0;0 0;0
1308 NONE 0;0 0;0
1309 NONE 0;0 0;0
1310 NONE 0;0 0;0
1311 NONE 0;0 0;0
1312 NONE 0;0 0;0
1313 NONE 0;0 0;0
1314 NONE 0;0 0;0
1315 NONE 0;0 0;0
1316 NONE 0;0 0;0
1317 NONE 0;0 0;0
1318 NONE 0;0 0;0
1319 NONE 0;0 0;0
1320 NONE 0;0 0;0
1321 NONE 0;0 0;0
1322 NONE 0;0 0;0
1323 NONE 0;0 0;0
1324 NONE 0;0 0;0
1325 NONE 0;0 0;0
1326 NONE 0;0 0;0
1327 NONE 0;0 0;0
1328 NONE 0;0 0;0
1329 NONE 0;0 0;0
1330 NONE 0;0 0;0
1331 KEY_ZL 0;0 0;0
1332 KEY_ZL 0;0 0;0
1333 KEY_ZL 0;0 0;0
1334 KEY_ZL 0;0 0;0
1335 KEY_ZL 0;0 0;0
1336 KEY_ZL 0;0 0;0
1337 KEY_ZL 0;0 0;0
1338 KEY_ZL 0;0 0;0
1339 KEY_ZL 0;0 0;0
1340 KEY_ZL 0;0 0;0
1341 KEY_ZL 0;0 0;0
1342 KEY_ZL 0;0 0;0
1343 KEY_ZL 0;0 0;0
1344 KEY_ZL 0;0 0;0
1345 KEY_ZL 0;0 0;0
1346 KEY_ZL 0;0 0;0
1347 KEY_ZL 0;0 0;0
1348 KEY_ZL 0;0 0;0
1349 KEY_ZL 0;0 0;0
1350 KEY_ZL 0;0 0;0
1351 KEY_ZL 0;0 0;0
1352 KEY_ZL 0;0 0;0
1353 KEY_ZL 0;0 0;0
1354 KEY_ZL 0;0 0;0
1355 KEY_ZL 0;0 0;0
1356 KEY_ZL 0;0 0;0
1357 KEY_ZL 0;0 0;0
1358 KEY_ZL 0;0 0;0
1359 KEY_ZL 0;0 0;0
1360 KEY_ZL 0;0 0;0
1361 KEY_ZL 0;0 0;0
1362 KEY_ZL 0;0 0;0
1363 KEY_ZL 0;0 0;0
