1 KEY_Y 0;0 0;0
2 KEY_A 0;0 0;0
3 NONE 0;0 0;0
4 NONE 0;0 0;0
5 NONE 0;0 0;0
6 NONE 0;0 0;0
7 NONE 0;0 0;0
8 NONE 0;0 0;0
9 NONE 0;0 0;0
10 NONE 0;0 0;0
11 NONE 0;0 0;0
12 NONE 0;0 0;0
13 NONE 0;0 0;0
14 NONE 0;0 0;0
15 NONE 0;0 0;0
16 NONE 0;0 0;0
17 NONE 0;0 0;0
18 NONE 0;0 0;0
19 NONE 0;0 0;0
20 NONE 0;0 0;0
21 NONE 0;0 0;0
22 NONE 0;0 0;0
23 NONE 0;0 0;0
24 NONE 0;0 0;0
25 NONE 0;0 0;0
26 NONE 0;0 0;0
27 NONE 0;0 0;0
28 NONE 0;0 0;0
29 NONE 0;0 0;0
30 NONE 0;0 0;0
31 NONE 0;0 0;0
32 NONE 0;0 0;0
33 NONE 0;0 0;0
34 NONE 0;0 0;0
35 NONE 0;0 0;0
36 NONE 0;0 0;0
37 NONE 0;0 0;0
38 NONE 0;0 0;0
39 NONE 0;0 0;0
40 NONE 0;0 0;0
41 NONE 0;0 0;0
42 NONE 0;0 0;0
43 NONE 0;0 0;0
44 NONE 0;0 0;0
45 NONE 0;0 0;0
46 NONE 0;0 0;0
47 NONE 0;0 0;0
48 NONE 0;0 0;0
49 NONE 0;0 0;0
50 NONE 0;0 0;0
51 NONE 0;0 0;0
52 NONE 0;0 0;0
53 NONE 0;0 0;0
54 NONE 0;0 0;0
55 NONE 0;0 0;0
56 NONE 0;0 0;0
57 NONE 0;0 0;0
58 NONE 0;0 0;0
59 NONE 0;0 0;0
60 NONE 0;0 0;0
61 NONE 0;0 0;0
62 NONE 0;0 0;0
63 NONE 0;0 0;0
64 NONE 0;0 0;0
65 NONE 0;0 0;0
66 NONE 0;0 0;0
67 NONE 0;0 0;0
68 NONE 0;0 0;0
69 NONE 0;0 0;0
70 NONE 0;0 0;0
71 NONE 0;0 0;0
72 NONE 0;0 0;0
73 NONE 0;0 0;0
74 NONE 0;0 0;0
75 NONE 0;0 0;0
76 NONE 0;0 0;0
77 NONE 0;0 0;0
78 NONE 0;0 0;0
79 NONE 0;0 0;0
80 NONE 0;0 0;0
81 NONE 0;0 0;0
82 NONE 0;0 0;0
83 NONE 0;0 0;0
84 NONE 0;0 0;0
85 NONE 0;0 0;0
86 NONE 0;0 0;0
87 NONE 0;0 0;0
88 NONE 0;0 0;0
89 NONE 0;0 0;0
90 NONE 0;0 0;0
91 NONE 0;0 0;0
92 NONE 0;0 0;0
93 NONE 0;0 0;0
94 NONE 0;0 0;0
95 NONE 0;0 0;0
96 NONE 0;0 0;0
97 NONE 0;0 0;0
98 NONE 0;0 0;0
99 NONE 0;0 0;0
100 NONE 0;0 0;0
101 NONE 0;0 0;0
102 NONE 0;0 0;0
103 NONE 0;0 0;0
104 NONE 0;0 0;0
105 NONE 0;0 0;0
106 NONE 0;0 0;0
107 NONE 0;0 0;0
108 NONE 0;0 0;0
109 NONE 0;0 0;0
110 NONE 0;0 0;0
111 NONE 0;0 0;0
112 NONE 0;0 0;0
113 NONE 0;0 0;0
114 NONE 0;0 0;0
115 NONE 0;0 0;0
116 NONE 0;0 0;0
117 NONE 0;0 0;0
118 NONE 0;0 0;0
119 NONE 0;0 0;0
120 NONE 0;0 0;0
121 NONE 0;0 0;0
122 NONE 0;0 0;0
123 NONE 0;0 0;0
124 NONE 0;0 0;0
125 NONE 0;0 0;0
126 NONE 0;0 0;0
127 NONE 0;0 0;0
128 NONE 0;0 0;0
129 NONE 0;0 0;0
130 NONE 0;0 0;0
131 NONE 0;0 0;0
132 NONE 0;0 0;0
133 NONE 0;0 0;0
134 NONE 0;0 0;0
135 NONE 0;0 0;0
136 NONE 0;0 0;0
137 NONE 0;0 0;0
138 NONE 0;0 0;0
139 NONE 0;0 0;0
140 NONE 0;0 0;0
141 NONE 0;0 0;0
142 NONE 0;0 0;0
143 NONE 0;0 0;0
144 NONE 0;0 0;0
145 NONE 0;0 0;0
146 NONE 0;0 0;0
147 NONE 0;0 0;0
148 NONE 0;0 0;0
149 NONE 0;0 0;0
150 NONE 0;0 0;0
151 NONE 0;0 0;0
152 NONE 0;0 0;0
153 NONE 0;0 0;0
154 NONE 0;0 0;0
155 NONE 0;0 0;0
156 NONE 0;0 0;0
157 NONE 0;0 0;0
158 NONE 0;0 0;0
159 NONE 0;0 0;0
160 NONE 0;0 0;0
161 NONE 0;0 0;0
162 NONE 0;0 0;0
163 NONE 0;0 0;0
164 NONE 0;0 0;0
165 NONE 0;0 0;0
166 NONE 0;0 0;0
167 NONE 0;0 0;0
168 NONE 0;0 0;0
169 NONE 0;0 0;0
170 NONE 0;0 0;0
171 NONE 0;0 0;0
172 NONE 0;0 0;0
173 NONE 0;0 0;0
174 NONE 0;0 0;0
175 NONE 0;0 0;0
176 NONE 0;0 0;0
177 NONE 0;0 0;0
178 NONE 0;0 0;0
179 NONE 0;0 0;0
180 NONE 0;0 0;0
181 NONE 0;0 0;0
182 NONE 0;0 0;0
183 NONE 0;0 0;0
184 NONE 0;0 0;0
185 NONE 0;0 0;0
186 NONE 0;0 0;0
187 NONE 0;0 0;0
188 NONE 0;0 0;0
189 NONE 0;0 0;0
190 NONE 0;0 0;0
191 NONE 0;0 0;0
192 NONE 0;0 0;0
193 NONE 0;0 0;0
194 NONE 0;0 0;0
195 NONE 0;0 0;0
196 NONE 0;0 0;0
197 NONE 0;0 0;0
198 NONE 0;0 0;0
199 NONE 0;0 0;0
200 NONE 0;0 0;0
201 NONE 0;0 0;0
202 NONE 0;0 0;0
203 NONE 0;0 0;0
204 NONE 0;0 0;0
205 NONE 0;0 0;0
206 NONE 0;0 0;0
207 NONE 0;0 0;0
208 NONE 0;0 0;0
209 NONE 0;0 0;0
210 NONE 0;0 0;0
211 NONE 0;0 0;0
212 NONE 0;0 0;0
213 NONE 0;0 0;0
214 NONE 0;0 0;0
215 NONE 0;0 0;0
216 NONE 0;0 0;0
217 NONE 0;0 0;0
218 NONE 0;0 0;0
219 NONE 0;0 0;0
220 NONE 0;0 0;0
221 NONE 0;0 0;0
222 NONE 0;0 0;0
223 NONE 0;0 0;0
224 NONE 0;0 0;0
225 NONE 0;0 0;0
226 NONE 0;0 0;0
227 NONE 0;0 0;0
228 NONE 0;0 0;0
229 NONE 0;0 0;0
230 NONE 0;0 0;0
231 NONE 0;0 0;0
232 NONE 0;0 0;0
233 NONE 0;0 0;0
234 NONE 0;0 0;0
235 NONE 0;0 0;0
236 NONE 0;0 0;0
237 NONE 0;0 0;0
238 NONE 0;0 0;0
239 NONE 0;0 0;0
240 NONE 0;0 0;0
241 NONE 0;0 0;0
242 NONE 0;0 0;0
243 NONE 0;0 0;0
244 NONE 0;0 0;0
245 NONE 0;0 0;0
246 NONE 0;0 0;0
247 NONE 0;0 0;0
248 NONE 0;0 0;0
249 NONE 32767;0 0;0
250 NONE -16383;28377 0;0
251 NONE -16383;-28377 0;0
252 NONE 32767;0 0;0
253 NONE -16383;28377 0;0
254 NONE -16383;-28377 0;0
255 NONE 32767;0 0;0
256 NONE -16383;28377 0;0
257 NONE -16383;-28377 0;0
258 NONE 32767;0 0;0
259 NONE -16383;28377 0;0
260 NONE -16383;-28377 0;0
261 NONE 32767;0 0;0
262 NONE -16383;28377 0;0
263 NONE -16383;-28377 0;0
264 NONE 32767;0 0;0
265 NONE -16383;28377 0;0
266 NONE -16383;-28377 0;0
267 NONE 32767;0 0;0
268 NONE -16383;28377 0;0
269 NONE -16383;-28377 0;0
270 NONE 32767;0 0;0
271 NONE -16383;28377 0;0
272 NONE -16383;-28377 0;0
273 NONE 32767;0 0;0
274 NONE -16383;28377 0;0
275 NONE -16383;-28377 0;0
276 NONE 32767;0 0;0
277 NONE -16383;28377 0;0
278 NONE -16383;-28377 0;0
279 NONE 32767;0 0;0
280 NONE -16383;28377 0;0
281 NONE -16383;-28377 0;0
282 NONE 32767;0 0;0
283 NONE -16383;28377 0;0
284 NONE -16383;-28377 0;0
285 NONE 32767;0 0;0
286 NONE -16383;28377 0;0
287 NONE -16383;-28377 0;0
288 NONE 32767;0 0;0
289 KEY_A 0;-32767 0;0
290 KEY_ZL -10125;31163 0;0
291 KEY_ZL -10125;31163 0;0
292 KEY_ZL -10125;31163 0;0
293 KEY_ZL -10125;31163 0;0
294 KEY_ZL -10125;31163 0;0
295 KEY_ZL -10125;31163 0;0
296 KEY_ZL -10125;31163 0;0
297 KEY_ZL;KEY_Y;KEY_R 0;0 0;0
298 KEY_ZL 0;0 0;0
299 KEY_ZL 0;0 0;0
300 KEY_ZL 0;0 0;0
301 KEY_ZL 0;0 0;0
302 KEY_ZL 0;0 0;0
303 KEY_ZL 0;0 0;0
304 KEY_ZL 0;0 0;0
305 KEY_ZL 0;0 0;0
306 KEY_ZL 0;0 0;0
307 KEY_ZL 0;0 0;0
308 KEY_ZL 0;0 0;0
309 KEY_ZL 0;0 0;0
310 KEY_ZL 0;0 0;0
311 KEY_ZL 0;0 0;0
312 KEY_ZL 0;0 0;0
313 KEY_ZL 0;0 0;0
314 KEY_ZL 0;0 0;0
315 KEY_ZL 0;0 0;0
316 KEY_ZL 0;0 0;0
317 KEY_ZL 0;0 0;0
318 KEY_ZL 0;0 0;0
319 KEY_ZL 0;0 0;0
320 KEY_ZL 0;0 0;0
321 KEY_ZL 0;0 0;0
322 KEY_ZL 0;0 0;0
323 KEY_ZL 0;0 0;0
324 KEY_ZL 0;0 0;0
325 KEY_ZL 0;0 0;0
326 KEY_ZL 0;0 0;0
327 KEY_ZL 0;0 0;0
328 KEY_ZL 0;0 0;0
329 KEY_ZL;KEY_L 0;0 0;0
330 KEY_ZL 0;0 0;-32767
331 KEY_ZL 0;0 0;-32767
332 KEY_ZL 0;0 0;-32767
333 KEY_ZL 0;0 0;-32767
334 KEY_ZL 0;0 0;-32767
335 KEY_ZL 0;0 0;-32767
336 KEY_ZL 0;0 0;-32767
337 KEY_ZL 0;0 0;-32767
338 KEY_ZL 0;0 0;-32767
339 KEY_ZL 0;0 0;-32767
340 KEY_ZL 0;0 0;-32767
341 KEY_ZL 0;0 0;-32767
342 KEY_ZL 0;0 0;-32767
343 KEY_ZL 0;0 0;-32767
344 KEY_ZL 0;0 0;-32767
345 KEY_ZL 0;0 0;-32767
346 KEY_ZL 0;0 0;-32767
347 KEY_ZL 0;0 0;-32767
348 KEY_ZL 0;0 0;-32767
349 KEY_ZL 0;0 0;-32767
350 KEY_ZL 0;0 0;-32767
351 KEY_ZL 0;0 0;-32767
352 KEY_ZL 0;0 0;-32767
353 KEY_ZL 0;0 0;-32767
354 KEY_ZL 0;0 0;-32767
355 KEY_ZL 0;0 0;-32767
356 KEY_ZL 0;0 0;-32767
357 KEY_ZL 0;0 0;-32767
358 KEY_ZL 0;0 0;-32767
359 KEY_ZL 0;0 0;-32767
360 KEY_ZL;KEY_L 0;0 0;-32767
361 KEY_ZL 0;0 0;-32767
362 KEY_ZL 0;0 0;-32767
363 KEY_ZL 0;0 0;-32767
364 KEY_ZL 0;0 0;-32767
365 KEY_ZL 0;0 0;-32767
366 KEY_ZL 0;0 0;-32767
367 KEY_ZL 0;0 0;-32767
368 KEY_ZL 0;0 0;-32767
369 KEY_ZL 0;0 0;-32767
370 KEY_ZL 0;0 0;-32767
371 KEY_ZL 0;0 0;-32767
372 KEY_ZL 0;0 0;-32767
373 KEY_ZL 0;0 0;-32767
374 KEY_ZL 0;0 0;-32767
375 KEY_ZL 0;0 0;-32767
376 KEY_ZL 0;0 0;-32767
377 KEY_ZL 0;0 0;-32767
378 KEY_ZL 0;0 0;-32767
379 KEY_ZL 0;0 0;-32767
380 KEY_ZL 0;0 0;-32767
381 KEY_ZL 0;0 0;-32767
382 KEY_ZL 0;0 0;-32767
383 KEY_ZL 0;0 0;-32767
384 KEY_ZL 0;0 0;-32767
385 KEY_ZL 0;0 0;-32767
386 KEY_ZL 0;0 0;-32767
387 KEY_ZL 0;0 0;-32767
388 KEY_ZL 0;0 0;-32767
389 KEY_ZL 0;0 0;-32767
390 KEY_ZL 0;0 0;-32767
391 KEY_ZL 0;0 0;-32767
392 KEY_ZL 0;0 0;-32767
393 KEY_L;KEY_DUP;KEY_A 0;0 0;0
394 NONE -1714;32722 0;0
395 NONE -1714;32722 0;0
396 NONE -1714;32722 0;0
397 NONE -1714;32722 0;0
398 NONE -1714;32722 0;0
399 NONE -1714;32722 0;0
400 NONE -1714;32722 0;0
401 NONE -1714;32722 0;0
402 NONE -1714;32722 0;0
403 NONE -18794;26841 0;0
404 NONE -18794;26841 0;0
405 NONE -18794;26841 0;0
406 NONE -18794;26841 0;0
407 NONE -18794;26841 0;0
408 NONE -18794;26841 0;0
409 NONE -18794;26841 0;0
410 NONE -18794;26841 0;0
411 NONE -18794;26841 0;0
412 NONE -18794;26841 0;0
413 NONE 25100;21062 0;0
414 NONE 25100;21062 0;0
415 NONE 25100;21062 0;0
416 NONE 25100;21062 0;0
417 NONE 25100;21062 0;0
418 NONE 25100;21062 0;0
419 NONE 25100;21062 0;0
420 NONE 25100;21062 0;0
421 NONE 25100;21062 0;0
422 NONE 25100;21062 0;0
423 NONE 25100;21062 0;0
424 NONE 25100;21062 0;0
425 NONE 25100;21062 0;0
426 NONE 25100;21062 0;0
427 NONE 25100;21062 0;0
428 NONE 25100;21062 0;0
429 NONE 25100;21062 0;0
430 NONE 25100;21062 0;0
431 NONE 25100;21062 0;0
432 NONE 25100;21062 0;0
433 NONE 25100;21062 0;0
434 NONE 25100;21062 0;0
435 NONE 25100;21062 0;0
436 NONE 25100;21062 0;0
437 NONE 25100;21062 0;0
438 NONE 25100;21062 0;0
439 NONE 25100;21062 0;0
440 NONE 25100;21062 0;0
441 NONE 25100;21062 0;0
442 NONE 25100;21062 0;0
443 NONE 25100;21062 0;0
444 NONE 25100;21062 0;0
445 NONE 25100;21062 0;0
446 NONE 25100;21062 0;0
447 NONE 25100;21062 0;0
448 NONE 25100;21062 0;0
449 NONE 25100;21062 0;0
450 NONE 25100;21062 0;0
451 NONE 25100;21062 0;0
452 NONE 25100;21062 0;0
453 NONE 25100;21062 0;0
454 NONE 25100;21062 0;0
455 NONE 25100;21062 0;0
456 NONE 25100;21062 0;0
457 NONE 25100;21062 0;0
458 NONE 25100;21062 0;0
459 NONE 25100;21062 0;0
460 NONE 25100;21062 0;0
461 NONE 25100;21062 0;0
462 NONE 25100;21062 0;0
463 NONE 25100;21062 0;0
464 NONE 25100;21062 0;0
465 NONE 25100;21062 0;0
466 NONE 25100;21062 0;0
467 NONE 25100;21062 0;0
468 NONE 25100;21062 0;0
469 NONE 25100;21062 0;0
470 NONE 25100;21062 0;0
471 NONE 25100;21062 0;0
472 NONE 25100;21062 0;0
473 NONE 25100;21062 0;0
474 NONE 25100;21062 0;0
475 NONE 25100;21062 0;0
476 NONE 25100;21062 0;0
477 NONE 25100;21062 0;0
478 NONE 25100;21062 0;0
479 NONE 25100;21062 0;0
480 NONE 25100;21062 0;0
481 NONE 25100;21062 0;0
482 NONE 25100;21062 0;0
483 NONE 25100;21062 0;0
484 NONE 25100;21062 0;0
485 NONE 25100;21062 0;0
486 NONE 25100;21062 0;0
487 NONE 25100;21062 0;0
488 NONE 25100;21062 0;0
489 NONE 25100;21062 0;0
490 NONE 25100;21062 0;0
491 NONE 25100;21062 0;0
492 NONE 25100;21062 0;0
493 NONE 25100;21062 0;0
494 NONE 25100;21062 0;0
495 NONE 25100;21062 0;0
496 NONE 25100;21062 0;0
497 NONE 25100;21062 0;0
498 NONE 25100;21062 0;0
499 NONE 25100;21062 0;0
500 NONE 25100;21062 0;0
501 NONE 25100;21062 0;0
502 NONE 25100;21062 0;0
503 NONE 25100;21062 0;0
504 NONE 25100;21062 0;0
505 NONE 25100;21062 0;0
506 NONE 25100;21062 0;0
507 NONE 25100;21062 0;0
508 NONE 25100;21062 0;0
509 NONE 25100;21062 0;0
510 NONE 25100;21062 0;0
511 NONE 25100;21062 0;0
512 NONE 0;0 0;0
513 NONE 0;0 0;0
514 NONE 0;0 0;0
515 NONE 0;0 0;0
516 NONE 0;0 0;0
517 NONE 0;0 0;0
518 NONE 0;0 0;0
519 NONE 0;0 0;0
520 NONE 0;0 0;0
521 NONE 0;0 0;0
522 NONE 0;0 0;0
523 NONE 0;0 0;0
524 NONE 0;0 0;0
525 NONE 0;0 0;0
526 NONE 0;0 0;0
527 NONE 0;0 0;0
528 NONE 0;0 0;0
529 NONE 0;0 0;0
530 NONE 0;0 0;0
531 NONE 0;0 0;0
532 NONE 0;0 0;0
533 NONE 0;0 0;0
534 NONE 0;0 0;0
535 NONE 0;0 0;0
536 NONE 0;0 0;0
537 NONE 0;0 0;0
538 NONE 0;0 0;0
539 NONE 0;0 0;0
540 NONE 0;0 0;0
541 NONE 0;0 0;0
542 NONE 0;0 0;0
543 NONE 0;0 0;0
544 NONE 0;0 0;0
545 NONE 0;0 0;0
546 NONE 0;0 0;0
547 NONE 0;0 0;0
548 NONE 0;0 0;0
549 NONE 0;0 0;0
550 NONE 0;0 0;0
551 NONE 0;0 0;0
552 NONE 0;0 0;0
553 NONE 0;0 0;0
554 NONE 0;0 0;0
555 NONE 0;0 0;0
556 NONE 0;0 0;0
557 NONE 0;0 0;0
558 NONE 0;0 0;0
559 NONE 0;0 0;0
560 NONE 0;0 0;0
561 NONE 0;0 0;0
562 NONE 0;0 0;0
563 NONE 0;0 0;0
564 NONE 0;0 0;0
565 NONE 0;0 0;0
566 NONE 0;0 0;0
567 NONE 0;0 0;0
568 NONE 0;0 0;0
569 NONE 0;0 0;0
570 NONE 0;0 0;0
571 NONE 0;0 0;0
572 NONE 0;0 0;0
573 NONE 0;0 0;0
574 NONE 0;0 0;0
575 NONE 0;0 0;0
576 NONE 0;0 0;0
577 NONE 0;0 0;0
578 NONE 0;0 0;0
579 NONE 0;0 0;0
580 NONE 0;0 0;0
581 NONE 0;0 0;0
582 NONE 0;0 0;0
583 NONE 0;0 0;0
584 NONE 0;0 0;0
585 NONE 0;0 0;0
586 NONE 0;0 0;0
587 NONE 0;0 0;0
588 NONE 0;0 0;0
589 NONE 0;0 0;0
590 NONE 0;0 0;0
591 NONE 0;0 0;0
592 NONE 0;0 0;0
593 NONE 0;0 0;0
594 NONE 0;0 0;0
595 NONE 0;0 0;0
596 NONE 0;0 0;0
597 NONE 0;0 0;0
598 NONE 0;0 0;0
599 NONE 0;0 0;0
600 NONE 0;0 0;0
601 NONE 0;0 0;0
602 NONE 0;0 0;0
603 NONE 0;0 0;0
604 NONE 0;0 0;0
605 NONE 0;0 0;0
606 NONE 0;0 0;0
607 NONE 0;0 0;0
608 NONE 0;0 0;0
609 NONE 0;0 0;0
610 NONE 0;0 0;0
611 NONE 0;0 0;0
612 NONE 0;0 0;0
613 NONE 0;0 0;0
614 NONE 8480;31650 0;0
615 KEY_L;KEY_DUP 8480;31650 0;0
616 NONE -30790;11206 0;0
617 NONE 8480;31650 0;0
618 NONE 8480;31650 0;0
619 NONE 8480;31650 0;0
620 NONE 8480;31650 0;0
621 NONE 8480;31650 0;0
622 NONE 8480;31650 0;0
623 NONE 8480;31650 0;0
624 NONE 8480;31650 0;0
625 NONE 8480;31650 0;0
626 NONE 32767;0 0;0
627 NONE 32767;0 0;0
628 NONE 32767;0 0;0
629 NONE 32767;0 0;0
630 NONE 32767;0 0;0
631 NONE 16383;28377 0;0
632 NONE 16383;28377 0;0
633 NONE 16383;28377 0;0
634 NONE 16383;28377 0;0
635 KEY_L;KEY_DRIGHT 16383;28377 0;0
636 KEY_Y 16383;28377 0;0
637 KEY_Y 16383;28377 0;0
638 KEY_Y 16383;28377 0;0
639 KEY_Y 16383;28377 0;0
640 KEY_Y 16383;28377 0;0
641 KEY_Y 16383;28377 0;0
642 KEY_Y -5689;32269 0;0
643 KEY_Y -5689;32269 0;0
644 KEY_Y -5689;32269 0;0
645 KEY_Y -5689;32269 0;0
646 KEY_Y -5689;32269 0;0
647 KEY_Y -5689;32269 0;0
648 KEY_Y -5689;32269 0;0
649 KEY_Y -5689;32269 0;0
650 KEY_Y -5689;32269 0;0
651 KEY_Y -5689;32269 0;0
652 KEY_Y -5689;32269 0;0
653 KEY_Y -5689;32269 0;0
654 KEY_Y -5689;32269 0;0
655 KEY_Y -5689;32269 0;0
656 KEY_Y -5689;32269 0;0
657 KEY_Y -5689;32269 0;0
658 KEY_Y -5689;32269 0;0
659 KEY_Y -5689;32269 0;0
660 KEY_Y -5689;32269 0;0
661 KEY_Y -5689;32269 0;0
662 KEY_Y -5689;32269 0;0
663 KEY_Y -5689;32269 0;0
664 KEY_L;KEY_DUP 14875;29195 0;0
665 KEY_A 14875;29195 0;0
666 KEY_A -29696;13847 0;0
667 KEY_A -29696;13847 0;0
668 KEY_A -29696;13847 0;0
669 KEY_A -29696;13847 0;0
670 KEY_A -29696;13847 0;0
671 KEY_A -29696;13847 0;0
672 KEY_A -29696;13847 0;0
673 KEY_A -29696;13847 0;0
674 KEY_A -29696;13847 0;0
675 NONE -29696;13847 0;0
676 NONE -29696;13847 0;0
677 NONE -29696;13847 0;0
678 NONE -29696;13847 0;0
679 NONE -29696;13847 0;0
680 NONE -29696;13847 0;0
681 NONE -29696;13847 0;0
682 NONE -29696;13847 0;0
683 NONE -29696;13847 0;0
684 NONE -29696;13847 0;0
685 NONE -29696;13847 0;0
686 NONE -29696;13847 0;0
687 NONE -29696;13847 0;0
688 NONE -29696;13847 0;0
689 NONE -29696;13847 0;0
690 NONE -29696;13847 0;0
691 NONE -29696;13847 0;0
692 NONE -29696;13847 0;0
693 NONE -29696;13847 0;0
694 NONE -29696;13847 0;0
695 NONE -29696;13847 0;0
696 NONE -29696;13847 0;0
697 NONE -29696;13847 0;0
698 NONE -29696;13847 0;0
699 NONE -29696;13847 0;0
700 NONE -29696;13847 0;0
701 NONE -29696;13847 0;0
702 NONE -29696;13847 0;0
703 NONE -29696;13847 0;0
704 NONE -29696;13847 0;0
705 NONE -29696;13847 0;0
706 NONE -29696;13847 0;0
707 NONE -29696;13847 0;0
708 NONE -29696;13847 0;0
709 NONE -29696;13847 0;0
710 NONE -29696;13847 0;0
711 NONE -29696;13847 0;0
712 NONE -29696;13847 0;0
713 NONE -29696;13847 0;0
714 NONE -29696;13847 0;0
715 NONE -29696;13847 0;0
716 NONE -29696;13847 0;0
717 NONE -29696;13847 0;0
718 NONE -29696;13847 0;0
719 NONE -29696;13847 0;0
720 NONE -29696;13847 0;0
721 NONE -29696;13847 0;0
722 NONE -29696;13847 0;0
723 NONE -29696;13847 0;0
724 NONE -29696;13847 0;0
725 NONE -29696;13847 0;0
726 NONE -29696;13847 0;0
727 NONE -29696;13847 0;0
728 NONE -29696;13847 0;0
729 NONE -29696;13847 0;0
730 NONE -29696;13847 0;0
731 NONE -29696;13847 0;0
732 NONE -29696;13847 0;0
733 NONE -29696;13847 0;0
734 NONE -29696;13847 0;0
735 NONE -29696;13847 0;0
736 NONE -29696;13847 0;0
737 NONE -29696;13847 0;0
738 NONE -29696;13847 0;0
739 NONE -29696;13847 0;0
740 NONE -29696;13847 0;0
741 NONE -29696;13847 0;0
742 NONE -29696;13847 0;0
743 NONE -29696;13847 0;0
744 NONE -29696;13847 0;0
745 NONE -29696;13847 0;0
746 NONE -29696;13847 0;0
747 NONE -29696;13847 0;0
748 NONE -29696;13847 0;0
749 NONE -29696;13847 0;0
750 NONE -29696;13847 0;0
751 NONE -29696;13847 0;0
752 NONE -29696;13847 0;0
753 NONE -29696;13847 0;0
754 NONE 3604;0 0;0
755 NONE 3604;0 0;0
756 NONE 3604;0 0;0
757 KEY_Y -1714;32722 0;0
758 KEY_Y -1714;32722 0;0
759 KEY_Y 30790;11206 0;-32767
760 KEY_Y 30790;11206 0;-32767
761 KEY_Y 30790;11206 0;-32767
762 KEY_Y 30790;11206 0;-32767
763 KEY_Y 30790;11206 0;-32767
764 KEY_Y 30790;11206 0;-32767
765 KEY_Y 30790;11206 0;-32767
766 KEY_Y 30790;11206 0;-32767
767 KEY_Y 30790;11206 0;-32767
768 KEY_Y 30790;11206 0;-32767
769 KEY_Y 30790;11206 0;-32767
770 KEY_Y 30790;11206 0;-32767
771 KEY_A;KEY_Y 30790;11206 0;-32767
772 KEY_A;KEY_Y 31335;-9580 0;-32767
773 KEY_A;KEY_Y 31335;-9580 0;-32767
774 KEY_A;KEY_Y 31335;-9580 0;-32767
775 KEY_A;KEY_Y 31335;-9580 0;-32767
776 KEY_A;KEY_Y 31335;-9580 0;-32767
777 KEY_A;KEY_Y 31335;-9580 0;-32767
778 KEY_A;KEY_Y 31335;-9580 0;-32767
779 KEY_A;KEY_Y 31335;-9580 0;-32767
780 KEY_A;KEY_Y 31335;-9580 0;-32767
781 KEY_Y 31335;-9580 0;-32767
782 KEY_Y 31335;-9580 0;-32767
783 KEY_Y 31335;-9580 0;-32767
784 KEY_Y 31335;-9580 0;-32767
785 KEY_Y 31335;-9580 0;-32767
786 KEY_Y 31335;-9580 0;-32767
787 KEY_Y 31335;-9580 0;-32767
788 KEY_Y 31335;-9580 0;-32767
789 KEY_Y 31335;-9580 0;-32767
790 KEY_Y 31335;-9580 0;-32767
791 KEY_Y 31335;-9580 0;-32767
792 KEY_Y 31335;-9580 0;-32767
793 KEY_Y 31335;-9580 0;-32767
794 KEY_Y 31335;-9580 0;-32767
795 KEY_Y 31335;-9580 0;-32767
796 KEY_Y 31335;-9580 0;-32767
797 KEY_Y 31335;-9580 0;-32767
798 KEY_Y 31335;-9580 0;-32767
799 KEY_Y 31335;-9580 0;-32767
800 KEY_Y 31335;-9580 0;-32767
801 KEY_Y 31335;-9580 0;-32767
802 KEY_Y 31335;-9580 0;-32767
803 KEY_Y 31335;-9580 0;-32767
804 KEY_Y 31335;-9580 0;-32767
805 KEY_Y 31335;-9580 0;-32767
806 KEY_Y 31335;-9580 0;-32767
807 KEY_Y 31335;-9580 0;-32767
808 KEY_Y 31335;-9580 0;-32767
809 KEY_Y 31335;-9580 0;-32767
810 KEY_Y 31335;-9580 0;-32767
811 KEY_Y 31335;-9580 0;-32767
812 KEY_Y 31335;-9580 0;-32767
813 KEY_Y 31335;-9580 0;-32767
814 KEY_Y 31335;-9580 0;-32767
815 KEY_Y 31335;-9580 0;-32767
816 KEY_Y 31335;-9580 0;-32767
817 KEY_Y 31335;-9580 0;-32767
818 KEY_Y 31335;-9580 0;-32767
819 KEY_Y 31335;-9580 0;-32767
820 KEY_Y 31335;-9580 0;-32767
821 KEY_Y 31335;-9580 0;-32767
822 KEY_Y 31335;-9580 0;-32767
823 KEY_Y 31335;-9580 0;-32767
824 KEY_L;KEY_DUP 31335;-9580 0;-32767
825 NONE 31335;-9580 0;-32767
826 NONE 31335;-9580 0;-32767
827 NONE 31335;-9580 0;-32767
828 NONE 31335;-9580 0;-32767
829 NONE 31335;-9580 0;-32767
830 NONE 31335;-9580 0;-32767
831 NONE 31335;-9580 0;-32767
832 NONE 31335;-9580 0;-32767
833 NONE 31335;-9580 0;-32767
834 NONE 31335;-9580 0;-32767
835 NONE 31335;-9580 0;-32767
836 NONE 31335;-9580 0;-32767
837 NONE 31335;-9580 0;-32767
838 NONE 31335;-9580 0;-32767
839 NONE 31335;-9580 0;-32767
840 NONE 31335;-9580 0;-32767
841 NONE 31335;-9580 0;-32767
842 NONE 31335;-9580 0;-32767
843 NONE 31335;-9580 0;-32767
844 NONE 31335;-9580 0;-32767
845 NONE 31335;-9580 0;-32767
846 NONE 31335;-9580 0;-32767
847 NONE 31335;-9580 0;-32767
848 NONE 31335;-9580 0;-32767
849 NONE 31335;-9580 0;-32767
850 NONE 31335;-9580 0;-32767
851 NONE 31335;-9580 0;-32767
852 NONE 31335;-9580 0;-32767
853 NONE 31335;-9580 0;-32767
854 NONE 31335;-9580 0;-32767
855 NONE 31335;-9580 0;-32767
856 NONE 31335;-9580 0;-32767
857 NONE 31335;-9580 0;-32767
858 NONE 31335;-9580 0;-32767
859 NONE 31335;-9580 0;-32767
860 NONE 31335;-9580 0;-32767
861 NONE 31335;-9580 0;-32767
862 NONE 31335;-9580 0;-32767
863 NONE 31335;-9580 0;-32767
864 NONE 31335;-9580 0;-32767
865 NONE 31335;-9580 0;-32767
866 NONE 31335;-9580 0;-32767
867 NONE 31335;-9580 0;-32767
868 NONE 31335;-9580 0;-32767
869 NONE 31335;-9580 0;-32767
870 NONE 31335;-9580 0;-32767
871 NONE 31335;-9580 0;-32767
872 NONE 31335;-9580 0;-32767
873 NONE 31335;-9580 0;-32767
874 NONE 31335;-9580 0;-32767
875 NONE 31335;-9580 0;-32767
876 NONE 31335;-9580 0;-32767
877 NONE 31335;-9580 0;-32767
878 NONE 31335;-9580 0;-32767
879 NONE 31335;-9580 0;-32767
880 NONE 31335;-9580 0;-32767
881 NONE 31335;-9580 0;-32767
882 NONE 31335;-9580 0;-32767
883 NONE 31335;-9580 0;-32767
884 NONE 31335;-9580 0;-32767
885 NONE 31335;-9580 0;-32767
886 NONE 31335;-9580 0;-32767
887 NONE 31335;-9580 0;-32767
888 NONE 31335;-9580 0;-32767
889 NONE 31335;-9580 0;-32767
890 NONE 31335;-9580 0;-32767
891 NONE 31335;-9580 0;-32767
892 NONE 31335;-9580 0;-32767
893 NONE -29696;13847 0;-32767
894 KEY_A -7370;31927 0;-32767
895 KEY_A -7370;31927 0;-32767
896 KEY_A -7370;31927 0;-32767
897 KEY_A -7370;31927 0;-32767
898 KEY_A -7370;31927 0;-32767
899 KEY_A -7370;31927 0;-32767
900 KEY_A -7370;31927 0;-32767
901 KEY_A -7370;31927 0;-32767
902 KEY_A -7370;31927 0;-32767
903 KEY_A -7370;31927 0;-32767
904 NONE -7370;31927 0;-32767
905 NONE -7526;31890 0;-32767
906 NONE -7681;31853 0;-32767
907 NONE -7836;31816 0;-32767
908 NONE -7991;31777 0;-32767
909 NONE -8146;31738 0;-32767
910 NONE -8300;31698 0;-32767
911 NONE -8455;31657 0;-32767
912 NONE -8609;31615 0;-32767
913 NONE -8763;31573 0;-32767
914 NONE -8916;31530 0;-32767
915 NONE -9070;31486 0;-32767
916 NONE -9223;31442 0;-32767
917 NONE -9376;31396 0;-32767
918 NONE -9529;31350 0;-32767
919 NONE -9681;31303 0;-32767
920 NONE -9834;31256 0;-32767
921 NONE -9986;31208 0;-32767
922 NONE -10138;31159 0;-32767
923 NONE -10289;31109 0;-32767
924 NONE -10441;31058 0;-32767
925 NONE -10592;31007 0;-32767
926 NONE -10743;30955 0;-32767
927 NONE -10893;30903 0;-32767
928 NONE -11044;30849 0;-32767
929 NONE -11194;30795 0;-32767
930 NONE -11344;30740 0;-32767
931 NONE -11493;30684 0;-32767
932 NONE -11643;30628 0;-32767
933 NONE -11792;30571 0;-32767
934 NONE -11941;30513 0;-32767
935 NONE -12089;30455 0;-32767
936 NONE -12237;30395 0;-32767
937 NONE -12385;30335 0;-32767
938 NONE -12533;30275 0;-32767
939 NONE -12680;30213 0;-32767
940 NONE -12827;30151 0;-32767
941 NONE -12974;30088 0;-32767
942 NONE -13120;30025 0;-32767
943 NONE -13266;29961 0;-32767
944 NONE -13412;29896 0;-32767
945 NONE -13557;29830 0;-32767
946 NONE -13703;29764 0;-32767
947 NONE -13847;29696 0;-32767
948 NONE -13847;29696 0;-32767
949 NONE -13847;29696 0;-32767
950 NONE -13847;29696 0;-32767
951 NONE -13847;29696 0;-32767
952 NONE -13847;29696 0;-32767
953 NONE -13847;29696 0;-32767
954 NONE -13847;29696 0;-32767
955 NONE -13847;29696 0;-32767
956 NONE -13847;29696 0;-32767
957 NONE -13847;29696 0;-32767
958 NONE -13847;29696 0;-32767
959 NONE -13847;29696 0;-32767
960 NONE -13847;29696 0;-32767
961 NONE -13847;29696 0;-32767
962 NONE -13847;29696 0;-32767
963 NONE -13847;29696 0;-32767
964 NONE -13847;29696 0;-32767
965 NONE -13847;29696 0;-32767
966 NONE -13847;29696 0;-32767
967 NONE -13847;29696 0;-32767
968 NONE -13847;29696 0;-32767
969 NONE -13847;29696 0;-32767
970 NONE -13847;29696 0;-32767
971 NONE -13847;29696 0;-32767
972 NONE -13847;29696 0;-32767
973 NONE -13847;29696 0;-32767
974 NONE -13847;29696 0;-32767
975 NONE -13847;29696 0;-32767
976 NONE -13847;29696 0;-32767
977 NONE -13847;29696 0;-32767
978 NONE -13847;29696 0;-32767
979 NONE -13847;29696 0;-32767
980 NONE -13847;29696 0;-32767
981 NONE -13847;29696 0;-32767
982 NONE -13847;29696 0;-32767
983 NONE -13847;29696 0;-32767
984 NONE -13847;29696 0;-32767
985 NONE -13847;29696 0;-32767
986 NONE -13847;29696 0;-32767
987 NONE -13847;29696 0;-32767
988 NONE -13847;29696 0;-32767
989 NONE -13847;29696 0;-32767
990 NONE -13847;29696 0;-32767
991 NONE -13847;29696 0;-32767
992 NONE -13847;29696 0;-32767
993 NONE -13847;29696 0;-32767
994 NONE -13847;29696 0;-32767
995 NONE -13847;29696 0;-32767
996 NONE -13847;29696 0;-32767
997 NONE -13847;29696 0;-32767
998 NONE -13847;29696 0;-32767
999 NONE -13847;29696 0;-32767
1000 NONE -13847;29696 0;-32767
1001 NONE -13847;29696 0;-32767
1002 NONE 28377;-16383 0;0
1003 NONE 28377;-16383 0;0
1004 NONE 13847;29696 0;0
1005 NONE 13847;29696 0;0
1006 KEY_L;KEY_DUP 13847;29696 0;0
1007 KEY_R 13847;29696 0;0
1008 NONE 0;0 0;0
1009 NONE 0;0 0;0
1010 NONE 0;0 0;0
1011 NONE 0;0 0;0
1012 NONE 0;0 0;0
1013 NONE 0;0 0;0
1014 KEY_A 0;0 0;0
1015 KEY_Y -18794;26841 0;0
1016 KEY_Y -18794;26841 0;0
1017 KEY_Y -18794;26841 0;0
1018 KEY_Y -18794;26841 0;0
1019 KEY_Y -18794;26841 0;0
1020 KEY_Y -18794;26841 0;0
1021 KEY_Y -18794;26841 0;0
1022 KEY_Y -18794;26841 0;0
1023 KEY_Y -18794;26841 0;0
1024 KEY_Y -18794;26841 0;0
1025 KEY_Y -18794;26841 0;0
1026 KEY_Y -18794;26841 0;0
1027 KEY_Y -18794;26841 0;0
1028 KEY_Y -18794;26841 0;0
1029 KEY_Y -18794;26841 0;0
1030 KEY_Y -18794;26841 0;0
1031 KEY_Y -18794;26841 0;0
1032 KEY_Y -18794;26841 0;0
1033 KEY_Y -18794;26841 0;0
1034 KEY_Y -18794;26841 0;0
1035 KEY_Y -18794;26841 0;0
1036 KEY_Y -18794;26841 0;0
1037 KEY_Y -18794;26841 0;0
1038 KEY_Y -18794;26841 0;0
1039 KEY_Y -18794;26841 0;0
1040 KEY_Y -18794;26841 0;0
1041 KEY_Y -18794;26841 0;0
1042 KEY_Y -18794;26841 0;0
1043 KEY_Y -18794;26841 0;0
1044 KEY_Y -18794;26841 0;0
1045 KEY_Y -18794;26841 0;0
1046 KEY_Y -18794;26841 0;0
1047 KEY_Y 32642;2855 0;0
1048 NONE 32642;2855 0;0
1049 NONE 32634;2944 0;0
1050 NONE 32626;3032 0;0
1051 NONE 32618;3120 0;0
1052 NONE 32609;3208 0;0
1053 NONE 32600;3297 0;0
1054 NONE 32591;3385 0;0
1055 NONE 32582;3473 0;0
1056 NONE 32572;3561 0;0
1057 NONE 32563;3649 0;0
1058 NONE 32553;3737 0;0
1059 NONE 32542;3826 0;0
1060 NONE 32532;3914 0;0
1061 NONE 32521;4002 0;0
1062 NONE 32510;4090 0;0
1063 NONE 32499;4178 0;0
1064 NONE 32488;4265 0;0
1065 NONE 32476;4353 0;0
1066 NONE 32464;4441 0;0
1067 NONE 32452;4529 0;0
1068 NONE 32440;4617 0;0
1069 NONE 32427;4705 0;0
1070 NONE 32414;4792 0;0
1071 NONE 32401;4880 0;0
1072 NONE 32388;4968 0;0
1073 NONE 32374;5055 0;0
1074 NONE 32360;5143 0;0
1075 NONE 32346;5230 0;0
1076 NONE 32332;5318 0;0
1077 NONE 32317;5405 0;0
1078 NONE 32303;5493 0;0
1079 NONE 32288;5580 0;0
1080 NONE 32273;5668 0;0
1081 NONE 32257;5755 0;0
1082 NONE 32241;5842 0;0
1083 NONE 32225;5929 0;0
1084 NONE 32209;6017 0;0
1085 NONE 32193;6104 0;0
1086 NONE 32176;6191 0;0
1087 NONE 32159;6278 0;0
1088 NONE 32142;6365 0;0
1089 NONE 32125;6452 0;0
1090 NONE 32107;6539 0;0
1091 NONE 32090;6626 0;0
1092 NONE 32072;6712 0;0
1093 NONE 32053;6799 0;0
1094 NONE 32035;6886 0;0
1095 NONE 32016;6973 0;0
1096 NONE 31997;7059 0;0
1097 NONE 31978;7146 0;0
1098 NONE 31958;7232 0;0
1099 NONE 31939;7319 0;0
1100 NONE 31919;7405 0;0
1101 NONE 31899;7491 0;0
1102 NONE 31878;7578 0;0
1103 NONE 31858;7664 0;0
1104 NONE 31837;7750 0;0
1105 NONE 31816;7836 0;0
1106 NONE 31794;7922 0;0
1107 NONE 31773;8008 0;0
1108 NONE 31751;8094 0;0
1109 NONE 31729;8180 0;0
1110 NONE 31707;8266 0;0
1111 NONE 31684;8352 0;0
1112 NONE 31661;8437 0;0
1113 NONE 31638;8523 0;0
1114 NONE 31615;8609 0;0
1115 NONE 31592;8694 0;0
1116 NONE 31568;8780 0;0
1117 NONE 31544;8865 0;0
1118 NONE 31520;8950 0;0
1119 NONE 31496;9036 0;0
1120 NONE 31471;9121 0;0
1121 NONE 31447;9206 0;0
1122 NONE 31422;9291 0;0
1123 NONE 31396;9376 0;0
1124 NONE 31371;9461 0;0
1125 NONE 31345;9546 0;0
1126 NONE 31319;9631 0;0
1127 NONE 31293;9715 0;0
1128 NONE 31267;9800 0;0
1129 NONE 31240;9884 0;0
1130 NONE 31213;9969 0;0
1131 NONE 31186;10053 0;0
1132 NONE 31159;10138 0;0
1133 NONE 31131;10222 0;0
1134 NONE 31103;10306 0;0
1135 NONE 31075;10390 0;0
1136 NONE 31047;10474 0;0
1137 NONE 31019;10558 0;0
1138 NONE 30990;10642 0;0
1139 NONE 30961;10726 0;0
1140 NONE 30932;10810 0;0
1141 NONE 30903;10893 0;0
1142 NONE 30873;10977 0;0
1143 NONE 30843;11061 0;0
1144 NONE 30813;11144 0;0
1145 NONE 30783;11227 0;0
1146 NONE 30752;11311 0;0
1147 NONE 30722;11394 0;0
1148 NONE 30691;11477 0;0
1149 NONE 30659;11560 0;0
1150 NONE 30628;11643 0;0
1151 NONE 30596;11726 0;0
1152 NONE 30565;11808 0;0
1153 NONE 30533;11891 0;0
1154 NONE 30500;11974 0;0
1155 NONE 30468;12056 0;0
1156 NONE 30435;12138 0;0
1157 NONE 30402;12221 0;0
1158 NONE 30369;12303 0;0
1159 NONE 30335;12385 0;0
1160 NONE 30302;12467 0;0
1161 NONE 30268;12549 0;0
1162 NONE 30234;12631 0;0
1163 NONE 30200;12713 0;0
1164 NONE 30165;12794 0;0
1165 NONE 30130;12876 0;0
1166 NONE 30095;12957 0;0
1167 NONE 30060;13039 0;0
1168 NONE 30025;13120 0;0
1169 NONE 29989;13201 0;0
1170 NONE 29953;13282 0;0
1171 NONE 29917;13363 0;0
1172 NONE 29881;13444 0;0
1173 NONE 29845;13525 0;0
1174 NONE 29808;13606 0;0
1175 NONE 29771;13687 0;0
1176 NONE 29734;13767 0;0
1177 NONE 29696;13847 0;0
1178 NONE -3604;0 0;0
1179 NONE -3604;0 0;0
1180 NONE -3604;0 0;0
1181 KEY_L;KEY_DUP -3604;0 0;0
1182 KEY_Y 1714;32722 0;0
1183 KEY_Y 0;0 0;0
1184 KEY_Y 0;0 0;0
1185 KEY_Y 0;0 0;0
1186 KEY_Y 0;0 0;0
1187 KEY_Y 0;0 0;0
1188 KEY_Y 0;0 0;0
1189 KEY_A;KEY_Y 0;0 0;0
1190 KEY_A;KEY_Y -32687;2285 0;0
1191 KEY_A;KEY_Y -32687;2285 0;0
1192 KEY_A;KEY_Y -32687;2285 0;0
1193 KEY_A;KEY_Y -32687;2285 0;0
1194 KEY_A;KEY_Y -32687;2285 0;0
1195 KEY_A;KEY_Y -32687;2285 0;0
1196 KEY_A;KEY_Y -32687;2285 0;0
1197 KEY_A;KEY_Y -32687;2285 0;0
1198 KEY_A;KEY_Y -32687;2285 0;0
1199 KEY_Y -32687;2285 0;0
1200 KEY_Y -32675;2451 0;0
1201 KEY_Y -32662;2616 0;0
1202 KEY_Y -32648;2782 0;0
1203 KEY_Y -32634;2947 0;0
1204 KEY_Y -32618;3113 0;0
1205 KEY_Y -32602;3278 0;0
1206 KEY_Y -32585;3443 0;0
1207 KEY_Y -32567;3608 0;0
1208 KEY_Y -32548;3773 0;0
1209 KEY_Y -32529;3938 0;0
1210 KEY_Y -32509;4103 0;0
1211 KEY_Y -32487;4267 0;0
1212 KEY_Y -32465;4432 0;0
1213 KEY_Y -32442;4596 0;0
1214 KEY_Y -32419;4761 0;0
1215 KEY_Y -32394;4925 0;0
1216 KEY_Y -32369;5089 0;0
1217 KEY_Y -32343;5253 0;0
1218 KEY_Y -32316;5417 0;0
1219 KEY_Y -32288;5580 0;0
1220 KEY_Y -32259;5744 0;0
1221 KEY_Y -32230;5907 0;0
1222 KEY_Y -32199;6071 0;0
1223 KEY_Y -32168;6234 0;0
1224 KEY_Y -32136;6397 0;0
1225 KEY_Y -32103;6559 0;0
1226 KEY_Y -32070;6722 0;0
1227 KEY_Y -32035;6884 0;0
1228 KEY_Y -32000;7047 0;0
1229 KEY_Y -31964;7209 0;0
1230 KEY_Y -31927;7370 0;0
1231 KEY_Y -31889;7532 0;0
1232 KEY_Y -31850;7694 0;0
1233 KEY_Y -31811;7855 0;0
1234 KEY_Y -31771;8016 0;0
1235 KEY_Y -31730;8177 0;0
1236 KEY_Y -31688;8338 0;0
1237 KEY_Y -31645;8498 0;0
1238 KEY_Y -31602;8658 0;0
1239 KEY_Y -31557;8818 0;0
1240 KEY_Y -31512;8978 0;0
1241 KEY_Y -31466;9138 0;0
1242 KEY_Y -31420;9297 0;0
1243 KEY_Y -31372;9456 0;0
1244 KEY_Y -31324;9615 0;0
1245 KEY_Y -31275;9774 0;0
1246 KEY_Y -31225;9932 0;0
1247 KEY_Y -31174;10090 0;0
1248 KEY_Y -31123;10248 0;0
1249 KEY_Y -31070;10405 0;0
1250 KEY_Y -31017;10563 0;0
1251 KEY_Y -30963;10720 0;0
1252 KEY_Y -30909;10876 0;0
1253 KEY_Y -30853;11033 0;0
1254 KEY_Y -30797;11189 0;0
1255 KEY_Y -30740;11345 0;0
1256 KEY_Y -30682;11501 0;0
1257 KEY_Y -30623;11656 0;0
1258 KEY_Y -30564;11811 0;0
1259 KEY_Y -30503;11966 0;0
1260 KEY_Y -30442;12120 0;0
1261 KEY_Y -30381;12274 0;0
1262 KEY_L;KEY_DRIGHT -30381;12274 0;0
1263 NONE -30381;12274 0;0
1264 NONE -30317;12429 0;0
1265 NONE -30254;12584 0;0
1266 NONE -30189;12738 0;0
1267 NONE -30123;12892 0;0
1268 NONE -30057;13046 0;0
1269 NONE -29990;13199 0;0
1270 NONE -29922;13353 0;0
1271 NONE -29854;13505 0;0
1272 NONE -29784;13658 0;0
1273 NONE -29714;13809 0;0
1274 NONE -29643;13961 0;0
1275 NONE -29572;14112 0;0
1276 NONE -29499;14263 0;0
1277 NONE -29426;14414 0;0
1278 NONE -29352;14564 0;0
1279 NONE -29277;14714 0;0
1280 NONE -29201;14863 0;0
1281 NONE -29125;15012 0;0
1282 NONE -29048;15161 0;0
1283 NONE -28970;15309 0;0
1284 NONE -28892;15457 0;0
1285 NONE -28812;15604 0;0
1286 NONE -28732;15751 0;0
1287 NONE -28651;15897 0;0
1288 NONE -28570;16044 0;0
1289 NONE -28487;16189 0;0
1290 NONE -28404;16335 0;0
1291 NONE -28321;16480 0;0
1292 NONE -28236;16624 0;0
1293 NONE -28151;16768 0;0
1294 NONE -28065;16912 0;0
1295 NONE -27978;17055 0;0
1296 NONE -27890;17197 0;0
1297 NONE -27802;17340 0;0
1298 NONE -27713;17481 0;0
1299 NONE -27624;17623 0;0
1300 NONE -27533;17764 0;0
1301 NONE -27442;17904 0;0
1302 NONE -27350;18044 0;0
1303 NONE -27258;18184 0;0
1304 NONE -27165;18323 0;0
1305 NONE 30162;-12803 0;0
1306 KEY_A 0;0 0;0
1307 KEY_A 29696;13847 0;0
1308 KEY_A 29696;13847 0;0
1309 KEY_A 29696;13847 0;0
1310 KEY_A 29696;13847 0;0
1311 KEY_A 29696;13847 0;0
1312 KEY_A 29696;13847 0;0
1313 KEY_A 29696;13847 0;0
1314 NONE 29696;13847 0;0
1315 NONE 29685;13872 0;0
1316 NONE 29674;13896 0;0
1317 NONE 29663;13920 0;0
1318 NONE 29651;13944 0;0
1319 NONE 29640;13968 0;0
1320 NONE 29628;13993 0;0
1321 NONE 29617;14017 0;0
1322 NONE 29606;14041 0;0
1323 NONE 29594;14065 0;0
1324 NONE 29583;14089 0;0
1325 NONE 29571;14113 0;0
1326 NONE 29560;14137 0;0
1327 NONE 29548;14162 0;0
1328 NONE 29536;14186 0;0
1329 NONE 29525;14210 0;0
1330 NONE 29513;14234 0;0
1331 NONE 29502;14258 0;0
1332 NONE 29490;14282 0;0
1333 NONE 29478;14306 0;0
1334 NONE 29467;14330 0;0
1335 NONE 29455;14354 0;0
1336 NONE 29443;14378 0;0
1337 NONE 29432;14402 0;0
1338 NONE 29420;14426 0;0
1339 NONE 29408;14450 0;0
1340 NONE 29396;14474 0;0
1341 NONE 29384;14498 0;0
1342 NONE 29373;14522 0;0
1343 NONE 29361;14546 0;0
1344 NONE 29349;14570 0;0
1345 NONE 29337;14594 0;0
1346 NONE 29325;14618 0;0
1347 NONE 29313;14642 0;0
1348 NONE 29301;14665 0;0
1349 NONE 29289;14689 0;0
1350 NONE 29277;14713 0;0
1351 NONE 29265;14737 0;0
1352 NONE 29253;14761 0;0
1353 NONE 29241;14785 0;0
1354 NONE 29229;14809 0;0
1355 NONE 29217;14833 0;0
1356 NONE 29205;14856 0;0
1357 NONE 29193;14880 0;0
1358 NONE 29181;14904 0;0
1359 NONE 29168;14928 0;0
1360 NONE 29156;14952 0;0
1361 NONE 29144;14975 0;0
1362 NONE 29132;14999 0;0
1363 NONE 29120;15023 0;0
1364 NONE 29107;15047 0;0
1365 NONE 29095;15070 0;0
1366 NONE 29083;15094 0;0
1367 NONE 29070;15118 0;0
1368 NONE 29058;15141 0;0
1369 NONE 29046;15165 0;0
1370 NONE 29033;15189 0;0
1371 NONE 29021;15213 0;0
1372 NONE 29008;15236 0;0
1373 NONE 28996;15260 0;0
1374 NONE 28984;15283 0;0
1375 NONE 28971;15307 0;0
1376 NONE 28959;15331 0;0
1377 NONE 28946;15354 0;0
1378 NONE 28934;15378 0;0
1379 NONE 28921;15402 0;0
1380 NONE 28908;15425 0;0
1381 NONE 28896;15449 0;0
1382 NONE 28883;15472 0;0
1383 NONE 28871;15496 0;0
1384 NONE 28858;15519 0;0
1385 NONE 28845;15543 0;0
1386 NONE 28833;15566 0;0
1387 NONE 28820;15590 0;0
1388 NONE 28807;15613 0;0
1389 NONE 28794;15637 0;0
1390 NONE 28782;15660 0;0
1391 NONE 28769;15684 0;0
1392 NONE 28756;15707 0;0
1393 NONE 28743;15731 0;0
1394 NONE 28730;15754 0;0
1395 NONE 28718;15778 0;0
1396 NONE 28705;15801 0;0
1397 NONE 28692;15824 0;0
1398 NONE 28679;15848 0;0
1399 NONE 28666;15871 0;0
1400 NONE 28653;15895 0;0
1401 NONE 28640;15918 0;0
1402 NONE 28627;15941 0;0
1403 NONE 28614;15965 0;0
1404 NONE 28601;15988 0;0
1405 NONE 28588;16011 0;0
1406 NONE 28575;16035 0;0
1407 NONE 28562;16058 0;0
1408 NONE 28549;16081 0;0
1409 NONE 28536;16104 0;0
1410 NONE 28522;16128 0;0
1411 NONE 28509;16151 0;0
1412 NONE 28496;16174 0;0
1413 NONE 28483;16198 0;0
1414 NONE 28470;16221 0;0
1415 NONE 28456;16244 0;0
1416 NONE 28443;16267 0;0
1417 NONE 28430;16290 0;0
1418 NONE 28417;16314 0;0
1419 NONE 28403;16337 0;0
1420 NONE 28390;16360 0;0
1421 NONE 28377;16383 0;0
1422 NONE -3604;0 0;0
1423 NONE -3604;0 0;0
1424 NONE -3604;0 0;0
1425 KEY_DDOWN 0;0 0;0
1426 KEY_Y -5125;32363 0;0
1427 KEY_Y -3993;32522 0;0
1428 KEY_Y -3993;32522 0;0
1429 KEY_Y -3993;32522 0;0
1430 KEY_Y -3993;32522 0;0
1431 KEY_Y -3993;32522 0;0
1432 KEY_Y -3993;32522 0;0
1433 KEY_Y -3993;32522 0;0
1434 KEY_Y -3993;32522 0;0
1435 KEY_Y -3993;32522 0;0
1436 KEY_Y -3993;32522 0;0
1437 KEY_Y -3993;32522 0;0
1438 KEY_Y -3993;32522 0;0
1439 KEY_Y -3993;32522 0;0
1440 KEY_Y -3993;32522 0;0
1441 KEY_Y -3993;32522 0;0
1442 KEY_Y -3993;32522 0;0
1443 KEY_Y -3993;32522 0;0
1444 KEY_Y -3993;32522 0;0
1445 KEY_Y -3993;32522 0;0
1446 KEY_Y -3993;32522 0;0
1447 KEY_Y -3993;32522 0;0
1448 KEY_Y -3993;32522 0;0
1449 KEY_Y -3993;32522 0;0
1450 KEY_Y -3993;32522 0;0
1451 KEY_Y -3993;32522 0;0
1452 KEY_Y -3993;32522 0;0
1453 KEY_Y -3993;32522 0;0
1454 KEY_Y -32767;0 0;0
1455 KEY_Y -32767;0 0;0
1456 KEY_Y 31650;8480 0;0
1457 KEY_Y 31650;8480 0;0
1458 KEY_Y 31650;8480 0;0
1459 KEY_Y 31650;8480 0;0
1460 KEY_Y 31650;8480 0;0
1461 KEY_Y 31650;8480 0;0
1462 KEY_Y 31650;8480 0;0
1463 KEY_Y 31650;8480 0;0
1464 KEY_Y 31650;8480 0;0
1465 KEY_Y 31650;8480 0;0
1466 KEY_Y 31650;8480 0;0
1467 KEY_Y 31650;8480 0;0
1468 KEY_Y -31650;8480 0;0
1469 NONE -31650;8480 0;0
1470 NONE -31636;8533 0;0
1471 NONE -31622;8585 0;0
1472 NONE -31607;8638 0;0
1473 NONE -31593;8690 0;0
1474 NONE -31578;8743 0;0
1475 NONE -31564;8795 0;0
1476 NONE -31549;8848 0;0
1477 NONE -31534;8900 0;0
1478 NONE -31520;8953 0;0
1479 NONE -31505;9005 0;0
1480 NONE -31490;9057 0;0
1481 NONE -31475;9110 0;0
1482 NONE -31459;9162 0;0
1483 NONE -31444;9214 0;0
1484 NONE -31429;9267 0;0
1485 NONE -31413;9319 0;0
1486 NONE -31398;9371 0;0
1487 NONE -31382;9423 0;0
1488 NONE -31366;9475 0;0
1489 NONE -31351;9528 0;0
1490 NONE -31335;9580 0;0
1491 NONE -31319;9632 0;0
1492 NONE -31303;9684 0;0
1493 NONE -31287;9736 0;0
1494 NONE -31270;9788 0;0
1495 NONE -31254;9840 0;0
1496 NONE -31238;9892 0;0
1497 NONE -31221;9944 0;0
1498 NONE -31205;9995 0;0
1499 NONE -31188;10047 0;0
1500 NONE -31171;10099 0;0
1501 NONE -31154;10151 0;0
1502 NONE -31137;10203 0;0
1503 NONE -31120;10254 0;0
1504 NONE -31103;10306 0;0
1505 NONE -31086;10358 0;0
1506 NONE -31069;10410 0;0
1507 NONE -31052;10461 0;0
1508 NONE -31034;10513 0;0
1509 NONE -31017;10564 0;0
1510 NONE -30999;10616 0;0
1511 NONE -30981;10667 0;0
1512 NONE -30964;10719 0;0
1513 NONE -30946;10770 0;0
1514 NONE -30928;10822 0;0
1515 NONE -30910;10873 0;0
1516 NONE -30892;10925 0;0
1517 NONE -30873;10976 0;0
1518 NONE -30855;11027 0;0
1519 NONE -30837;11078 0;0
1520 NONE -30818;11130 0;0
1521 NONE -30800;11181 0;0
1522 NONE -30781;11232 0;0
1523 NONE -30762;11283 0;0
1524 NONE -30744;11334 0;0
1525 NONE -30725;11385 0;0
1526 NONE -30706;11436 0;0
1527 NONE -30687;11487 0;0
1528 NONE -30668;11538 0;0
1529 NONE -30648;11589 0;0
1530 NONE -30629;11640 0;0
1531 NONE -30610;11691 0;0
1532 NONE -30590;11742 0;0
1533 NONE -30571;11793 0;0
1534 NONE -30551;11844 0;0
1535 NONE -30531;11895 0;0
1536 NONE -30511;11945 0;0
1537 NONE -30491;11996 0;0
1538 NONE -30471;12047 0;0
1539 NONE -30451;12097 0;0
1540 NONE -30431;12148 0;0
1541 NONE -30411;12198 0;0
1542 NONE -30391;12249 0;0
1543 NONE -30370;12299 0;0
1544 NONE -30350;12350 0;0
1545 NONE -30329;12400 0;0
1546 NONE -30309;12451 0;0
1547 NONE -30288;12501 0;0
1548 NONE -30267;12551 0;0
1549 NONE -30246;12602 0;0
1550 NONE -30225;12652 0;0
1551 NONE -30204;12702 0;0
1552 NONE -30183;12752 0;0
1553 NONE -30162;12803 0;0
1554 NONE -30140;12853 0;0
1555 NONE -30119;12903 0;0
1556 NONE -30097;12953 0;0
1557 NONE -30076;13003 0;0
1558 NONE -30054;13053 0;0
1559 NONE -30032;13103 0;0
1560 NONE -30011;13153 0;0
1561 NONE -29989;13203 0;0
1562 NONE -29967;13252 0;0
1563 NONE -29945;13302 0;0
1564 NONE -29923;13352 0;0
1565 NONE -29900;13402 0;0
1566 NONE -29878;13451 0;0
1567 NONE -29856;13501 0;0
1568 NONE -29833;13551 0;0
1569 NONE -29811;13600 0;0
1570 NONE -29788;13650 0;0
1571 NONE -29765;13699 0;0
1572 NONE -29742;13749 0;0
1573 NONE -29719;13798 0;0
1574 NONE -29696;13847 0;0
1575 NONE -29673;13897 0;0
1576 NONE -29650;13946 0;0
1577 NONE -29627;13995 0;0
1578 NONE -29604;14045 0;0
1579 NONE -29580;14094 0;0
1580 NONE -29557;14143 0;0
1581 NONE -29533;14192 0;0
1582 NONE -29510;14241 0;0
1583 NONE -29486;14290 0;0
1584 NONE -29462;14339 0;0
1585 NONE -29438;14388 0;0
1586 NONE -29414;14437 0;0
1587 NONE -29390;14486 0;0
1588 NONE -29366;14535 0;0
1589 NONE -29342;14583 0;0
1590 NONE -29318;14632 0;0
1591 NONE -29293;14681 0;0
1592 NONE -29269;14730 0;0
1593 NONE -29244;14778 0;0
1594 NONE -29220;14827 0;0
1595 NONE -29195;14875 0;0
1596 NONE 0;0 0;0
1597 NONE 0;0 0;0
1598 NONE 0;0 0;0
1599 NONE 0;0 0;0
1600 NONE 0;0 0;0
1601 NONE 0;0 0;0
1602 NONE 0;0 0;0
1603 NONE 0;0 0;0
1604 NONE 0;0 0;0
1605 NONE 0;0 0;0
1606 NONE 0;0 0;0
1607 NONE 0;0 0;0
1608 NONE 0;0 0;0
1609 NONE 0;0 0;0
1610 NONE 3604;0 0;0
1611 NONE 3604;0 0;0
1612 KEY_DDOWN 0;0 0;0
1613 KEY_Y 571;32762 0;0
1614 KEY_Y 0;0 0;0
1615 KEY_Y 0;0 0;0
1616 KEY_Y 0;0 0;0
1617 KEY_Y 0;0 0;0
1618 KEY_Y 0;0 0;0
1619 KEY_Y 0;0 0;0
1620 KEY_Y 0;0 0;0
1621 KEY_Y 0;0 0;0
1622 KEY_Y 0;0 0;0
1623 KEY_Y 0;0 0;0
1624 KEY_Y 0;0 0;0
1625 KEY_Y 0;0 0;0
1626 KEY_Y 0;0 0;0
1627 KEY_Y 0;0 0;0
1628 KEY_Y 0;0 0;0
1629 KEY_Y 0;0 0;0
1630 KEY_Y 0;0 0;0
1631 KEY_Y 0;0 0;0
1632 KEY_Y 0;0 0;0
1633 KEY_Y 0;0 0;0
1634 KEY_Y 0;0 0;0
1635 KEY_Y 0;0 0;0
1636 KEY_Y 0;0 0;0
1637 KEY_Y 0;0 0;0
1638 KEY_Y 0;0 0;0
1639 KEY_Y 0;0 0;0
1640 KEY_Y -32767;0 0;0
1641 KEY_Y -32767;0 0;0
1642 KEY_Y -32767;0 0;0
1643 KEY_Y -32767;0 0;0
1644 KEY_Y -32767;0 0;0
1645 KEY_Y -32767;0 0;0
1646 KEY_Y -32767;0 0;0
1647 KEY_Y -32767;0 0;0
1648 KEY_Y -32767;0 0;0
1649 KEY_Y -32767;0 0;0
1650 KEY_Y -32767;0 0;0
1651 KEY_Y -32767;0 0;0
1652 KEY_Y -32767;0 0;0
1653 KEY_Y -32767;0 0;0
1654 KEY_Y 29696;13847 0;0
1655 NONE 29696;13847 0;0
1656 NONE 29696;13847 0;0
1657 NONE 29696;13847 0;0
1658 NONE 29696;13847 0;0
1659 NONE 29696;13847 0;0
1660 NONE 29696;13847 0;0
1661 NONE 29696;13847 0;0
1662 NONE 29696;13847 0;0
1663 NONE 29696;13847 0;0
1664 NONE 29696;13847 0;0
1665 NONE 29696;13847 0;0
1666 NONE 29696;13847 0;0
1667 NONE 29696;13847 0;0
1668 NONE 29696;13847 0;0
1669 NONE 29696;13847 0;0
1670 NONE 29696;13847 0;0
1671 NONE 29696;13847 0;0
1672 NONE 29696;13847 0;0
1673 NONE 29696;13847 0;0
1674 NONE 29696;13847 0;0
1675 NONE 29696;13847 0;0
1676 NONE 29696;13847 0;0
1677 NONE 29696;13847 0;0
1678 NONE 29696;13847 0;0
1679 NONE 29696;13847 0;0
1680 NONE 29696;13847 0;0
1681 NONE 29696;13847 0;0
1682 NONE 29696;13847 0;0
1683 NONE 29696;13847 0;0
1684 NONE 29696;13847 0;0
1685 NONE 29696;13847 0;0
1686 NONE 29696;13847 0;0
1687 NONE 29696;13847 0;0
1688 NONE 29696;13847 0;0
1689 NONE 29696;13847 0;0
1690 NONE 29696;13847 0;0
1691 NONE 29696;13847 0;0
1692 NONE 29696;13847 0;0
1693 NONE 29696;13847 0;0
1694 NONE 29696;13847 0;0
1695 NONE 29696;13847 0;0
1696 NONE 29696;13847 0;0
1697 NONE 29696;13847 0;0
1698 NONE 29696;13847 0;0
1699 NONE 29696;13847 0;0
1700 NONE 29696;13847 0;0
1701 NONE 29696;13847 0;0
1702 NONE 29696;13847 0;0
1703 NONE 29696;13847 0;0
1704 NONE 29696;13847 0;0
1705 NONE 29696;13847 0;0
1706 NONE 29696;13847 0;0
1707 NONE 29696;13847 0;0
1708 NONE 29696;13847 0;0
1709 NONE 29696;13847 0;0
1710 NONE 29696;13847 0;0
1711 NONE 29696;13847 0;0
1712 NONE 29696;13847 0;0
1713 NONE 29696;13847 0;0
1714 NONE 29696;13847 0;0
1715 NONE 29696;13847 0;0
1716 NONE 29696;13847 0;0
1717 NONE 29696;13847 0;0
1718 NONE 29696;13847 0;0
1719 NONE 29696;13847 0;0
1720 NONE 29696;13847 0;0
1721 NONE 29696;13847 0;0
1722 NONE 29696;13847 0;0
1723 NONE 29696;13847 0;0
1724 NONE 29696;13847 0;0
1725 NONE 29696;13847 0;0
1726 NONE 29696;13847 0;0
1727 NONE 29696;13847 0;0
1728 NONE 29696;13847 0;0
1729 NONE 29696;13847 0;0
1730 NONE 29696;13847 0;0
1731 NONE 29696;13847 0;0
1732 NONE 29696;13847 0;0
1733 NONE 29696;13847 0;0
1734 NONE 29696;13847 0;0
1735 NONE 29696;13847 0;0
1736 NONE 29696;13847 0;0
1737 NONE 29696;13847 0;0
1738 NONE 29696;13847 0;0
1739 NONE 29696;13847 0;0
1740 NONE 29696;13847 0;0
1741 NONE 29696;13847 0;0
1742 NONE 29696;13847 0;0
1743 NONE 29696;13847 0;0
1744 NONE 29696;13847 0;0
1745 NONE -3549;-625 0;0
1746 NONE -3549;-625 0;0
1747 KEY_DDOWN 0;0 0;0
1748 KEY_Y 2855;32642 0;0
1749 KEY_Y 0;32767 0;0
1750 KEY_Y 0;32767 0;0
1751 KEY_Y 0;32767 0;0
1752 KEY_Y 0;32767 0;0
1753 KEY_Y 0;32767 0;0
1754 KEY_Y 0;32767 0;0
1755 KEY_Y 0;32767 0;0
1756 KEY_Y 0;32767 0;0
1757 KEY_Y 0;32767 0;0
1758 KEY_Y 0;32767 0;0
1759 KEY_Y 0;32767 0;0
1760 KEY_Y 0;32767 0;0
1761 KEY_Y 0;32767 0;0
1762 KEY_Y 0;32767 0;0
1763 KEY_Y 0;32767 0;0
1764 KEY_Y 0;32767 0;0
1765 KEY_Y 0;32767 0;0
1766 KEY_Y 0;32767 0;0
1767 KEY_Y 0;32767 0;0
1768 KEY_Y 0;32767 0;0
1769 KEY_Y 0;32767 0;0
1770 KEY_Y 0;32767 0;0
1771 KEY_Y 0;32767 0;0
1772 KEY_Y 0;32767 0;0
1773 KEY_Y 0;32767 0;0
1774 KEY_Y 0;32767 0;0
1775 KEY_Y 0;32767 0;0
1776 KEY_Y 32767;0 0;0
1777 KEY_Y 32767;0 0;0
1778 KEY_Y 32767;0 0;0
1779 KEY_Y 32767;0 0;0
1780 KEY_Y 32767;0 0;0
1781 KEY_Y 32767;0 0;0
1782 KEY_Y 32767;0 0;0
1783 KEY_Y 32767;0 0;0
1784 KEY_Y 32767;0 0;0
1785 KEY_Y 32767;0 0;0
1786 KEY_Y 32767;0 0;0
1787 KEY_Y -30790;11206 0;0
1788 NONE -30790;11206 0;0
1789 NONE -30790;11206 0;0
1790 NONE -30790;11206 0;0
1791 NONE -30790;11206 0;0
1792 NONE -30790;11206 0;0
1793 NONE -30790;11206 0;0
1794 NONE -30790;11206 0;0
1795 NONE -30790;11206 0;0
1796 NONE -30790;11206 0;0
1797 NONE -30790;11206 0;0
1798 NONE -30790;11206 0;0
1799 NONE -30790;11206 0;0
1800 NONE -30790;11206 0;0
1801 NONE -30790;11206 0;0
1802 NONE -30790;11206 0;0
1803 NONE -30790;11206 0;0
1804 NONE -30790;11206 0;0
1805 NONE -30790;11206 0;0
1806 NONE -30790;11206 0;0
1807 NONE -30790;11206 0;0
1808 NONE -30790;11206 0;0
1809 NONE -30790;11206 0;0
1810 NONE -30790;11206 0;0
1811 NONE -30790;11206 0;0
1812 NONE -30790;11206 0;0
1813 NONE -30790;11206 0;0
1814 NONE -30790;11206 0;0
1815 NONE -30790;11206 0;0
1816 NONE -30790;11206 0;0
1817 NONE -30790;11206 0;0
1818 NONE -30790;11206 0;0
1819 NONE -30790;11206 0;0
1820 NONE -30790;11206 0;0
1821 NONE -30790;11206 0;0
1822 NONE -30790;11206 0;0
1823 NONE -30790;11206 0;0
1824 NONE -30790;11206 0;0
1825 NONE -30790;11206 0;0
1826 NONE -30790;11206 0;0
1827 NONE -30790;11206 0;0
1828 NONE -30790;11206 0;0
1829 NONE -30790;11206 0;0
1830 NONE -30790;11206 0;0
1831 NONE -30790;11206 0;0
1832 NONE -30790;11206 0;0
1833 NONE -30790;11206 0;0
1834 NONE -30790;11206 0;0
1835 NONE -30790;11206 0;0
1836 NONE -30790;11206 0;0
1837 NONE -30790;11206 0;0
1838 NONE -30790;11206 0;0
1839 NONE -30790;11206 0;0
1840 NONE -30790;11206 0;0
1841 NONE -30790;11206 0;0
1842 NONE -30790;11206 0;0
1843 NONE -30790;11206 0;0
1844 NONE -30790;11206 0;0
1845 NONE -30790;11206 0;0
1846 NONE -30790;11206 0;0
1847 NONE -30790;11206 0;0
1848 NONE -30790;11206 0;0
1849 NONE -30790;11206 0;0
1850 NONE -30790;11206 0;0
1851 NONE -30790;11206 0;0
1852 NONE -30790;11206 0;0
1853 NONE -30790;11206 0;0
1854 NONE -30790;11206 0;0
1855 NONE -30790;11206 0;0
1856 NONE -30790;11206 0;0
1857 NONE -30790;11206 0;0
1858 NONE -30790;11206 0;0
1859 NONE -30790;11206 0;0
1860 NONE -30790;11206 0;0
1861 NONE -30790;11206 0;0
1862 NONE -30790;11206 0;0
1863 NONE -30790;11206 0;0
1864 NONE -30790;11206 0;0
1865 NONE -30790;11206 0;0
1866 NONE -30790;11206 0;0
1867 NONE -30790;11206 0;0
1868 KEY_L;KEY_DUP 0;0 0;0
1869 NONE 5689;32269 0;0
1870 NONE 0;0 0;0
1871 NONE 0;0 0;0
1872 NONE 0;0 0;0
1873 NONE 0;0 0;0
1874 NONE 0;0 0;0
1875 NONE -932;-3481 0;0
1876 KEY_ZL -932;-3481 0;0
1877 KEY_ZL;KEY_Y 0;0 0;0
1878 KEY_Y 0;0 0;0
1879 KEY_Y 0;0 0;0
1880 KEY_Y 0;0 0;0
1881 KEY_Y -21062;25100 0;0
1882 NONE 0;0 0;0
1883 NONE 0;0 0;0
1884 NONE 0;0 0;0
1885 NONE 0;0 0;0
1886 NONE 0;0 0;0
1887 NONE 0;0 0;0
1888 NONE 0;0 0;0
1889 NONE 0;0 0;0
1890 NONE 0;0 0;0
1891 NONE 0;0 0;0
1892 NONE 0;0 0;0
1893 NONE 0;0 0;0
1894 NONE 0;0 0;0
1895 NONE 0;0 0;0
1896 NONE 0;0 0;0
1897 NONE 0;0 0;0
1898 NONE 0;0 0;0
1899 NONE 0;0 0;0
1900 NONE 16383;28377 0;0
1901 NONE 16383;28377 0;0
1902 NONE 16383;28377 0;0
1903 NONE 16383;28377 0;0
1904 NONE 16383;28377 0;0
1905 NONE 16383;28377 0;0
1906 NONE 16383;28377 0;0
1907 NONE 16383;28377 0;0
1908 NONE 16383;28377 0;0
1909 NONE 16383;28377 0;0
1910 NONE 16383;28377 0;0
1911 NONE 16383;28377 0;0
1912 NONE 16383;28377 0;0
1913 NONE 16383;28377 0;0
1914 NONE 16383;28377 0;0
1915 NONE 16383;28377 0;0
1916 NONE 16383;28377 0;0
1917 NONE 16383;28377 0;0
1918 KEY_A 16383;28377 0;0
1919 NONE 0;0 0;0
1920 NONE 0;0 0;0
1921 NONE 0;0 0;0
1922 NONE 0;0 0;0
1923 NONE 0;0 0;0
1924 NONE 0;0 0;0
1925 NONE 0;0 0;0
1926 NONE 0;0 0;0
1927 NONE 0;0 0;0
1928 NONE 0;0 0;0
1929 NONE 0;0 0;0
1930 NONE 0;0 0;0
1931 NONE 0;0 0;0
1932 NONE 0;0 0;0
1933 NONE 0;0 0;0
1934 NONE 0;0 0;0
1935 NONE 0;0 0;0
1936 NONE 0;0 0;0
1937 NONE 0;0 0;0
1938 NONE 0;0 0;0
1939 NONE 0;0 0;0
1940 NONE 0;0 0;0
1941 NONE 0;0 0;0
1942 NONE 0;0 0;0
1943 NONE 0;0 0;0
1944 KEY_L;KEY_DUP 0;0 0;0
1945 NONE 16383;28377 0;0
1946 NONE 16383;28377 0;0
1947 NONE 16383;28377 0;0
1948 NONE 16383;28377 0;0
1949 NONE 16383;28377 0;0
1950 NONE 16383;28377 0;0
1951 NONE 16383;28377 0;0
1952 KEY_ZL;KEY_R 16383;28377 0;0
1953 KEY_ZL;KEY_Y 0;0 0;0
1954 KEY_ZL 0;0 0;0
1955 KEY_ZL 0;0 0;0
1956 KEY_ZL 0;0 0;0
1957 KEY_ZL 0;0 0;0
1958 KEY_ZL 0;0 0;0
1959 KEY_ZL 0;0 0;0
1960 KEY_ZL 0;0 0;0
1961 KEY_ZL 0;0 0;0
1962 KEY_ZL 0;0 0;0
1963 KEY_ZL 0;0 0;0
1964 KEY_ZL 0;0 0;0
1965 KEY_ZL 0;0 0;0
1966 KEY_ZL 0;0 0;0
1967 KEY_ZL 0;0 0;0
1968 KEY_ZL 0;0 0;0
1969 KEY_ZL 0;0 0;0
1970 KEY_ZL 0;0 0;0
1971 KEY_ZL 0;0 0;0
1972 KEY_ZL 0;0 0;0
1973 KEY_ZL 0;0 0;0
1974 KEY_ZL 0;0 0;0
1975 KEY_ZL 0;0 0;0
1976 KEY_ZL;KEY_L 0;0 0;0
1977 KEY_ZL 0;0 0;0
1978 KEY_ZL 0;0 0;0
1979 KEY_ZL 0;0 0;0
1980 KEY_ZL 0;0 0;0
1981 KEY_ZL 0;0 0;0
1982 KEY_ZL 0;0 0;0
1983 KEY_ZL 0;0 0;0
1984 KEY_ZL 0;0 0;0
1985 KEY_ZL 0;0 0;0
1986 KEY_ZL 0;0 0;0
1987 KEY_ZL 0;0 0;0
1988 KEY_ZL 0;0 0;0
1989 KEY_ZL 0;0 0;0
1990 KEY_ZL 0;0 0;0
1991 KEY_ZL 0;0 0;0
1992 KEY_ZL 0;0 0;0
1993 KEY_ZL 0;0 0;0
1994 KEY_ZL 0;0 0;0
1995 KEY_ZL 0;0 0;0
1996 KEY_ZL 0;0 0;0
1997 KEY_ZL 0;0 0;0
1998 KEY_ZL 0;0 0;0
1999 KEY_ZL 0;0 0;0
2000 KEY_ZL 0;0 0;0
2001 KEY_ZL 0;0 0;0
2002 KEY_ZL 0;0 0;0
2003 KEY_ZL 0;0 0;0
2004 KEY_ZL 0;0 0;0
2005 KEY_ZL 0;0 0;0
2006 KEY_L;KEY_DUP;KEY_A 0;0 0;0
2007 NONE 32767;0 0;0
2008 NONE 0;32767 0;0
2009 NONE 0;32767 0;0
2010 NONE 0;32767 0;0
2011 NONE 0;32767 0;0
2012 NONE 0;32767 0;0
2013 NONE 0;32767 0;0
2014 NONE 0;32767 0;0
2015 NONE 0;32767 0;0
2016 NONE 0;32767 0;0
2017 NONE 0;32767 0;0
2018 NONE 0;32767 0;0
2019 NONE 0;32767 0;0
2020 NONE 0;32767 0;0
2021 KEY_A 0;32767 0;0
2022 KEY_A 0;32767 0;0
2023 KEY_A 0;32767 0;0
2024 KEY_A 0;32767 0;0
2025 KEY_A 0;32767 0;0
2026 KEY_A 0;32767 0;0
2027 KEY_A 0;32767 0;0
2028 KEY_A 0;32767 0;0
2029 KEY_A 0;32767 0;0
2030 KEY_A 0;32767 0;0
