0 NONE 0;32767 0;0
1 NONE -28377;-16383 0;0
2 NONE 28377;-16383 0;0
3 NONE 0;32767 0;0
4 NONE -28377;-16383 0;0
5 NONE 28377;-16383 0;0
6 NONE 0;32767 0;0
7 NONE -28377;-16383 0;0
8 NONE 28377;-16383 0;0
9 NONE 0;32767 0;0
10 NONE -28377;-16383 0;0
11 NONE 28377;-16383 0;0
12 NONE 0;32767 0;0
13 NONE -28377;-16383 0;0
14 NONE 28377;-16383 0;0
15 NONE 0;32767 0;0
16 NONE -28377;-16383 0;0
17 NONE 28377;-16383 0;0
18 NONE 0;32767 0;0
19 NONE -28377;-16383 0;0
20 NONE 28377;-16383 0;0
21 NONE 0;32767 0;0
22 NONE -28377;-16383 0;0
23 NONE 28377;-16383 0;0
24 NONE 0;32767 0;0
25 NONE -28377;-16383 0;0
26 NONE 28377;-16383 0;0
27 NONE 0;32767 0;0
28 NONE -28377;-16383 0;0
29 NONE 28377;-16383 0;0
30 KEY_B 0;32767 0;0
31 KEY_ZR 0;32767 0;0
32 KEY_ZR 0;32767 0;0
33 KEY_ZR 0;32767 0;0
34 KEY_ZR 0;32767 0;0
35 KEY_ZR 0;32767 0;0
36 KEY_ZR 0;32767 0;0
37 KEY_ZR 0;32767 0;0
38 KEY_Y;KEY_ZR 0;32767 0;0
39 NONE 0;0 0;0
40 NONE 0;0 0;0
41 NONE 0;0 0;0
42 NONE 0;0 0;0
43 NONE 0;0 0;0
44 NONE 0;0 0;0
45 NONE 0;0 0;0
46 NONE 0;0 0;0
47 NONE 0;0 0;0
48 NONE 0;0 0;0
49 NONE 0;0 0;0
50 NONE 0;0 0;0
51 NONE 0;0 0;0
52 NONE 0;0 0;0
53 NONE 0;0 0;0
54 NONE 0;0 0;0
55 NONE 0;0 0;0
56 NONE 0;0 0;0
57 NONE 0;0 0;0
58 NONE 0;0 0;0
59 NONE 0;0 0;0
60 NONE 0;0 0;0
61 NONE 0;0 0;0
62 NONE 0;0 0;0
63 NONE 0;0 0;0
64 NONE 0;0 0;0
65 NONE 0;0 0;0
66 NONE 0;0 0;0
67 NONE 0;0 0;0
68 NONE 0;0 0;0
69 NONE 0;0 0;0
70 NONE 0;0 0;0
71 NONE 0;0 0;0
72 NONE 0;0 0;0
73 NONE 0;0 0;0
74 NONE 0;0 0;0
75 NONE 0;0 0;0
76 NONE 0;0 0;0
77 NONE 0;0 0;0
78 NONE 0;0 0;0
79 NONE 0;0 0;0
80 NONE 0;0 0;0
81 NONE 0;0 0;0
82 NONE 0;0 0;0
83 NONE 0;0 0;0
84 NONE 0;0 0;0
85 NONE 0;0 0;0
86 NONE 0;0 0;0
87 NONE 0;0 0;0
88 NONE 0;0 0;0
89 NONE 0;0 0;0
90 NONE 0;0 0;0
91 NONE 0;0 0;0
92 NONE 0;0 0;0
93 NONE 0;0 0;0
94 NONE 0;0 0;0
95 NONE 0;0 0;0
96 NONE 0;0 0;0
97 NONE 0;0 0;0
98 NONE 0;0 0;0
99 NONE 0;0 0;0
100 NONE 0;0 0;0
101 NONE 0;0 0;0
102 NONE 0;0 0;0
103 NONE 0;0 0;0
104 NONE 0;0 0;0
105 NONE 0;0 0;0
106 NONE 0;0 0;0
107 NONE 0;0 0;0
108 NONE 0;0 0;0
109 NONE 0;0 0;0
110 NONE 0;0 0;0
111 NONE 0;0 0;0
112 NONE 0;0 0;0
113 NONE 0;0 0;0
114 NONE 0;0 0;0
115 NONE 0;0 0;0
116 NONE 0;0 0;0
117 NONE 0;0 0;0
118 NONE 0;0 0;0
119 NONE 0;0 0;0
120 NONE 0;0 0;0
121 NONE 0;0 0;0
122 NONE 0;0 0;0
123 NONE 0;0 0;0
124 NONE 0;0 0;0
125 NONE 0;0 0;0
126 NONE 0;0 0;0
127 NONE 0;0 0;0
128 NONE 0;0 0;0
129 NONE 0;0 0;0
130 NONE 0;0 0;0
131 NONE 0;0 0;0
132 NONE 0;0 0;0
133 NONE 0;0 0;0
134 NONE 0;0 0;0
135 NONE 0;0 0;0
136 NONE 0;0 0;0
137 NONE 0;0 0;0
138 NONE 0;0 0;0
139 NONE 0;0 0;0
140 NONE 0;0 0;0
141 NONE 0;0 0;0
142 NONE 0;0 0;0
143 NONE 0;0 0;0
144 NONE 0;0 0;0
145 NONE 0;0 0;0
146 NONE 0;0 0;0
147 NONE 0;0 0;0
148 NONE 0;0 0;0
149 NONE 0;0 0;0
150 NONE 0;0 0;0
151 NONE 0;0 0;0
152 NONE 0;0 0;0
153 NONE 0;0 0;0
154 NONE 0;0 0;0
155 NONE 0;0 0;0
156 NONE 0;0 0;0
157 NONE 0;0 0;0
158 NONE 0;0 0;0
159 NONE 0;32767 0;0
160 NONE -28377;-16383 0;0
161 NONE 28377;-16383 0;0
162 NONE 0;32767 0;0
163 NONE -28377;-16383 0;0
164 NONE 28377;-16383 0;0
165 NONE 0;32767 0;0
166 NONE -28377;-16383 0;0
167 NONE 28377;-16383 0;0
168 NONE 0;32767 0;0
169 NONE -28377;-16383 0;0
170 NONE 28377;-16383 0;0
171 NONE 0;32767 0;0
172 NONE -28377;-16383 0;0
173 NONE 28377;-16383 0;0
174 NONE 0;32767 0;0
175 NONE -28377;-16383 0;0
176 NONE 28377;-16383 0;0
177 NONE 0;32767 0;0
178 NONE -28377;-16383 0;0
179 NONE 28377;-16383 0;0
180 KEY_B -20167;25824 0;0
181 KEY_ZR -20167;25824 0;0
182 KEY_ZR -20167;25824 0;0
183 KEY_ZR -20167;25824 0;0
184 KEY_ZR -20167;25824 0;0
185 KEY_ZR -20167;25824 0;0
186 KEY_ZR -20167;25824 0;0
187 KEY_ZR -20167;25824 0;0
188 KEY_Y;KEY_ZR;KEY_R -20167;25824 0;0
189 NONE 0;0 0;0
190 NONE 0;0 0;0
191 NONE 0;0 0;0
192 NONE 0;0 0;0
193 NONE 0;0 0;0
194 NONE 0;0 0;0
195 NONE 0;0 0;0
196 NONE 0;0 0;0
197 NONE 0;0 0;0
198 NONE 0;0 0;0
199 NONE 0;0 0;0
200 NONE 0;0 0;0
201 NONE 0;0 0;0
202 NONE 0;0 0;-32767
203 NONE 0;0 0;-32767
204 NONE 0;0 0;-32767
205 NONE 0;0 0;-32767
206 NONE 0;0 0;-32767
207 NONE 0;0 0;-32767
208 NONE 0;0 0;-32767
209 KEY_B;KEY_Y 17844;27481 0;-32767
210 KEY_Y 17844;27481 0;-32767
211 KEY_Y 17844;27481 0;-32767
212 KEY_Y 17844;27481 0;-32767
213 KEY_Y 17844;27481 0;-32767
214 KEY_Y 17844;27481 0;-32767
215 KEY_Y 17844;27481 0;-32767
216 KEY_Y 17844;27481 0;-32767
217 KEY_Y 17844;27481 0;-32767
218 KEY_Y 17844;27481 0;-32767
219 KEY_Y 17844;27481 0;-32767
220 KEY_Y 17844;27481 0;-32767
221 KEY_Y 17844;27481 0;-32767
222 KEY_Y 17844;27481 0;-32767
223 KEY_Y 17844;27481 0;-32767
224 KEY_Y 17844;27481 0;-32767
225 KEY_Y 17844;27481 0;-32767
226 KEY_Y -17892;-27450 11468;0
227 KEY_Y 0;0 32767;0
228 KEY_Y 17844;27481 0;-32767
229 KEY_Y 17844;27481 0;-32767
230 KEY_Y 17844;27481 0;-32767
231 KEY_Y 17844;27481 0;-32767
232 KEY_Y 18076;27329 0;-32767
233 KEY_Y 18076;27329 0;-32767
234 KEY_Y 18076;27329 0;-32767
235 KEY_Y 18076;27329 0;-32767
236 KEY_Y 18076;27329 0;-32767
237 KEY_Y 18076;27329 0;-32767
238 KEY_Y 18076;27329 0;-32767
239 KEY_Y 18076;27329 0;-32767
240 KEY_Y 18076;27329 0;-32767
241 KEY_Y 18076;27329 0;-32767
242 KEY_Y 18076;27329 0;-32767
243 KEY_Y 18076;27329 0;-32767
244 KEY_Y -27329;18076 0;-32767
245 NONE -27329;18076 0;-32767
246 NONE -27329;18076 0;-32767
247 NONE -27329;18076 0;-32767
248 NONE -27329;18076 0;-32767
249 NONE -27329;18076 0;0
250 NONE -27329;18076 0;0
251 NONE -27329;18076 0;0
252 NONE -27329;18076 0;0
253 NONE -27329;18076 0;0
254 NONE -27329;18076 0;0
255 NONE -27329;18076 0;0
256 NONE -27329;18076 0;0
257 NONE -27329;18076 0;0
258 NONE -27329;18076 0;0
259 NONE -27329;18076 0;0
260 NONE -27329;18076 0;0
261 NONE -27329;18076 0;0
262 NONE -27329;18076 0;0
263 NONE -27329;18076 0;0
264 NONE -27329;18076 0;0
265 NONE -27329;18076 0;0
266 NONE -27329;18076 0;0
267 NONE -27329;18076 0;0
268 NONE -27329;18076 0;0
269 NONE -27329;18076 0;0
270 NONE -27329;18076 0;0
271 NONE -27329;18076 0;0
272 NONE -27329;18076 0;0
273 NONE -27329;18076 0;0
274 NONE -27329;18076 0;0
275 NONE -27329;18076 0;0
276 NONE -27329;18076 0;0
277 NONE -27329;18076 0;0
278 NONE -27329;18076 0;0
279 NONE -27329;18076 0;0
280 NONE -27329;18076 0;0
281 NONE -27329;18076 0;0
282 NONE -27329;18076 0;0
283 NONE -27329;18076 0;0
284 NONE -27329;18076 0;0
285 NONE -27329;18076 0;0
286 NONE -27329;18076 0;0
287 NONE -27329;18076 0;0
288 NONE -27329;18076 0;0
289 NONE -27329;18076 0;0
290 NONE -27329;18076 0;0
291 NONE -27329;18076 0;0
292 NONE -27329;18076 0;0
293 NONE -27329;18076 0;0
294 NONE -27329;18076 0;0
295 NONE -27329;18076 0;0
296 NONE -27329;18076 0;0
297 NONE -27329;18076 0;0
298 NONE -27329;18076 0;0
299 NONE -27329;18076 0;0
300 NONE -27329;18076 0;0
301 NONE -27329;18076 0;0
302 NONE -27329;18076 0;0
303 NONE -27329;18076 0;0
304 NONE -27329;18076 0;0
305 NONE -27329;18076 0;0
306 NONE -27329;18076 0;0
307 NONE -27329;18076 0;0
308 NONE -27329;18076 0;0
309 NONE -27329;18076 0;0
310 NONE -27329;18076 0;0
311 NONE -27329;18076 0;0
312 NONE -27329;18076 0;0
313 NONE -27329;18076 0;0
314 NONE -27329;18076 0;0
315 NONE -27329;18076 0;0
316 NONE -27329;18076 0;0
317 NONE -27329;18076 0;0
318 KEY_Y -27329;18076 0;0
319 NONE 13166;30005 0;0
320 NONE 32439;4621 0;0
321 NONE 32439;4621 0;0
322 NONE 32439;4621 0;0
323 NONE 32439;4621 0;0
324 NONE 32439;4621 0;0
325 NONE 32439;4621 0;0
326 NONE 32439;4621 0;0
327 NONE 32439;4621 0;0
328 NONE 32439;4621 0;0
329 NONE 32439;4621 0;0
330 NONE 13166;30005 0;0
331 NONE 13166;30005 0;0
332 NONE 13166;30005 0;0
333 NONE 13166;30005 0;0
334 NONE 13166;30005 0;0
335 NONE 13166;30005 0;0
336 NONE 13166;30005 0;0
337 NONE 13166;30005 0;0
338 NONE 13166;30005 0;0
339 KEY_ZL 13166;30005 0;0
340 KEY_Y 0;0 0;0
341 KEY_Y 0;0 0;0
342 KEY_Y 0;0 0;0
343 KEY_Y 0;0 0;0
344 KEY_Y 0;0 0;0
345 KEY_Y 0;0 0;0
346 KEY_Y 0;0 0;0
347 KEY_Y 0;0 0;0
348 KEY_Y 0;0 0;0
349 KEY_Y 0;0 0;0
350 KEY_Y 0;0 0;0
351 KEY_Y 0;0 0;0
352 KEY_Y 0;0 0;0
353 KEY_Y 0;0 0;0
354 KEY_Y 0;0 0;0
355 KEY_Y 0;0 0;0
356 KEY_Y 0;0 0;0
357 KEY_Y 0;0 0;0
358 KEY_Y 0;0 0;0
359 KEY_Y 0;0 0;0
360 KEY_Y 0;0 0;0
361 KEY_Y 0;0 0;0
362 KEY_Y 0;0 0;0
363 KEY_Y 0;0 0;0
364 KEY_Y -30005;13166 0;0
365 NONE -30005;13166 0;0
366 NONE -30005;13166 0;0
367 NONE -30005;13166 0;0
368 NONE -30005;13166 0;0
369 NONE -30005;13166 0;0
370 NONE -30005;13166 0;0
371 NONE -30005;13166 0;0
372 NONE -30005;13166 0;0
373 NONE -30005;13166 0;0
374 NONE -30005;13166 0;0
375 NONE -30005;13166 0;0
376 NONE -30005;13166 0;0
377 NONE -30005;13166 0;0
378 NONE -30005;13166 0;0
379 NONE -30005;13166 0;0
380 NONE -30005;13166 0;0
381 NONE -30005;13166 0;0
382 NONE -30005;13166 0;0
383 NONE -30005;13166 0;0
384 NONE -30005;13166 0;0
385 NONE -30005;13166 0;0
386 NONE -30005;13166 0;0
387 NONE -30005;13166 0;0
388 NONE -30005;13166 0;0
389 NONE -30005;13166 0;0
390 NONE -30005;13166 0;0
391 NONE -30005;13166 0;0
392 NONE -30005;13166 0;0
393 NONE -30005;13166 0;0
394 NONE -30005;13166 0;0
395 NONE -30005;13166 0;0
396 NONE -30005;13166 0;0
397 KEY_Y -30005;13166 0;0
398 NONE 5692;32268 0;0
399 NONE 31904;7469 0;0
400 NONE 31904;7469 0;0
401 NONE 31904;7469 0;0
402 NONE 31904;7469 0;0
403 NONE 31904;7469 0;0
404 NONE 5692;32268 0;0
405 NONE 5692;32268 0;0
406 NONE 5692;32268 0;0
407 NONE 5692;32268 0;0
408 KEY_ZL 5692;32268 0;0
409 KEY_Y;KEY_ZL;KEY_R 0;0 0;0
410 KEY_ZL 0;0 0;0
411 KEY_ZL 0;0 0;0
412 KEY_ZL 0;0 0;0
413 KEY_ZL 0;0 0;0
414 KEY_ZL 0;0 0;0
415 KEY_ZL 0;0 0;0
416 KEY_ZL 0;0 0;0
417 KEY_ZL 0;0 0;0
418 KEY_ZL 0;0 0;0
419 KEY_ZL 0;0 0;0
420 KEY_ZL 0;0 0;0
421 KEY_ZL 0;0 0;0
422 KEY_ZL 0;0 0;0
423 KEY_ZL 0;0 0;0
424 KEY_ZL 0;0 0;0
425 KEY_ZL 0;0 0;0
426 KEY_ZL 0;0 0;0
427 KEY_ZL 0;0 0;0
428 KEY_ZL 0;0 0;0
429 KEY_ZL 0;0 0;0
430 KEY_ZL 0;0 0;0
431 KEY_ZL 0;0 0;0
432 KEY_ZL 0;0 0;0
433 KEY_ZL 0;0 0;0
434 KEY_ZL 0;0 0;0
435 KEY_ZL 0;0 0;0
436 KEY_ZL -1460;32734 0;0
437 KEY_ZL -1460;32734 0;0
438 KEY_ZL;KEY_L -1460;32734 0;0
439 KEY_ZL -1460;32734 0;0
440 KEY_ZL -1460;32734 0;0
441 KEY_ZL -1460;32734 0;0
442 KEY_ZL -1460;32734 0;0
443 KEY_ZL -1460;32734 0;0
444 KEY_ZL -1460;32734 0;0
445 KEY_ZL -1460;32734 0;0
446 KEY_ZL -1460;32734 0;0
447 KEY_ZL -1460;32734 0;0
448 KEY_ZL -1460;32734 0;0
449 KEY_ZL -1460;32734 0;0
450 KEY_ZL -1460;32734 0;0
451 KEY_ZL -1460;32734 0;0
452 KEY_ZL -1460;32734 0;0
453 KEY_ZL -1460;32734 0;0
454 KEY_ZL -1460;32734 0;0
455 KEY_ZL -1460;32734 0;0
456 KEY_ZL -1460;32734 0;0
457 KEY_ZL -1460;32734 0;0
458 KEY_ZL -1460;32734 0;0
459 KEY_ZL -1460;32734 0;0
460 KEY_B;KEY_ZL;KEY_DLEFT -1460;32734 0;0
461 NONE -1460;32734 0;0
462 NONE -1460;32734 0;0
463 NONE -1460;32734 0;0
464 KEY_B -1460;32734 0;0
465 KEY_B -1460;32734 0;0
466 KEY_B -1460;32734 0;0
467 KEY_B -1460;32734 0;0
468 KEY_B -1460;32734 0;0
469 KEY_B -1460;32734 0;0
470 KEY_B -1460;32734 0;0
471 KEY_B -1460;32734 0;0
472 KEY_B -1460;32734 0;0
473 KEY_B -1460;32734 0;0
474 NONE -1460;32734 0;0
475 NONE -1460;32734 0;0
476 NONE -1460;32734 0;0
477 NONE -1460;32734 0;0
478 NONE -1460;32734 0;0
479 NONE -1460;32734 0;0
480 NONE -1460;32734 0;0
481 NONE -1460;32734 0;0
482 NONE -1460;32734 0;0
483 NONE -1460;32734 0;0
484 NONE -1460;32734 0;0
485 NONE -1460;32734 0;0
486 NONE -1460;32734 0;0
487 NONE -1460;32734 0;0
488 NONE -1460;32734 0;0
489 NONE -1460;32734 0;0
490 NONE -1460;32734 0;0
491 NONE -1460;32734 0;0
492 NONE -1460;32734 0;0
493 NONE -1460;32734 0;0
494 NONE -1460;32734 0;0
495 NONE -1460;32734 0;0
496 NONE 0;0 0;0
497 NONE 0;0 0;0
498 NONE 0;0 0;0
499 NONE 0;0 0;0
500 NONE 0;0 0;0
501 NONE 0;0 0;0
502 NONE 0;0 0;0
503 NONE 0;0 0;0
504 NONE 0;0 0;0
505 NONE 0;0 0;0
506 NONE 0;0 0;0
507 NONE 0;0 0;0
508 NONE 0;0 0;0
509 NONE 0;0 0;0
510 NONE 0;0 0;0
511 NONE 0;0 0;0
512 NONE 0;0 0;0
513 NONE 0;0 0;0
514 NONE 0;0 0;0
515 NONE 0;0 0;0
516 NONE 0;0 0;0
517 NONE 0;0 0;0
518 NONE 0;0 0;0
519 NONE 0;0 0;0
520 NONE 0;0 0;0
521 NONE 0;0 0;0
522 NONE 0;0 0;0
523 NONE 0;0 0;0
524 NONE 0;0 0;0
525 NONE 0;0 0;0
526 NONE 0;0 0;0
527 NONE 0;0 0;0
528 NONE 0;0 0;0
529 NONE 0;0 0;0
530 NONE 0;0 0;0
531 NONE 0;0 0;0
532 NONE 0;0 0;0
533 NONE 0;0 0;0
534 NONE 0;0 0;0
535 NONE 0;0 0;0
536 NONE 0;0 0;0
537 NONE 0;0 0;0
538 NONE 0;0 0;0
539 NONE 0;0 0;0
540 NONE 0;0 0;0
541 NONE 0;0 0;0
542 NONE 0;0 0;0
543 NONE 0;0 0;0
544 NONE 0;0 0;0
545 NONE 0;0 0;0
546 NONE 0;0 0;0
547 NONE 0;0 0;0
548 NONE 0;0 0;0
549 NONE 0;0 0;0
550 NONE 0;0 0;0
551 NONE 0;0 0;0
552 NONE 0;0 0;0
553 NONE 0;0 0;0
554 NONE 0;0 0;0
555 NONE 0;0 0;0
556 NONE 0;0 0;0
557 NONE 0;0 0;0
558 NONE 0;0 0;0
559 NONE 0;0 0;0
560 NONE 0;0 0;0
561 NONE 0;0 0;0
562 NONE 0;0 0;0
563 NONE 0;0 0;0
564 NONE 0;0 0;0
565 NONE 0;0 0;0
566 NONE 0;0 0;0
567 NONE 0;0 0;0
568 NONE 0;0 0;0
569 NONE 0;0 0;0
570 NONE 0;0 0;0
571 NONE 0;0 0;0
572 NONE 0;0 0;0
573 NONE 0;0 0;0
574 NONE 0;0 0;0
575 NONE 0;0 0;0
576 NONE 0;0 0;0
577 NONE 0;0 0;0
578 NONE 0;0 0;0
579 NONE 0;0 0;0
580 NONE 0;0 0;0
581 NONE 0;0 0;0
582 NONE 0;0 0;0
583 NONE 0;0 0;0
584 NONE 0;0 0;0
585 NONE 0;0 0;0
586 NONE 0;0 0;0
587 NONE 0;0 0;0
588 NONE 0;0 0;0
589 NONE 0;0 0;0
590 NONE 0;0 0;0
591 NONE 0;0 0;0
592 NONE 0;0 0;0
593 NONE 0;0 0;0
594 NONE 0;0 0;0
595 NONE 0;0 0;0
596 NONE 0;0 0;0
597 NONE 0;0 0;0
598 NONE 0;0 0;0
599 NONE 0;0 0;0
600 NONE 0;0 0;0
601 NONE 0;0 0;0
602 NONE 0;0 0;0
603 NONE 0;0 0;0
604 NONE 0;0 0;0
605 NONE 0;0 0;0
606 NONE 0;0 0;0
607 NONE 0;0 0;0
608 NONE 0;0 0;0
609 NONE 0;0 0;0
610 NONE 0;0 0;0
611 NONE 0;0 0;0
612 NONE 0;0 0;0
613 NONE 0;0 0;0
614 NONE 0;0 0;0
615 NONE 0;0 0;0
616 NONE 0;0 0;0
617 NONE 0;0 0;0
618 NONE 0;0 0;0
619 NONE 0;0 0;0
620 NONE 0;0 0;0
621 NONE 0;0 0;0
622 NONE 0;0 0;0
623 NONE 0;0 0;0
624 NONE 0;0 0;0
625 NONE 0;0 0;0
626 NONE 0;0 0;0
627 NONE 0;0 0;0
628 NONE 0;0 0;0
629 NONE 0;0 0;0
630 NONE 0;0 0;0
631 NONE 0;0 0;0
632 NONE 0;0 0;0
633 NONE 0;0 0;0
634 NONE 0;0 0;0
635 NONE 0;0 0;0
636 NONE 0;0 0;0
637 NONE 0;0 0;0
638 NONE 0;0 0;0
639 NONE 0;0 0;0
640 NONE 0;0 0;0
641 NONE 0;0 0;0
642 NONE 0;0 0;0
643 NONE 0;0 0;0
644 NONE 0;0 0;0
645 NONE 0;0 0;0
646 NONE 0;0 0;0
647 NONE 0;0 0;0
648 NONE 0;0 0;0
649 NONE 0;0 0;0
650 NONE 0;0 0;0
651 NONE 0;0 0;0
652 NONE 0;0 0;0
653 NONE 0;0 0;0
654 NONE 0;0 0;0
655 NONE 0;0 0;0
656 NONE 0;0 0;0
657 NONE 0;0 0;0
658 NONE 0;0 0;0
659 NONE 0;0 0;0
660 NONE 0;0 0;0
661 NONE 0;0 0;0
662 NONE 0;0 0;0
663 NONE 0;0 0;0
664 NONE 0;0 0;0
665 NONE 0;0 0;0
666 NONE 0;0 0;0
667 NONE 0;0 0;0
668 NONE 0;0 0;0
669 NONE 0;0 0;0
670 NONE 0;0 0;0
671 NONE 0;0 0;0
672 NONE 0;0 0;0
673 NONE 0;0 0;0
674 NONE 0;0 0;0
675 NONE 0;0 0;0
676 NONE 0;0 0;0
677 NONE 0;0 0;0
678 NONE 0;0 0;0
679 NONE 0;0 0;0
680 NONE 0;0 0;0
681 NONE 0;0 0;0
682 NONE 0;0 0;0
683 NONE 0;0 0;0
684 NONE 0;0 0;0
685 NONE 0;0 0;0
686 NONE 0;0 0;0
687 NONE 0;0 0;0
688 NONE 0;0 0;0
689 NONE 0;0 0;0
690 NONE 0;0 0;0
691 NONE 0;0 0;0
692 NONE 0;0 0;0
693 NONE 0;0 0;0
694 NONE 0;0 0;0
695 NONE 0;0 0;0
696 NONE 0;0 0;0
697 NONE 0;0 0;0
698 NONE 0;0 0;0
699 NONE 0;0 0;0
700 NONE 0;0 0;0
701 NONE 0;0 0;0
702 NONE 0;0 0;0
703 NONE 0;0 0;0
704 NONE 0;0 0;0
705 NONE 0;0 0;0
706 NONE 0;0 0;0
707 NONE 0;0 0;0
708 NONE 0;0 0;0
709 NONE 0;0 0;0
710 NONE 0;0 0;0
711 NONE 0;0 0;0
712 NONE 0;0 0;0
713 NONE 0;0 0;0
714 NONE 0;0 0;0
715 NONE 0;0 0;0
716 NONE 0;0 0;0
717 NONE 0;0 0;0
718 NONE 0;0 0;0
719 NONE 0;0 0;0
720 NONE 0;0 0;0
721 NONE 0;0 0;0
722 NONE 0;0 0;0
723 NONE 0;0 0;0
724 NONE 0;0 0;0
725 NONE 0;0 0;0
726 NONE 0;0 0;0
727 NONE 0;0 0;0
728 NONE 0;0 0;0
729 NONE 0;0 0;0
730 NONE 0;0 0;0
731 NONE 0;0 0;0
732 NONE 0;0 0;0
733 NONE 0;0 0;0
734 NONE 0;0 0;0
735 NONE 0;0 0;0
736 NONE 0;0 0;0
737 NONE 0;0 0;0
738 NONE 0;0 0;0
739 NONE 0;0 0;0
740 NONE 0;0 0;0
741 NONE 0;0 0;0
742 NONE 0;0 0;0
743 NONE 0;0 0;0
744 NONE 0;0 0;0
745 NONE 0;0 0;0
746 NONE 0;0 0;0
747 NONE 0;0 0;0
748 NONE 0;0 0;0
749 NONE 0;0 0;0
750 NONE 0;0 0;0
751 NONE 0;0 0;0
752 NONE 0;0 0;0
753 NONE 0;0 0;0
754 NONE 0;0 0;0
755 NONE 0;0 0;0
756 NONE 0;0 0;0
757 NONE 0;0 0;0
758 NONE 0;0 0;0
759 NONE 0;0 0;0
760 NONE 0;0 0;0
761 NONE 0;0 0;0
762 NONE 0;0 0;0
763 NONE 0;0 0;0
764 NONE 0;0 0;0
765 NONE 0;0 0;0
766 NONE 0;0 0;0
767 NONE 0;0 0;0
768 NONE 0;0 0;0
769 NONE 0;0 0;0
770 NONE 0;0 0;0
771 NONE 0;0 0;0
772 NONE 0;0 0;0
773 NONE 0;0 0;0
774 NONE 0;0 0;0
775 NONE 0;0 0;0
776 NONE 0;0 0;0
777 NONE 0;0 0;0
778 NONE 0;0 0;0
779 NONE 0;0 0;0
780 NONE 0;0 0;0
781 NONE 0;0 0;0
782 NONE 0;0 0;0
783 NONE 0;0 0;0
784 NONE 0;0 0;0
785 NONE 0;0 0;0
786 NONE 0;0 0;0
787 NONE 0;0 0;0
788 NONE 0;0 0;0
789 NONE 0;0 0;0
790 NONE 0;0 0;0
791 NONE 0;0 0;0
792 NONE 0;0 0;0
793 NONE 0;0 0;0
794 NONE 0;0 0;0
795 NONE 0;0 0;0
796 NONE 0;0 0;0
797 NONE 0;0 0;0
798 NONE 0;0 0;0
799 NONE 0;0 0;0
800 NONE 0;0 0;0
801 NONE 0;0 0;0
802 NONE 0;0 0;0
803 NONE 0;0 0;0
804 NONE 0;0 0;0
805 NONE 0;0 0;0
806 NONE 0;0 0;0
807 NONE 0;0 0;0
808 NONE 0;0 0;0
809 NONE 0;0 0;0
810 NONE 0;0 0;0
811 NONE 0;0 0;0
812 NONE 0;0 0;0
813 NONE 0;0 0;0
814 NONE 0;0 0;0
815 NONE 0;0 0;0
816 NONE 0;0 0;0
817 NONE 0;0 0;0
818 NONE 0;0 0;0
819 NONE 0;0 0;0
820 NONE 0;0 0;0
821 NONE 0;0 0;0
822 NONE 0;0 0;0
823 NONE 0;0 0;0
824 NONE 0;0 0;0
825 NONE 0;0 0;0
826 NONE 0;0 0;0
827 NONE 0;0 0;0
828 NONE 0;0 0;0
829 NONE 0;0 0;0
830 NONE 0;0 0;0
831 NONE 0;0 0;0
832 NONE 0;0 0;0
833 NONE 0;0 0;0
834 NONE 0;0 0;0
835 NONE 0;0 0;0
836 NONE 0;0 0;0
837 NONE 0;0 0;0
838 NONE 0;0 0;0
839 NONE 0;0 0;0
840 NONE 0;0 0;0
841 NONE 0;0 0;0
842 NONE 0;0 0;0
843 NONE 0;0 0;0
844 NONE 0;0 0;0
845 NONE 0;0 0;0
846 NONE 0;0 0;0
847 NONE 0;0 0;0
848 NONE 0;0 0;0
849 NONE 0;0 0;0
850 NONE 0;0 0;0
851 NONE 0;0 0;0
852 NONE 0;0 0;0
853 NONE 0;0 0;0
854 NONE 0;0 0;0
855 NONE 0;0 0;0
856 NONE 0;0 0;0
857 NONE 0;0 0;0
858 NONE 0;0 0;0
859 NONE 0;0 0;0
860 NONE 0;0 0;0
861 NONE 0;0 0;0
862 NONE 0;0 0;0
863 NONE 0;0 0;0
864 NONE 0;0 0;0
865 NONE 0;0 0;0
866 NONE 0;0 0;0
867 NONE 0;0 0;0
868 NONE 0;0 0;0
869 NONE 0;0 0;0
870 NONE 0;0 0;0
871 NONE 0;0 0;0
872 NONE 0;0 0;0
873 NONE 0;0 0;0
874 NONE 0;0 0;0
875 NONE 0;0 0;0
876 NONE 0;0 0;0
877 NONE 0;0 0;0
878 NONE 0;0 0;0
879 NONE 0;0 0;0
880 NONE 0;0 0;0
881 NONE 0;0 0;0
882 NONE 0;0 0;0
883 NONE 0;0 0;0
884 NONE 0;0 0;0
885 NONE 0;0 0;0
886 NONE 0;0 0;0
887 NONE 0;0 0;0
888 NONE 0;0 0;0
889 NONE 0;0 0;0
890 NONE 0;0 0;0
891 NONE 0;0 0;0
892 NONE 0;0 0;0
893 NONE 0;0 0;0
894 NONE 0;0 0;0
895 NONE 0;0 0;0
896 NONE 0;0 0;0
897 NONE 0;0 0;0
898 NONE 0;0 0;0
899 NONE 0;0 0;0
900 NONE 0;0 0;0
901 NONE 0;0 0;0
902 NONE 0;0 0;0
903 NONE 0;0 0;0
904 NONE 0;0 0;0
905 NONE 0;0 0;0
906 NONE 0;0 0;0
907 NONE 0;0 0;0
908 NONE 0;0 0;0
909 NONE 0;0 0;0
910 NONE 0;0 0;0
911 NONE 0;0 0;0
912 NONE 0;0 0;0
913 NONE 0;0 0;0
914 NONE 0;0 0;0
915 NONE 0;0 0;0
916 NONE 0;0 0;0
917 NONE 0;0 0;0
918 NONE 0;0 0;0
919 NONE 0;0 0;0
920 NONE 0;0 0;0
921 NONE 0;0 0;0
922 NONE 0;0 0;0
923 NONE 0;0 0;0
924 NONE 0;0 0;0
925 NONE 0;0 0;0
926 NONE 0;0 0;0
927 NONE 0;0 0;0
928 NONE 0;0 0;0
929 NONE 0;0 0;0
930 NONE 0;0 0;0
931 NONE 0;0 0;0
932 NONE 0;0 0;0
933 NONE 0;0 0;0
934 NONE 0;0 0;0
935 NONE 0;0 0;0
936 NONE 0;0 0;0
937 NONE 0;0 0;0
938 NONE 0;0 0;0
939 NONE 0;0 0;0
940 NONE 0;0 0;0
941 NONE 0;0 0;0
942 NONE 0;0 0;0
943 NONE 0;0 0;0
944 NONE 0;0 0;0
945 NONE 0;0 0;0
946 NONE 0;0 0;0
947 NONE 0;0 0;0
948 NONE 0;0 0;0
949 NONE 0;0 0;0
950 NONE 0;0 0;0
951 NONE 0;0 0;0
952 NONE 0;0 0;0
953 NONE 0;0 0;0
954 NONE 0;0 0;0
955 NONE 0;0 0;0
956 NONE 0;0 0;0
957 NONE 0;0 0;0
958 NONE 0;0 0;0
959 NONE 0;0 0;0
960 NONE 0;0 0;0
961 NONE 0;0 0;0
962 NONE 0;0 0;0
963 NONE 0;0 0;0
964 NONE 0;0 0;0
965 NONE 0;0 0;0
966 NONE 0;0 0;0
967 NONE 0;0 0;0
968 NONE 0;0 0;0
969 NONE 0;0 0;0
970 NONE 0;0 0;0
971 NONE 0;0 0;0
972 NONE 0;0 0;0
973 NONE 0;0 0;0
974 NONE 0;0 0;0
975 NONE 0;0 0;0
976 NONE 0;0 0;0
977 NONE 0;0 0;0
978 NONE 0;0 0;0
979 NONE 0;0 0;0
980 NONE 0;0 0;0
981 NONE 0;0 0;0
982 NONE 0;0 0;0
983 NONE 0;0 0;0
984 NONE 0;0 0;0
985 NONE 0;0 0;0
986 NONE 0;0 0;0
987 NONE 0;0 0;0
988 NONE 0;0 0;0
989 NONE 0;0 0;0
990 NONE 0;0 0;0
991 NONE 0;0 0;0
992 NONE 0;0 0;0
993 NONE 0;0 0;0
994 NONE 0;0 0;0
995 NONE 0;0 0;0
996 NONE 0;0 0;0
997 NONE 0;0 0;0
998 NONE 0;0 0;0
999 NONE 0;0 0;0
1000 NONE 0;0 0;0
1001 NONE 0;0 0;0
1002 NONE 0;0 0;0
1003 NONE 0;0 0;0
1004 NONE 0;0 0;0
1005 NONE 0;0 0;0
1006 NONE 0;0 0;0
1007 NONE 0;0 0;0
1008 NONE 0;0 0;0
1009 NONE 0;0 0;0
1010 NONE 0;0 0;0
1011 NONE 0;0 0;0
1012 NONE 0;0 0;0
1013 NONE 0;0 0;0
1014 NONE 0;0 0;0
1015 NONE 0;0 0;0
1016 NONE 0;0 0;0
1017 NONE 0;0 0;0
1018 NONE 0;0 0;0
1019 NONE 0;0 0;0
1020 NONE 0;0 0;0
1021 NONE 0;0 0;0
1022 NONE 0;0 0;0
1023 NONE 0;0 0;0
1024 NONE 0;0 0;0
1025 NONE 0;0 0;0
1026 NONE 0;0 0;0
1027 NONE 0;0 0;0
1028 NONE 0;0 0;0
1029 NONE 0;0 0;0
1030 NONE 0;0 0;0
1031 NONE 0;0 0;0
1032 NONE 0;0 0;0
1033 NONE 0;0 0;0
1034 NONE 0;0 0;0
1035 NONE 0;0 0;0
1036 NONE 0;0 0;0
1037 NONE 0;0 0;0
1038 NONE 0;0 0;0
1039 NONE 0;0 0;0
1040 NONE 0;0 0;0
1041 NONE 0;0 0;0
1042 NONE 0;0 0;0
1043 NONE 0;0 0;0
1044 NONE 0;0 0;0
1045 NONE 0;0 0;0
1046 NONE 0;0 0;0
1047 NONE 0;0 0;0
1048 NONE 0;0 0;0
1049 NONE 0;0 0;0
1050 NONE 0;0 0;0
1051 NONE 0;0 0;0
1052 NONE 0;0 0;0
1053 NONE 0;0 0;0
1054 NONE 0;0 0;0
1055 NONE 0;0 0;0
1056 NONE 0;0 0;0
1057 NONE 0;0 0;0
1058 NONE 0;0 0;0
1059 NONE 0;0 0;0
1060 NONE 0;0 0;0
1061 NONE 0;0 0;0
1062 NONE 0;0 0;0
1063 NONE 0;0 0;0
1064 NONE 0;0 0;0
1065 NONE 0;0 0;0
1066 NONE 0;0 0;0
1067 NONE 0;0 0;0
1068 NONE 0;0 0;0
1069 NONE 0;0 0;0
1070 NONE 0;0 0;0
1071 NONE 0;0 0;0
1072 NONE 0;0 0;0
1073 NONE 0;0 0;0
1074 NONE 0;0 0;0
1075 NONE 0;0 0;0
1076 NONE 0;0 0;0
1077 NONE 0;0 0;0
1078 NONE 0;0 0;0
1079 NONE 0;0 0;0
1080 NONE 0;0 0;0
1081 NONE 0;0 0;0
1082 NONE 0;0 0;0
1083 NONE 0;0 0;0
1084 NONE 0;0 0;0
1085 NONE 0;0 0;0
1086 NONE 0;0 0;0
1087 NONE 0;0 0;0
1088 NONE 0;0 0;0
1089 NONE 0;0 0;0
1090 NONE 0;0 0;0
1091 NONE 0;0 0;0
1092 NONE 0;0 0;0
1093 NONE 0;0 0;0
1094 NONE 0;0 0;0
1095 NONE 0;0 0;0
1096 NONE 0;0 0;0
1097 NONE 0;0 0;0
1098 NONE 0;0 0;0
1099 NONE 0;0 0;0
1100 NONE 0;0 0;0
1101 NONE 0;0 0;0
1102 NONE 0;0 0;0
1103 NONE 0;0 0;0
1104 NONE 0;0 0;0
1105 NONE 0;0 0;0
1106 NONE 0;0 0;0
1107 NONE 0;0 0;0
1108 NONE 0;0 0;0
1109 NONE 0;0 0;0
1110 NONE 0;0 0;0
1111 NONE 0;0 0;0
1112 NONE 0;0 0;0
1113 NONE 0;0 0;0
1114 NONE 0;0 0;0
1115 NONE 0;0 0;0
1116 NONE 0;0 0;0
1117 NONE 0;0 0;0
1118 NONE 0;0 0;0
1119 NONE 0;0 0;0
1120 NONE 0;0 0;0
1121 NONE 0;0 0;0
1122 NONE 0;0 0;0
1123 NONE 0;0 0;0
1124 NONE 0;0 0;0
1125 NONE 0;0 0;0
1126 NONE 0;0 0;0
1127 NONE 0;0 0;0
1128 NONE 0;0 0;0
1129 NONE 0;0 0;0
1130 NONE 0;0 0;0
1131 NONE 0;0 0;0
1132 NONE 0;0 0;0
1133 NONE 0;0 0;0
1134 NONE 0;0 0;0
1135 NONE 0;0 0;0
1136 NONE 0;0 0;0
1137 NONE 0;0 0;0
1138 NONE 0;0 0;0
1139 NONE 0;0 0;0
1140 NONE 0;0 0;0
1141 NONE 0;0 0;0
1142 NONE 0;0 0;0
1143 NONE 0;0 0;0
1144 NONE 0;0 0;0
1145 NONE 0;0 0;0
1146 NONE 0;0 0;0
1147 NONE 0;0 0;0
1148 NONE 0;0 0;0
1149 NONE 0;0 0;0
1150 NONE 0;0 0;0
1151 NONE 0;0 0;0
1152 NONE 0;0 0;0
1153 NONE 0;0 0;0
1154 NONE 0;0 0;0
1155 NONE 0;0 0;0
1156 NONE 0;0 0;0
1157 NONE 0;0 0;0
1158 NONE 0;0 0;0
1159 NONE 0;0 0;0
1160 NONE 0;0 0;0
1161 NONE 0;0 0;0
1162 NONE 0;0 0;0
1163 NONE 0;0 0;0
1164 NONE 0;0 0;0
1165 NONE 0;0 0;0
1166 NONE 0;0 0;0
1167 NONE 0;0 0;0
1168 NONE 0;0 0;0
1169 NONE 0;0 0;0
1170 NONE 0;0 0;0
1171 NONE 0;0 0;0
1172 NONE 0;0 0;0
1173 NONE 0;0 0;0
1174 NONE 0;0 0;0
1175 NONE 0;0 0;0
1176 NONE 0;0 0;0
1177 NONE 0;0 0;0
1178 NONE 0;0 0;0
1179 NONE 0;0 0;0
1180 NONE 0;0 0;0
1181 NONE 0;0 0;0
1182 NONE 0;0 0;0
1183 NONE 0;0 0;0
1184 NONE 0;0 0;0
1185 NONE 0;0 0;0
1186 NONE 0;0 0;0
1187 NONE 0;0 0;0
1188 NONE 0;0 0;0
1189 NONE 0;0 0;0
1190 NONE 0;0 0;0
1191 NONE 0;0 0;0
1192 NONE 0;0 0;0
1193 NONE 0;0 0;0
1194 NONE 0;0 0;0
1195 NONE 0;0 0;0
1196 NONE 0;0 0;0
1197 NONE 0;0 0;0
1198 NONE 0;0 0;0
1199 NONE 0;0 0;0
1200 NONE 0;0 0;0
1201 NONE 0;0 0;0
1202 NONE 0;0 0;0
1203 NONE 0;0 0;0
1204 NONE 0;0 0;0
1205 NONE 0;0 0;0
1206 NONE 0;0 0;0
1207 NONE 0;0 0;0
1208 NONE 0;0 0;0
1209 NONE 0;0 0;0
1210 NONE 0;0 0;0
1211 NONE 0;0 0;0
1212 NONE 0;0 0;0
1213 NONE 0;0 0;0
1214 NONE 0;0 0;0
1215 NONE 0;0 0;0
1216 NONE 0;0 0;0
1217 NONE 0;0 0;0
1218 NONE 0;0 0;0
1219 NONE 0;0 0;0
1220 NONE 0;0 0;0
1221 NONE 0;0 0;0
1222 NONE 0;0 0;0
1223 NONE 0;0 0;0
1224 NONE 0;0 0;0
1225 NONE 0;0 0;0
1226 NONE 0;0 0;0
1227 NONE 0;0 0;0
1228 NONE 0;0 0;0
1229 NONE 0;0 0;0
1230 NONE 0;0 0;0
1231 NONE 0;0 0;0
1232 NONE 0;0 0;0
1233 NONE 0;0 0;0
1234 NONE 0;0 0;0
1235 NONE 0;0 0;0
1236 NONE 0;0 0;0
1237 NONE 0;0 0;0
1238 NONE 0;0 0;0
1239 NONE 0;0 0;0
1240 NONE 0;0 0;0
1241 NONE 0;0 0;0
1242 NONE 0;0 0;0
1243 NONE 0;0 0;0
1244 NONE 0;0 0;0
1245 NONE 0;0 0;0
1246 NONE 0;0 0;0
1247 NONE 0;0 0;0
1248 NONE 0;0 0;0
1249 NONE 0;0 0;0
1250 NONE 0;0 0;0
1251 NONE 0;0 0;0
1252 NONE 0;0 0;0
1253 NONE 0;0 0;0
1254 NONE 0;0 0;0
1255 NONE 0;0 0;0
1256 NONE 0;0 0;0
1257 NONE 0;0 0;0
1258 NONE 0;0 0;0
1259 NONE 0;0 0;0
1260 NONE 0;0 0;0
1261 NONE 0;0 0;0
1262 NONE 0;0 0;0
1263 NONE 0;0 0;0
1264 NONE 0;0 0;0
1265 NONE 0;0 0;0
1266 NONE 0;0 0;0
1267 NONE 0;0 0;0
1268 NONE 0;0 0;0
1269 NONE 0;0 0;0
1270 NONE 0;0 0;0
1271 NONE 0;0 0;0
1272 NONE 0;0 0;0
1273 NONE 0;0 0;0
1274 NONE 0;0 0;0
1275 NONE 0;0 0;0
1276 NONE 0;0 0;0
1277 NONE 0;0 0;0
1278 NONE 0;0 0;0
1279 NONE 0;0 0;0
1280 NONE 0;0 0;0
1281 NONE 0;0 0;0
1282 NONE 0;0 0;0
1283 NONE 0;0 0;0
1284 NONE 0;0 0;0
1285 NONE 0;0 0;0
1286 NONE 0;0 0;0
1287 NONE 0;0 0;0
1288 NONE 0;0 0;0
1289 NONE 0;0 0;0
1290 NONE 0;0 0;0
1291 NONE 0;0 0;0
1292 NONE 0;0 0;0
1293 NONE 0;0 0;0
1294 NONE 0;0 0;0
1295 NONE 0;0 0;0
1296 NONE 0;0 0;0
1297 NONE 0;0 0;0
1298 NONE 0;0 0;0
1299 NONE 0;0 0;0
1300 NONE 0;0 0;0
1301 NONE 0;0 0;0
1302 NONE 0;0 0;0
1303 NONE 0;0 0;0
1304 NONE 0;0 0;0
1305 NONE 0;0 0;0
1306 NONE 0;0 0;0
1307 NONE 0;0 0;0
1308 NONE 0;0 0;0
1309 NONE 0;0 0;0
1310 NONE 0;0 0;0
1311 NONE 0;0 0;0
1312 NONE 0;0 0;0
1313 NONE 0;0 0;0
1314 NONE 0;0 0;0
1315 NONE 0;0 0;0
1316 NONE 0;0 0;0
1317 NONE 0;0 0;0
1318 NONE 0;0 0;0
1319 NONE 0;0 0;0
1320 NONE 0;0 0;0
1321 NONE 0;0 0;0
1322 NONE 0;0 0;0
1323 NONE 0;0 0;0
1324 NONE 0;0 0;0
1325 NONE 0;0 0;0
1326 NONE 0;0 0;0
1327 NONE 0;0 0;0
1328 NONE 0;0 0;0
1329 NONE 0;0 0;0
1330 NONE 0;0 0;0
1331 NONE 0;0 0;0
1332 NONE 0;0 0;0
1333 NONE 0;0 0;0
1334 NONE 0;0 0;0
1335 NONE 0;0 0;0
1336 NONE 0;0 0;0
1337 NONE 0;0 0;0
1338 NONE 0;0 0;0
1339 NONE 0;0 0;0
1340 NONE 0;0 0;0
1341 NONE 0;0 0;0
1342 NONE 0;0 0;0
1343 NONE 0;0 0;0
1344 NONE 0;0 0;0
1345 NONE 0;0 0;0
1346 NONE 0;0 0;0
1347 NONE 0;0 0;0
1348 NONE 0;0 0;0
1349 NONE 0;0 0;0
1350 NONE 0;0 0;0
1351 NONE 0;0 0;0
1352 NONE 0;0 0;0
1353 NONE 0;0 0;0
1354 NONE 0;0 0;0
1355 NONE 0;0 0;0
1356 NONE 0;0 0;0
1357 NONE 0;0 0;0
1358 NONE 0;0 0;0
1359 NONE 0;0 0;0
1360 NONE 0;0 0;0
1361 NONE 0;0 0;0
1362 NONE 0;0 0;0
1363 NONE 0;0 0;0
1364 NONE 0;0 0;0
1365 NONE 0;0 0;0
1366 NONE 0;0 0;0
1367 NONE 0;0 0;0
1368 NONE 0;0 0;0
1369 NONE 0;0 0;0
1370 NONE 0;0 0;0
1371 NONE 0;0 0;0
1372 NONE 0;0 0;0
1373 NONE 0;0 0;0
1374 NONE 0;0 0;0
1375 NONE 0;0 0;0
1376 NONE 0;0 0;0
1377 NONE 0;0 0;0
1378 NONE 0;0 0;0
1379 NONE 0;0 0;0
1380 NONE 0;0 0;0
1381 NONE 0;0 0;0
1382 NONE 0;0 0;0
1383 NONE 0;0 0;0
1384 NONE 0;0 0;0
1385 NONE 0;0 0;0
1386 NONE 0;0 0;0
1387 NONE 0;0 0;0
1388 NONE 0;0 0;0
1389 NONE 0;0 0;0
1390 NONE 0;0 0;0
1391 NONE 0;0 0;0
1392 NONE 0;0 0;0
1393 NONE 0;0 0;0
1394 NONE 0;0 0;0
1395 NONE 0;0 0;0
1396 NONE 0;0 0;0
1397 NONE 0;0 0;0
1398 NONE 0;0 0;0
1399 NONE 0;0 0;0
1400 NONE 0;0 0;0
1401 NONE 0;0 0;0
1402 NONE 0;0 0;0
1403 NONE 0;0 0;0
1404 NONE 0;0 0;0
1405 NONE 0;0 0;0
1406 NONE 0;0 0;0
1407 NONE 0;0 0;0
1408 NONE 0;0 0;0
1409 NONE 0;0 0;0
1410 NONE 0;0 0;0
1411 NONE 0;0 0;0
1412 NONE 0;0 0;0
1413 NONE 0;0 32767;0
1414 NONE 0;0 32767;0
1415 NONE 0;0 32767;0
1416 NONE 0;0 32767;0
1417 NONE 0;0 32767;0
1418 NONE 0;0 32767;0
1419 NONE 0;0 32767;0
1420 NONE 0;0 32767;0
1421 NONE 0;0 32767;0
1422 NONE 0;0 32767;0
1423 NONE 0;0 32767;0
1424 NONE 0;0 32767;0
1425 NONE 0;0 32767;0
1426 NONE 0;0 32767;0
1427 NONE 0;0 32767;0
1428 NONE 0;0 32767;0
1429 NONE 0;0 32767;0
1430 NONE 0;0 32767;0
1431 NONE 0;0 32767;0
1432 NONE 0;0 32767;0
1433 NONE 0;0 32767;0
1434 NONE 0;0 32767;0
1435 NONE 0;0 32767;0
1436 NONE 0;0 32767;0
1437 NONE 0;0 32767;0
1438 NONE 0;0 32767;0
1439 NONE 0;0 32767;0
1440 NONE 0;0 32767;0
1441 NONE 0;0 32767;0
1442 NONE 0;0 32767;0
1443 NONE 0;0 32767;0
1444 NONE 0;0 32767;0
1445 NONE 0;0 32767;0
1446 NONE 0;0 32767;0
1447 NONE 0;0 32767;0
1448 NONE 0;0 32767;0
1449 NONE 0;0 32767;0
1450 NONE 0;0 32767;0
1451 NONE 0;0 32767;0
1452 NONE 0;0 32767;0
1453 NONE 0;0 32767;0
1454 NONE 0;0 32767;0
1455 NONE 0;0 32767;0
1456 NONE 0;0 32767;0
1457 NONE 0;0 32767;0
1458 NONE 0;0 32767;0
1459 NONE 0;0 32767;0
1460 NONE 0;0 32767;0
1461 NONE 0;0 32767;0
1462 NONE 0;0 32767;0
1463 NONE 0;0 32767;0
1464 NONE 0;0 32767;0
1465 NONE 0;0 32767;0
1466 NONE 0;0 32767;0
1467 NONE 0;0 32767;0
1468 NONE 0;0 32767;0
1469 NONE 0;0 32767;0
1470 NONE 0;0 32767;0
1471 NONE 0;0 32767;0
1472 NONE 0;0 32767;0
1473 NONE 0;0 32767;0
1474 NONE 0;0 32767;0
1475 NONE 0;0 32767;0
1476 NONE 0;0 32767;0
1477 NONE 0;32767 32767;0
1478 NONE -28377;-16383 32767;0
1479 NONE 28377;-16383 32767;0
1480 NONE 0;32767 32767;0
1481 NONE -28377;-16383 32767;0
1482 NONE 28377;-16383 32767;0
1483 NONE 0;32767 32767;0
1484 NONE -28377;-16383 32767;0
1485 NONE 28377;-16383 3276;0
1486 NONE 28377;-16383 0;-32766
1487 NONE 0;32767 0;-32766
1488 NONE -28377;-16383 0;-32766
1489 NONE 28377;-16383 0;-32766
1490 NONE 0;32767 0;-32766
1491 NONE -28377;-16383 0;-32766
1492 NONE 28377;-16383 0;-32766
1493 NONE 0;32767 0;-32766
1494 NONE -28377;-16383 0;-32766
1495 NONE 28377;-16383 0;-32766
1496 NONE 0;32767 0;-32766
1497 NONE -28377;-16383 0;-32766
1498 NONE 28377;-16383 0;-32766
1499 NONE 0;32767 0;-32766
1500 NONE -28377;-16383 0;-32766
1501 NONE 28377;-16383 0;-32766
1502 NONE 0;32767 0;-32766
1503 NONE -28377;-16383 0;-32766
1504 NONE 28377;-16383 0;-32766
1505 NONE 0;32767 0;-32766
1506 NONE -28377;-16383 0;-32766
1507 NONE 28377;-16383 0;-32766
1508 KEY_B 14442;29412 0;-32766
1509 KEY_ZR 14442;29412 0;-32766
1510 KEY_ZR 14442;29412 0;-32766
1511 KEY_ZR 14442;29412 0;-32766
1512 KEY_ZR 14442;29412 0;-32766
1513 KEY_ZR 14442;29412 0;-32766
1514 KEY_ZR 14442;29412 0;-32766
1515 KEY_ZR 14442;29412 0;-32766
1516 KEY_Y;KEY_ZR 14442;29412 0;-32766
1517 NONE 0;0 0;-32766
1518 NONE 0;0 0;-32766
1519 NONE 0;0 0;0
1520 NONE 0;0 0;0
1521 NONE 0;0 0;0
1522 NONE 0;0 0;0
1523 NONE 0;0 0;0
1524 NONE 0;0 0;0
1525 NONE 0;0 0;0
1526 NONE 0;0 0;0
1527 NONE 0;0 0;0
1528 NONE 0;0 0;0
1529 NONE 0;0 0;0
1530 NONE 0;0 0;0
1531 NONE 0;0 0;0
1532 NONE 0;0 0;0
1533 NONE 0;0 0;0
1534 NONE 0;0 0;0
1535 NONE 0;0 0;0
1536 NONE 0;0 0;0
1537 NONE 0;0 0;0
1538 NONE 0;0 0;0
1539 KEY_B;KEY_L 0;0 0;0
1540 KEY_Y -14015;29618 0;0
1541 KEY_Y -14015;29618 0;0
1542 KEY_Y -14015;29618 0;0
1543 KEY_Y 13661;-29783 0;0
1544 KEY_Y 13661;-29783 0;0
1545 KEY_Y 13661;-29783 0;0
1546 KEY_Y 13661;-29783 0;0
1547 KEY_Y 13661;-29783 0;0
1548 KEY_Y 13661;-29783 0;0
1549 KEY_Y 13661;-29783 0;0
1550 KEY_Y 13661;-29783 0;0
1551 KEY_Y 13661;-29783 0;0
1552 KEY_Y 13661;-29783 0;0
1553 KEY_Y -14015;29618 0;0
1554 KEY_Y -14015;29618 0;0
1555 KEY_Y -14015;29618 0;0
1556 KEY_Y -14015;29618 0;0
1557 KEY_Y -14015;29618 0;0
1558 KEY_Y -14015;29618 0;0
1559 KEY_Y -14015;29618 0;0
1560 KEY_Y -14015;29618 0;0
1561 KEY_Y -14015;29618 0;0
1562 KEY_Y -14015;29618 0;0
1563 KEY_Y -14015;29618 0;0
1564 KEY_Y -14015;29618 0;0
1565 KEY_Y -14015;29618 0;0
1566 KEY_Y -14015;29618 0;0
1567 KEY_Y -14015;29618 0;0
1568 KEY_Y -14015;29618 0;0
1569 KEY_Y -14015;29618 0;0
1570 KEY_Y -14015;29618 0;0
1571 KEY_Y -14015;29618 0;0
1572 KEY_Y 29412;14442 0;0
1573 NONE 29412;14442 0;0
1574 NONE 29412;14442 0;0
1575 NONE 29412;14442 0;0
1576 NONE 29412;14442 0;0
1577 NONE 29412;14442 0;0
1578 NONE 29412;14442 0;0
1579 NONE 29412;14442 0;0
1580 NONE 29412;14442 0;0
1581 NONE 29412;14442 0;0
1582 NONE 29412;14442 0;0
1583 NONE 29412;14442 0;0
1584 NONE 29412;14442 0;0
1585 NONE 29412;14442 0;0
1586 NONE 29412;14442 0;0
1587 NONE 29412;14442 0;0
1588 NONE 29412;14442 0;0
1589 NONE 29412;14442 0;0
1590 NONE 29412;14442 0;0
1591 NONE 29412;14442 0;0
1592 NONE 29412;14442 0;0
1593 NONE 29412;14442 0;0
1594 NONE 29412;14442 0;0
1595 NONE 29412;14442 0;0
1596 NONE 29412;14442 0;0
1597 NONE 29412;14442 0;0
1598 NONE 29412;14442 0;0
1599 NONE 29412;14442 0;0
1600 NONE 29412;14442 0;0
1601 NONE 29412;14442 0;0
1602 NONE 29412;14442 0;0
1603 NONE 29412;14442 0;0
1604 NONE 29412;14442 0;0
1605 NONE 29412;14442 0;0
1606 NONE 29412;14442 0;0
1607 NONE 29412;14442 0;0
1608 NONE 29412;14442 0;0
1609 NONE 29412;14442 0;0
1610 NONE 29412;14442 0;0
1611 NONE 29412;14442 0;0
1612 NONE 29412;14442 0;0
1613 NONE 29412;14442 0;0
1614 NONE 29412;14442 0;0
1615 NONE 29412;14442 0;0
1616 NONE 29412;14442 0;0
1617 NONE 29412;14442 0;0
1618 NONE 29412;14442 0;0
1619 NONE 29412;14442 0;0
1620 NONE 29412;14442 0;0
1621 NONE 29412;14442 0;0
1622 NONE 29412;14442 0;0
1623 NONE 29412;14442 0;0
1624 NONE 29412;14442 0;0
1625 NONE 29412;14442 0;0
1626 NONE 29412;14442 0;0
1627 NONE 29412;14442 0;0
1628 NONE 29412;14442 0;0
1629 NONE 29412;14442 0;0
1630 NONE 29412;14442 0;0
1631 NONE 29412;14442 0;0
1632 NONE 29412;14442 0;0
1633 NONE 29412;14442 0;0
1634 NONE 29412;14442 0;0
1635 NONE 29412;14442 0;0
1636 NONE 29412;14442 0;0
1637 NONE 29412;14442 0;0
1638 NONE 29412;14442 0;0
1639 NONE 29412;14442 0;0
1640 NONE 29412;14442 0;0
1641 NONE 29412;14442 0;0
1642 NONE 29412;14442 0;0
1643 NONE 29412;14442 0;0
1644 KEY_Y 29412;14442 0;0
1645 NONE -1714;32707 0;0
1646 NONE -31156;10123 0;0
1647 NONE -31156;10123 0;0
1648 NONE -31156;10123 0;0
1649 NONE -1714;32707 0;0
1650 NONE -1714;32707 0;0
1651 NONE -1714;32707 0;0
1652 NONE -1714;32707 0;0
1653 KEY_ZL -1714;32707 0;0
1654 KEY_Y 0;0 0;0
1655 KEY_Y 0;0 0;0
1656 KEY_Y 0;0 0;0
1657 KEY_Y 0;0 0;0
1658 KEY_Y 0;0 0;0
1659 KEY_Y 0;0 0;0
1660 KEY_Y 0;0 0;0
1661 KEY_Y 0;0 0;0
1662 KEY_Y 0;0 0;0
1663 KEY_Y 0;0 0;0
1664 KEY_Y 0;0 0;0
1665 KEY_Y 0;0 0;0
1666 KEY_Y 0;0 0;0
1667 KEY_Y 0;0 0;0
1668 KEY_Y 0;0 0;0
1669 KEY_Y 0;0 0;0
1670 KEY_Y 0;0 0;0
1671 KEY_Y 0;0 0;0
1672 KEY_Y 0;0 0;0
1673 KEY_Y 0;0 0;0
1674 KEY_Y 0;0 0;0
1675 KEY_Y 0;0 0;0
1676 KEY_Y 0;0 0;0
1677 KEY_Y 0;0 0;0
1678 KEY_Y 0;0 0;0
1679 KEY_Y 0;0 0;0
1680 KEY_Y 0;0 0;0
1681 KEY_Y 0;0 0;0
1682 KEY_Y 32719;1714 0;0
1683 NONE 32719;1714 0;0
1684 NONE 32719;1714 0;0
1685 NONE 32719;1714 0;0
1686 NONE 32719;1714 0;0
1687 NONE 32719;1714 0;0
1688 NONE 32719;1714 0;0
1689 NONE 32719;1714 0;0
1690 NONE 32719;1714 0;0
1691 NONE 32719;1714 0;0
1692 NONE 32719;1714 0;0
1693 NONE 32719;1714 0;0
1694 NONE 32719;1714 0;0
1695 NONE 32719;1714 0;0
1696 NONE 32719;1714 0;0
1697 NONE -32637;2913 0;0
1698 KEY_ZL -31720;-8213 0;0
1699 KEY_Y;KEY_ZL;KEY_R 0;0 0;0
1700 KEY_ZL 0;0 0;0
1701 KEY_ZL 0;0 0;0
1702 KEY_ZL 0;0 0;0
1703 KEY_ZL 0;0 0;0
1704 KEY_ZL 0;0 0;0
1705 KEY_ZL 0;0 0;0
1706 KEY_ZL 0;0 0;0
1707 KEY_ZL 0;0 0;0
1708 KEY_ZL 0;0 0;0
1709 KEY_ZL 32767;0 0;0
1710 KEY_ZL 32767;0 0;0
1711 KEY_ZL 32767;0 0;0
1712 KEY_ZL 32767;0 0;0
1713 KEY_ZL 0;0 0;0
1714 KEY_ZL 0;0 0;0
1715 KEY_ZL 0;0 0;0
1716 KEY_ZL;KEY_L 0;0 0;0
1717 KEY_ZL 0;0 0;0
1718 KEY_ZL 0;0 0;0
1719 KEY_ZL 0;0 0;0
1720 KEY_ZL 0;0 0;0
1721 KEY_ZL 0;0 0;0
1722 KEY_ZL 0;0 0;0
1723 KEY_ZL 0;0 0;0
1724 KEY_ZL 0;0 0;0
1725 KEY_ZL 0;0 0;0
1726 KEY_ZL 0;0 0;0
1727 KEY_ZL 0;0 0;0
1728 KEY_ZL 0;0 0;0
1729 KEY_ZL 0;0 0;0
1730 KEY_ZL 0;0 0;0
1731 KEY_ZL 0;0 0;0
1732 KEY_ZL;KEY_L 0;0 0;0
1733 KEY_ZL 0;0 0;0
1734 KEY_ZL 0;0 0;0
1735 KEY_ZL 0;0 0;0
1736 KEY_ZL 0;0 0;0
1737 KEY_ZL 0;0 0;0
1738 KEY_ZL 0;0 0;0
1739 KEY_ZL 0;0 0;0
1740 KEY_ZL 0;0 0;0
1741 KEY_ZL 0;0 0;0
1742 KEY_ZL 0;0 0;0
1743 KEY_ZL 0;0 0;0
1744 KEY_ZL 0;0 0;0
1745 KEY_ZL 0;0 0;0
1746 KEY_ZL 0;0 0;0
1747 KEY_ZL 0;0 0;0
1748 KEY_ZL 0;0 0;0
1749 KEY_ZL 0;0 0;0
1750 KEY_Y;KEY_ZL 0;0 0;0
1751 KEY_B;KEY_Y;KEY_L 1086;32748 0;0
1752 KEY_Y 1086;32748 0;0
1753 KEY_Y 1086;32748 0;0
1754 KEY_Y 1086;32748 0;0
1755 KEY_Y 1086;32748 0;0
1756 KEY_Y 1086;32748 0;0
1757 KEY_Y 1086;32748 0;0
1758 KEY_Y 1086;32748 0;0
1759 KEY_Y 1086;32748 0;0
1760 KEY_Y 1086;32748 0;0
1761 KEY_B;KEY_Y 1086;32748 0;0
1762 KEY_B;KEY_Y 1086;32748 0;0
1763 KEY_Y 1086;32748 0;0
1764 KEY_Y 1086;32748 0;0
1765 KEY_Y 1086;32748 0;0
1766 KEY_Y 1086;32748 0;0
1767 KEY_Y 1086;32748 0;0
1768 KEY_Y 1086;32748 0;0
1769 KEY_Y 1086;32748 0;0
1770 KEY_Y 1086;32748 0;0
1771 KEY_Y 1086;32748 0;0
1772 KEY_Y 1086;32748 0;0
1773 KEY_Y 1086;32748 0;0
1774 KEY_Y 1086;32748 0;0
1775 KEY_Y 1086;32748 0;0
1776 KEY_Y 1086;32748 0;0
1777 KEY_Y 1086;32748 0;0
1778 KEY_Y 1086;32748 0;0
1779 KEY_Y 1086;32748 0;0
1780 KEY_Y 1086;32748 0;0
1781 KEY_Y 1086;32748 0;0
1782 KEY_Y 1086;32748 0;0
1783 KEY_Y 1086;32748 0;0
1784 KEY_Y 1086;32748 0;0
1785 KEY_Y 1086;32748 0;0
1786 KEY_Y 1086;32748 0;0
1787 KEY_Y 1086;32748 0;0
1788 KEY_Y 1086;32748 0;0
1789 KEY_Y 1086;32748 0;0
1790 KEY_Y 1086;32748 0;0
1791 KEY_Y 1086;32748 0;0
1792 NONE 21106;25063 0;0
1793 NONE 21106;25063 0;0
1794 NONE 21106;25063 0;0
1795 NONE 21106;25063 0;0
1796 NONE 21106;25063 0;0
1797 NONE 21106;25063 0;0
1798 NONE 21106;25063 0;0
1799 NONE 21106;25063 0;0
1800 NONE 21106;25063 0;0
1801 NONE 21106;25063 0;0
1802 NONE 21106;25063 0;0
1803 NONE 21106;25063 0;0
1804 NONE 21106;25063 0;0
1805 NONE 21106;25063 0;0
1806 NONE 21106;25063 0;0
1807 NONE 29202;14862 0;0
1808 NONE 29202;14862 0;0
1809 NONE 29202;14862 0;0
1810 NONE 29202;14862 0;0
1811 NONE 29202;14862 0;0
1812 NONE 29202;14862 0;0
1813 NONE 29202;14862 0;0
1814 NONE 29202;14862 0;0
1815 NONE 29202;14862 0;0
1816 NONE 29202;14862 0;0
1817 NONE 29202;14862 0;0
1818 NONE 29202;14862 0;0
1819 NONE 29202;14862 0;0
1820 NONE 29202;14862 0;0
1821 NONE 29202;14862 0;0
1822 NONE 17543;27675 0;0
1823 NONE 17543;27675 0;0
1824 NONE 17543;27675 0;0
1825 NONE 17543;27675 0;0
1826 NONE 17543;27675 0;0
1827 NONE 17543;27675 0;0
1828 NONE 17543;27675 0;0
1829 NONE 17543;27675 0;0
1830 NONE 17543;27675 0;0
1831 NONE 17543;27675 0;0
1832 NONE 17543;27675 0;0
1833 NONE 17543;27675 0;0
1834 NONE 17543;27675 0;0
1835 NONE 17543;27675 0;0
1836 NONE 17543;27675 0;0
1837 NONE 17543;27675 0;0
1838 NONE 17543;27675 0;0
1839 KEY_ZL 17543;27675 0;0
1840 KEY_Y 0;0 0;0
1841 NONE 0;0 0;0
1842 NONE 0;0 0;0
1843 NONE 0;0 0;0
1844 NONE 0;0 0;0
1845 NONE 0;0 0;0
1846 NONE 0;0 0;0
1847 NONE 0;0 0;0
1848 NONE 0;0 0;0
1849 NONE 0;0 0;0
1850 NONE 0;0 0;0
1851 NONE 0;0 0;0
1852 NONE 0;0 0;0
1853 NONE 0;0 0;0
1854 NONE 0;0 0;0
1855 NONE 0;0 0;0
1856 NONE 0;0 0;0
1857 NONE 0;0 0;0
1858 NONE 0;0 0;0
1859 NONE 0;0 0;0
1860 NONE 0;0 0;0
1861 NONE 0;0 0;0
1862 NONE 0;0 0;0
1863 NONE 0;0 0;0
1864 NONE 0;0 0;0
1865 NONE 0;0 0;0
1866 NONE 0;0 0;0
1867 NONE 0;0 0;0
1868 NONE 0;0 0;0
1869 NONE 0;0 0;0
1870 NONE 0;0 0;0
1871 NONE 0;0 0;0
1872 NONE 0;0 0;0
1873 NONE 0;0 0;0
1874 NONE 0;0 0;0
1875 NONE 0;0 0;0
1876 NONE 0;0 0;0
1877 NONE 0;0 0;0
1878 NONE 0;0 0;0
1879 NONE 0;0 0;0
1880 NONE 0;0 0;0
1881 NONE 0;0 0;0
1882 NONE 0;0 0;0
1883 NONE 0;0 0;0
1884 NONE 0;0 0;0
1885 NONE 0;0 0;0
1886 NONE 0;0 0;0
1887 NONE 0;0 0;0
1888 NONE 0;0 0;0
1889 NONE 0;0 0;0
1890 NONE 0;0 0;0
1891 NONE 0;0 0;0
1892 NONE 0;0 0;0
1893 NONE 0;0 0;0
1894 NONE 0;0 0;0
1895 NONE 0;0 0;0
1896 NONE 0;0 0;0
1897 NONE 0;0 0;0
1898 NONE 0;0 0;0
1899 NONE 0;0 0;0
1900 NONE 0;0 0;0
1901 NONE 0;0 0;0
1902 NONE 0;0 0;0
1903 NONE 0;0 0;0
1904 NONE 0;0 0;0
1905 NONE 0;0 0;0
1906 NONE 0;0 0;0
1907 NONE 0;0 0;0
1908 NONE 0;0 0;0
1909 NONE 0;0 0;0
1910 NONE 0;0 0;0
1911 NONE 0;0 0;0
1912 NONE 0;0 0;0
1913 NONE 0;0 0;0
1914 NONE 0;0 0;0
1915 NONE 0;0 0;0
1916 NONE 0;0 0;0
1917 NONE 0;0 0;0
1918 NONE 0;0 0;0
1919 NONE 0;0 0;0
1920 NONE 0;0 0;0
1921 NONE 0;0 0;0
1922 NONE 0;0 0;0
1923 NONE 0;0 0;0
1924 NONE 0;0 0;0
1925 NONE 0;0 0;0
1926 NONE 0;0 0;0
1927 NONE 0;0 0;0
1928 NONE 0;0 0;0
1929 NONE 0;0 0;0
1930 NONE 0;0 0;0
1931 NONE 0;0 0;0
1932 NONE 0;0 0;0
1933 NONE 0;0 0;0
1934 NONE 0;0 0;0
1935 NONE 0;0 0;0
1936 NONE 0;0 0;0
1937 NONE 0;0 0;0
1938 NONE 0;0 0;0
1939 NONE 0;0 0;0
1940 NONE 0;0 0;0
1941 NONE 0;0 0;0
1942 NONE 0;0 0;0
1943 NONE 0;0 0;0
1944 NONE 0;0 0;0
1945 NONE 0;0 0;0
1946 NONE 0;0 0;0
1947 NONE 0;0 0;0
1948 NONE 0;0 0;0
1949 NONE 0;0 0;0
1950 NONE 0;0 0;0
1951 NONE 0;0 0;0
1952 NONE 0;0 0;0
1953 NONE 0;0 0;0
1954 NONE 0;0 0;0
1955 NONE 0;0 0;0
1956 NONE 0;0 0;0
1957 NONE 0;0 0;0
1958 NONE 0;0 0;0
1959 NONE 0;0 0;0
1960 NONE 0;0 0;0
1961 NONE 0;0 0;0
1962 NONE 0;0 0;0
1963 NONE 0;0 0;0
1964 NONE 0;0 0;0
1965 NONE 0;0 0;0
1966 NONE 0;0 0;0
1967 NONE 0;0 0;0
1968 NONE 0;0 0;0
1969 NONE 0;0 0;0
1970 NONE 0;0 0;0
1971 NONE 0;0 0;0
1972 NONE 0;0 0;0
1973 NONE 0;0 0;0
1974 NONE 0;0 0;0
1975 NONE 0;0 0;0
1976 NONE 0;0 0;0
1977 NONE 0;0 0;0
1978 NONE 0;0 0;0
1979 NONE 0;0 0;0
1980 NONE 0;0 0;0
1981 NONE 0;0 0;0
1982 NONE 0;0 0;0
1983 NONE 0;0 0;0
1984 NONE 0;0 0;0
1985 NONE 0;0 0;0
1986 NONE 0;0 0;0
1987 NONE 0;0 0;0
1988 NONE 0;0 0;0
1989 NONE 0;0 0;0
1990 NONE 0;0 0;0
1991 NONE 0;0 0;0
1992 NONE 0;0 0;0
1993 NONE 0;0 0;0
1994 NONE 0;0 0;0
1995 NONE 0;0 0;0
1996 NONE 0;0 0;0
1997 NONE 0;0 0;0
1998 NONE 0;0 0;0
1999 NONE 0;0 0;0
2000 NONE 0;0 0;0
2001 NONE 0;0 0;0
2002 NONE 0;0 0;0
2003 NONE 0;0 0;0
2004 NONE 0;0 0;0
2005 NONE 0;0 0;0
2006 NONE 0;0 0;0
2007 NONE 0;0 0;0
2008 NONE 0;0 0;0
2009 NONE 0;0 0;0
2010 NONE 0;0 0;0
2011 NONE 0;0 0;0
2012 NONE 0;0 0;0
2013 NONE 0;0 0;0
2014 NONE 0;0 0;0
2015 NONE 0;0 0;0
2016 NONE 0;0 0;0
2017 NONE 0;0 0;0
2018 NONE 0;0 0;0
2019 NONE 0;0 0;0
2020 NONE 0;0 0;0
2021 NONE 0;0 0;0
2022 NONE 0;0 0;0
2023 NONE 0;0 0;0
2024 NONE 0;0 0;0
2025 NONE 0;0 0;0
2026 NONE 0;0 0;0
2027 NONE 0;0 0;0
2028 NONE 0;0 0;0
2029 NONE 0;0 0;0
2030 NONE 0;0 0;0
2031 NONE 0;0 0;0
2032 NONE 0;0 0;0
2033 NONE 0;0 0;0
2034 NONE 0;0 0;0
2035 NONE 0;0 0;0
2036 NONE 0;0 0;0
2037 NONE 0;0 0;0
2038 NONE 0;0 0;0
2039 NONE 0;0 0;0
2040 NONE 0;0 0;0
2041 NONE 0;0 0;0
2042 NONE 0;0 0;0
2043 NONE 0;0 0;0
2044 NONE 0;0 0;0
2045 NONE 0;0 0;0
2046 NONE 0;0 0;0
2047 NONE 0;0 0;0
2048 NONE 0;0 0;0
2049 NONE 0;0 0;0
2050 NONE 0;0 0;0
2051 NONE 0;0 0;0
2052 NONE 0;0 0;0
2053 NONE 0;0 0;0
2054 NONE 0;0 0;0
2055 NONE 0;0 0;0
2056 NONE 0;0 0;0
2057 NONE 0;0 0;0
2058 NONE 0;0 0;0
2059 NONE 0;0 0;0
2060 NONE 0;0 0;0
2061 NONE 0;0 0;0
2062 NONE 0;0 0;0
2063 NONE 0;0 0;0
2064 NONE 0;0 0;0
2065 NONE 0;0 0;0
2066 NONE 0;0 0;0
2067 NONE 0;0 0;0
2068 NONE 0;0 0;0
2069 NONE 0;0 0;0
2070 NONE 0;0 0;0
2071 NONE 0;0 0;0
2072 NONE 0;0 0;0
2073 NONE 0;0 0;0
2074 NONE 0;0 0;0
2075 NONE 0;0 0;0
2076 NONE 0;0 0;0
2077 KEY_MINUS 0;0 0;0
2078 NONE 32637;-2913 0;0
2079 NONE 32637;-2913 0;0
2080 NONE 32637;-2913 0;0
2081 NONE 32637;-2913 0;0
2082 NONE 32637;-2913 0;0
2083 NONE 32637;-2913 0;0
2084 NONE 32637;-2913 0;0
2085 NONE 32637;-2913 0;0
2086 NONE 32637;-2913 0;0
2087 NONE 32637;-2913 0;0
2088 NONE 32637;-2913 0;0
2089 NONE 32637;-2913 0;0
2090 NONE 32637;-2913 0;0
2091 NONE 32637;-2713 0;0
2092 NONE 32637;-2713 0;0
2093 NONE 32637;-2713 0;0
2094 NONE 32637;-2713 0;0
2095 NONE 0;0 0;0
2096 NONE 0;0 0;0
2097 NONE 0;0 0;0
2098 KEY_A 0;0 0;0
