0 NONE 0;0 0;0
1 NONE 0;0 0;0
2 NONE 0;0 0;0
3 NONE 0;0 0;0
4 NONE 0;0 0;0
5 NONE 0;0 0;0
6 NONE 0;0 0;0
7 NONE 0;0 0;0
8 NONE 0;0 0;0
9 NONE 0;0 0;0
10 NONE 0;0 0;0
11 NONE 0;0 0;0
12 NONE 0;0 0;0
13 NONE 0;32767 0;0
14 NONE -28377;-16383 0;0
15 NONE 28377;-16383 0;0
16 NONE 0;32767 0;0
17 NONE -28377;-16383 0;0
18 NONE 28377;-16383 0;0
19 NONE 0;32767 0;0
20 NONE -28377;-16383 0;0
21 NONE 28377;-16383 0;0
22 NONE 0;32767 0;0
23 NONE -28377;-16383 0;0
24 NONE 28377;-16383 0;0
25 NONE 0;32767 0;0
26 NONE -28377;-16383 0;0
27 NONE 28377;-16383 0;0
28 NONE 0;32767 0;0
29 NONE -28377;-16383 0;0
30 NONE 28377;-16383 0;0
31 NONE 0;32767 0;0
32 NONE -28377;-16383 0;0
33 NONE 28377;-16383 0;0
34 NONE 0;32767 0;0
35 NONE -28377;-16383 0;0
36 NONE 28377;-16383 0;0
37 NONE 0;32767 0;0
38 NONE -28377;-16383 0;0
39 NONE 28377;-16383 0;0
40 NONE 0;32767 0;0
41 NONE -28377;-16383 0;0
42 NONE 28377;-16383 0;0
43 NONE 0;32767 0;0
44 NONE -28377;-16383 0;0
45 NONE 28377;-16383 0;0
46 NONE 0;32767 0;0
47 NONE -28377;-16383 0;0
48 NONE 28377;-16383 0;0
49 KEY_B 0;0 0;0
50 KEY_ZR 0;0 0;0
51 KEY_ZR 0;0 0;0
52 KEY_ZR 0;0 0;0
53 KEY_ZR 0;0 0;0
54 KEY_B 0;0 0;0
55 KEY_B 0;0 0;0
56 KEY_B 0;0 0;0
57 KEY_B 0;0 0;0
58 KEY_B 0;0 0;0
59 KEY_B 0;0 0;0
60 KEY_B 0;0 0;0
61 KEY_B 0;0 0;0
62 KEY_B 0;0 0;0
63 KEY_B 0;0 0;0
64 KEY_B 0;0 0;0
65 KEY_B 0;0 0;0
66 KEY_B 0;0 0;0
67 KEY_B 0;0 0;0
68 KEY_B 18062;27338 0;0
69 KEY_B 18062;27338 0;0
70 KEY_B 18062;27338 0;0
71 KEY_B 18062;27338 0;0
72 KEY_B 18062;27338 0;0
73 KEY_B 18062;27338 0;0
74 KEY_B 18062;27338 0;0
75 KEY_B 18062;27338 0;0
76 KEY_ZR 291;32765 0;0
77 KEY_Y;KEY_ZR 291;32765 0;0
78 NONE 0;0 0;0
79 NONE 0;0 0;0
80 NONE 0;0 0;0
81 NONE 0;0 0;0
82 NONE 0;0 0;0
83 NONE 0;0 0;0
84 NONE 0;0 0;0
85 NONE 0;0 0;0
86 NONE 0;0 0;0
87 NONE 0;0 0;0
88 KEY_ZR 0;0 0;0
89 KEY_B;KEY_ZR 0;0 0;0
90 NONE 17186;27898 0;0
91 NONE 17186;27898 0;0
92 NONE 17186;27898 0;0
93 NONE 17186;27898 0;0
94 NONE 17186;27898 0;0
95 NONE 17186;27898 0;0
96 NONE 17186;27898 0;0
97 NONE 17186;27898 0;0
98 NONE 17186;27898 0;0
99 NONE 17186;27898 0;0
100 NONE 17186;27898 0;0
101 NONE 17186;27898 0;0
102 NONE 17186;27898 0;0
103 NONE 17186;27898 0;0
104 NONE 17186;27898 0;0
105 NONE 17186;27898 0;0
106 NONE 17186;27898 0;0
107 NONE 17186;27898 0;0
108 NONE 17186;27898 0;0
109 NONE 17186;27898 0;0
110 KEY_ZR 17186;27898 0;0
111 KEY_Y;KEY_ZR 17186;27898 0;0
112 NONE 0;0 0;0
113 NONE 0;0 0;0
114 NONE 0;0 0;0
115 NONE 0;0 0;0
116 NONE 0;0 0;0
117 NONE 0;0 0;0
118 NONE 0;0 0;0
119 NONE 0;0 0;0
120 NONE 0;0 0;0
121 NONE 0;0 0;0
122 NONE 0;0 0;0
123 NONE 0;0 0;0
124 NONE 0;0 0;0
125 KEY_B 31720;8213 0;0
126 KEY_B 31720;8213 0;0
127 KEY_B 31720;8213 0;0
128 KEY_B 31720;8213 0;0
129 KEY_B 31720;8213 0;0
130 KEY_B 31720;8213 0;0
131 KEY_B 31720;8213 0;0
132 KEY_B 31720;8213 0;0
133 KEY_B 31720;8213 0;0
134 KEY_B 31720;8213 0;0
135 KEY_B 31720;8213 0;0
136 KEY_B 31720;8213 0;0
137 KEY_B 31720;8213 0;0
138 KEY_B 31720;8213 0;0
139 KEY_ZR 31720;8213 0;0
140 KEY_Y;KEY_ZR 31720;8213 0;0
141 KEY_ZR 31720;8213 0;0
142 KEY_ZR 31720;8213 0;0
143 KEY_ZR 31720;8213 0;0
144 KEY_ZR 31720;8213 0;0
145 KEY_ZR 31720;8213 0;0
146 KEY_ZR 31720;8213 0;0
147 KEY_ZR 31720;8213 0;0
148 KEY_ZR 31720;8213 0;0
149 KEY_ZR 31720;8213 0;0
150 KEY_ZR 31720;8213 0;0
151 KEY_ZR 31720;8213 0;0
152 KEY_ZR 31720;8213 0;0
153 KEY_ZR 31720;8213 0;0
154 KEY_ZR 31720;8213 0;0
155 KEY_ZR 31720;8213 0;0
156 KEY_ZR 31720;8213 0;0
157 KEY_ZR 31720;8213 0;0
158 KEY_ZR 31720;8213 0;0
159 KEY_ZR;KEY_R;KEY_L 31720;8213 0;0
160 KEY_ZR;KEY_DUP 24313;21966 0;0
161 KEY_ZR;KEY_L 24313;21966 0;0
162 KEY_ZR;KEY_DUP 24313;21966 0;0
163 KEY_ZR;KEY_L 24313;21966 0;0
164 KEY_ZR;KEY_DUP 24313;21966 0;0
165 KEY_ZR;KEY_L 24313;21966 0;0
166 KEY_ZR;KEY_DUP 24313;21966 0;0
167 KEY_ZR;KEY_L 24313;21966 0;0
168 KEY_ZR;KEY_DUP 24313;21966 0;0
169 KEY_ZR;KEY_L 24313;21966 0;0
170 KEY_ZR;KEY_DUP 24313;21966 0;0
171 KEY_ZR;KEY_L 24313;21966 0;0
172 KEY_ZR;KEY_DUP 24313;21966 0;0
173 KEY_ZR;KEY_L 24313;21966 0;0
174 KEY_ZR;KEY_DUP 24313;21966 0;0
175 KEY_ZR;KEY_L 24313;21966 0;0
176 KEY_ZR;KEY_DUP 24313;21966 0;0
177 KEY_ZR;KEY_L 24313;21966 0;0
178 KEY_ZR;KEY_DUP 24313;21966 0;0
179 KEY_ZR;KEY_L 24313;21966 0;0
180 KEY_ZR;KEY_DUP 24313;21966 0;0
181 KEY_ZR;KEY_L 24313;21966 0;0
182 KEY_ZR;KEY_DUP 24313;21966 0;0
183 KEY_ZR;KEY_L 24313;21966 0;0
184 KEY_ZR;KEY_DUP 24313;21966 0;0
185 KEY_ZR;KEY_L 24313;21966 0;0
186 KEY_ZR;KEY_DUP 24313;21966 0;0
187 KEY_ZR;KEY_L 24313;21966 0;0
188 KEY_ZR;KEY_DUP 24313;21966 0;0
189 KEY_ZR;KEY_L 24313;21966 0;0
190 KEY_ZR;KEY_DUP 24313;21966 0;0
191 KEY_ZR;KEY_L 24313;21966 0;0
192 KEY_ZR;KEY_DUP -32767;0 0;0
193 KEY_ZR;KEY_L -32767;0 0;0
194 KEY_ZR;KEY_DUP -32767;0 0;0
195 KEY_ZR;KEY_L -32767;0 0;0
196 KEY_ZR;KEY_DUP -32767;0 0;0
197 KEY_ZR;KEY_L -32767;0 0;0
198 KEY_ZR;KEY_DUP -32767;0 0;0
199 KEY_ZR;KEY_L -32767;0 0;0
200 KEY_ZR;KEY_DUP -32767;0 0;0
201 KEY_ZR -32767;0 0;0
202 KEY_ZR;KEY_L;KEY_DUP -32767;0 0;0
203 KEY_ZR -32767;0 0;0
204 KEY_ZR;KEY_L;KEY_DUP -32767;0 0;0
205 KEY_ZR -32767;0 0;0
206 KEY_ZR;KEY_L;KEY_DUP -32767;0 0;0
207 KEY_ZR -32767;0 0;0
208 KEY_ZR;KEY_L;KEY_DUP -32767;0 0;0
209 KEY_ZR -32767;0 0;0
210 KEY_ZR;KEY_L;KEY_DUP -32767;0 0;0
211 KEY_ZR -32767;0 0;0
212 KEY_ZR;KEY_L;KEY_DUP -32767;0 0;0
213 KEY_ZR -32767;0 0;0
214 KEY_ZR;KEY_L;KEY_DUP -32767;0 0;0
215 KEY_ZR -32767;0 0;0
216 KEY_ZR;KEY_L;KEY_DUP -32767;0 0;0
217 KEY_ZR -32767;0 0;0
218 KEY_ZR;KEY_L;KEY_DUP -32767;0 0;0
219 KEY_ZR -32767;0 0;0
220 KEY_ZR;KEY_L;KEY_DUP -32767;0 0;0
221 KEY_ZR -32767;0 0;0
222 KEY_ZR;KEY_L;KEY_DUP -32767;0 0;0
223 KEY_ZR -32767;0 0;0
224 KEY_ZR;KEY_L;KEY_DUP -32767;0 0;0
225 KEY_ZR -32767;0 0;0
226 KEY_ZR;KEY_L;KEY_DUP -32767;0 0;0
227 KEY_ZR -32767;0 0;0
228 KEY_ZR;KEY_L;KEY_DUP 0;32767 0;0
229 KEY_ZR 0;32767 0;0
230 KEY_ZR;KEY_L;KEY_DUP 0;32767 0;0
231 KEY_ZR 0;32767 0;0
232 KEY_ZR;KEY_L;KEY_DUP 0;32767 0;0
233 KEY_ZR 0;32767 0;0
234 KEY_ZR;KEY_L;KEY_DUP 0;32767 0;0
235 KEY_ZR 0;32767 0;0
236 KEY_ZR;KEY_L;KEY_DUP 0;32767 0;0
237 KEY_ZR 0;32767 0;0
238 KEY_ZR;KEY_L;KEY_DUP 0;32767 0;0
239 KEY_ZR 0;32767 0;0
240 KEY_ZR;KEY_L;KEY_DUP 0;32767 0;0
241 KEY_ZR 0;32767 0;0
242 KEY_ZR;KEY_L;KEY_DUP 0;32767 0;0
243 KEY_ZR 0;32767 0;0
244 KEY_ZR;KEY_L 0;32767 0;0
245 KEY_ZR;KEY_DUP 0;32767 0;0
246 KEY_ZR;KEY_L 0;32767 0;0
247 KEY_ZR;KEY_DUP 0;32767 0;0
248 KEY_ZR;KEY_L 0;32767 0;0
249 KEY_ZR;KEY_DUP -15575;28828 0;0
250 KEY_ZR;KEY_L -15575;28828 0;0
251 KEY_ZR;KEY_DUP -15575;28828 0;0
252 KEY_ZR;KEY_L -15575;28828 0;0
253 KEY_ZR;KEY_DUP -15575;28828 0;0
254 KEY_ZR;KEY_L -15575;28828 0;0
255 KEY_ZR;KEY_DUP -15575;28828 0;0
256 KEY_ZR;KEY_L -15575;28828 0;0
257 KEY_ZR;KEY_DUP -15575;28828 0;0
258 KEY_ZR;KEY_L -15575;28828 0;0
259 KEY_ZR;KEY_DUP -15575;28828 0;0
260 KEY_ZR;KEY_L -15575;28828 0;0
261 KEY_ZR;KEY_DUP -15575;28828 0;0
262 KEY_ZR;KEY_L -15575;28828 0;0
263 KEY_ZR;KEY_DUP -15575;28828 0;0
264 KEY_ZR;KEY_L -15575;28828 0;0
265 KEY_ZR;KEY_DUP -15575;28828 0;0
266 KEY_ZR;KEY_L -15575;28828 0;0
267 KEY_ZR;KEY_DUP -15575;28828 0;0
268 KEY_ZR;KEY_L -15575;28828 0;0
269 KEY_ZR;KEY_DUP -15575;28828 0;0
270 KEY_ZR;KEY_L -15575;28828 0;0
271 KEY_ZR;KEY_DUP -15575;28828 0;0
272 KEY_ZR;KEY_L -15575;28828 0;0
273 KEY_ZR;KEY_DUP -15575;28828 0;0
274 KEY_ZR;KEY_L -15575;28828 0;0
275 KEY_ZR;KEY_DUP -15575;28828 0;0
276 KEY_ZR;KEY_L -15575;28828 0;0
277 KEY_ZR;KEY_DUP -15575;28828 0;0
278 KEY_ZR;KEY_L -15575;28828 0;0
279 KEY_ZR;KEY_DUP -15575;28828 0;0
280 KEY_ZR;KEY_L -15575;28828 0;0
281 KEY_ZR;KEY_DUP -15575;28828 0;0
282 KEY_ZR;KEY_L -15575;28828 0;0
283 KEY_ZR;KEY_DUP -15575;28828 0;0
284 KEY_ZR;KEY_L -15575;28828 0;0
285 KEY_ZR;KEY_DUP -15575;28828 0;0
286 KEY_ZR;KEY_L -15575;28828 0;0
287 KEY_ZR;KEY_DUP -15575;28828 0;0
288 KEY_ZR;KEY_L -15575;28828 0;0
289 KEY_ZR;KEY_DUP -15575;28828 0;0
290 KEY_ZR;KEY_L -15575;28828 0;0
291 KEY_ZR;KEY_DUP -15575;28828 0;0
292 KEY_ZR;KEY_L -15575;28828 0;0
293 KEY_ZR;KEY_DUP -15575;28828 0;0
294 KEY_ZR;KEY_L -15575;28828 0;0
295 KEY_ZR;KEY_DUP -15575;28828 0;0
296 KEY_ZR;KEY_L -15575;28828 0;0
297 KEY_ZR;KEY_DUP -15575;28828 0;0
298 KEY_ZR;KEY_L -15575;28828 0;0
299 KEY_ZR;KEY_DUP -15575;28828 0;0
300 KEY_ZR;KEY_L -15575;28828 0;0
301 KEY_ZR;KEY_DUP -15575;28828 0;0
302 KEY_ZR;KEY_L -15575;28828 0;0
303 KEY_ZR;KEY_DUP -15575;28828 0;0
304 KEY_ZR -15575;28828 0;0
305 KEY_ZR -15575;28828 0;0
306 KEY_ZR -15575;28828 0;0
307 KEY_ZR -15575;28828 0;0
308 KEY_ZR -15575;28828 0;0
309 KEY_ZR -15575;28828 0;0
310 KEY_ZR -15575;28828 0;0
311 KEY_ZR -15575;28828 0;0
312 KEY_ZR -15575;28828 0;0
313 KEY_ZR -15575;28828 0;0
314 KEY_ZR -15575;28828 0;0
315 KEY_ZR -15575;28828 0;0
316 KEY_ZR -15575;28828 0;0
317 KEY_ZR -15575;28828 0;0
318 NONE -15575;28828 0;0
319 NONE -15575;28828 0;0
320 NONE -15575;28828 0;0
321 NONE -15575;28828 0;0
322 NONE -15575;28828 0;0
323 NONE -15575;28828 0;0
324 NONE -15575;28828 0;0
325 NONE -15575;28828 0;0
326 NONE -15575;28828 0;0
327 NONE -15575;28828 0;0
328 NONE 0;0 0;0
329 NONE 0;0 0;0
330 NONE 0;0 0;0
331 KEY_B;KEY_L 0;0 0;0
332 KEY_Y -24086;22215 0;0
333 KEY_Y -32389;4962 0;0
334 KEY_Y -32389;4962 0;0
335 KEY_Y -32389;4962 0;0
336 KEY_Y -32389;4962 0;0
337 KEY_Y -32389;4962 0;0
338 KEY_B;KEY_Y -32389;4962 0;0
339 KEY_B;KEY_Y -32389;4962 0;0
340 KEY_B;KEY_Y -32389;4962 0;0
341 KEY_B;KEY_Y -32389;4962 0;0
342 KEY_Y -32389;4962 0;0
343 KEY_Y -32389;4962 0;0
344 KEY_Y -32389;4962 0;0
345 KEY_Y -32389;4962 0;0
346 KEY_Y -32389;4962 0;0
347 KEY_Y -32389;4962 0;0
348 KEY_Y -32389;4962 0;0
349 KEY_Y -32389;4962 0;0
350 KEY_Y -32389;4962 0;0
351 KEY_Y -32389;4962 0;0
352 KEY_Y -32389;4962 0;0
353 KEY_Y -32389;4962 0;0
354 KEY_Y -32389;4962 0;0
355 KEY_Y -32389;4962 0;0
356 KEY_Y -32389;4962 0;0
357 KEY_Y -32389;4962 0;0
358 KEY_Y -32389;4962 0;0
359 KEY_Y -32389;4962 0;0
360 KEY_Y -32389;4962 0;0
361 KEY_Y -32389;4962 0;0
362 KEY_Y -32389;4962 0;0
363 KEY_Y -32389;4962 0;0
364 KEY_Y -32389;4962 0;0
365 KEY_Y -32389;4962 0;0
366 KEY_Y -32389;4962 0;0
367 KEY_Y 2633;32661 0;0
368 KEY_Y 2633;32661 0;0
369 KEY_Y 2633;32661 0;0
370 KEY_Y 2633;32661 0;0
371 KEY_Y 2633;32661 0;0
372 KEY_Y 2633;32661 0;0
373 KEY_Y 2633;32661 0;0
374 KEY_Y 2633;32661 0;0
375 NONE 2633;32661 0;0
376 NONE 2633;32661 0;0
377 NONE 2633;32661 0;0
378 NONE 2633;32661 0;0
379 NONE 2633;32661 0;0
380 NONE 2633;32661 0;0
381 NONE 2633;32661 0;0
382 NONE 2633;32661 0;0
383 NONE 2633;32661 0;0
384 NONE 2633;32661 0;0
385 NONE 2633;32661 0;0
386 NONE 2633;32661 0;0
387 NONE 2633;32661 0;0
388 NONE 2633;32661 0;0
389 NONE 2633;32661 0;0
390 NONE 2633;32661 0;0
391 NONE 2633;32661 0;0
392 NONE 2633;32661 0;0
393 NONE 2633;32661 0;0
394 NONE 2633;32661 0;0
395 NONE 2633;32661 0;0
396 NONE 2633;32661 0;0
397 NONE 2633;32661 0;0
398 NONE 2633;32661 0;0
399 NONE 2633;32661 0;0
400 NONE 2633;32661 0;0
401 NONE 2633;32661 0;0
402 NONE 2633;32661 0;0
403 NONE 2633;32661 0;0
404 NONE 2633;32661 0;0
405 NONE 2633;32661 0;0
406 NONE 2633;32661 0;0
407 NONE 2109;32699 0;0
408 KEY_B 22511;23809 0;0
409 KEY_B 22511;23809 0;0
410 KEY_B 22511;23809 0;0
411 KEY_B 22511;23809 0;0
412 KEY_B 22511;23809 0;0
413 KEY_B 22511;23809 0;0
414 KEY_B 22511;23809 0;0
415 KEY_B 22511;23809 0;0
416 KEY_B 22511;23809 0;0
417 KEY_B 22511;23809 0;0
418 NONE 22511;23809 0;0
419 NONE 22511;23809 0;0
420 NONE 22511;23809 0;0
421 NONE 22511;23809 0;0
422 NONE 22511;23809 0;0
423 NONE 22511;23809 0;0
424 NONE 22511;23809 0;0
425 NONE 22511;23809 0;0
426 NONE 22511;23809 0;0
427 NONE 22511;23809 0;0
428 NONE 22511;23809 0;0
429 NONE 22511;23809 0;0
430 NONE 22511;23809 0;0
431 NONE 22511;23809 0;0
432 NONE 22511;23809 0;0
433 NONE 22511;23809 0;0
434 NONE 22511;23809 0;0
435 NONE 22511;23809 0;0
436 NONE 22511;23809 0;0
437 KEY_L 5471;32307 0;0
438 KEY_X 5471;32307 0;0
439 KEY_X 5471;32307 0;0
440 KEY_X 5471;32307 0;0
441 KEY_X 5471;32307 0;0
442 KEY_X 5471;32307 0;0
443 KEY_X 5471;32307 0;0
444 KEY_X 5471;32307 0;0
445 KEY_X;KEY_ZR 0;0 0;0
446 KEY_X;KEY_Y;KEY_ZR 0;0 0;0
447 KEY_X 0;0 0;0
448 KEY_X 0;0 0;0
449 KEY_X 0;0 0;0
450 KEY_X 0;0 0;0
451 KEY_X 0;0 0;0
452 KEY_X 0;0 0;0
453 KEY_X 0;0 0;0
454 KEY_X 0;0 0;0
455 KEY_X 0;0 0;0
456 KEY_X 0;0 0;0
457 KEY_X 0;0 0;0
458 KEY_X 0;0 0;0
459 KEY_X 0;0 0;0
460 KEY_X 0;0 0;0
461 KEY_X 0;0 0;0
462 KEY_X 0;0 0;0
463 KEY_X 0;0 0;0
464 KEY_X 0;0 0;0
465 KEY_X 0;0 0;0
466 KEY_X 0;0 0;0
467 KEY_X 0;0 0;0
468 KEY_X 0;32767 0;0
469 KEY_X 0;32767 0;0
470 KEY_X 0;32767 0;0
471 KEY_X 0;32767 0;0
472 KEY_X 0;32767 0;0
473 KEY_X 18226;27230 0;0
474 KEY_X 18226;27230 0;0
475 KEY_X 18226;27230 0;0
476 KEY_X 18226;27230 0;0
477 NONE 18226;27230 0;0
478 NONE 18226;27230 0;0
479 NONE 18226;27230 0;0
480 KEY_ZR 18226;27230 0;0
481 KEY_Y;KEY_ZR 18226;27230 0;0
482 NONE 18226;27230 0;0
483 NONE 30772;11258 0;0
484 NONE 30772;11258 0;0
485 NONE 30772;11258 0;0
486 NONE 30772;11258 0;0
487 NONE 30772;11258 0;0
488 NONE 30772;11258 0;0
489 NONE 30772;11258 0;0
490 NONE 30772;11258 0;0
491 NONE 30772;11258 0;0
492 NONE 30772;11258 0;0
493 NONE 30772;11258 0;0
494 KEY_B 30772;11258 0;0
495 KEY_B 30772;11258 0;0
496 KEY_B 30772;11258 0;0
497 KEY_B 30772;11258 0;0
498 NONE 30772;11258 0;0
499 NONE 30772;11258 0;0
500 NONE 30772;11258 0;0
501 NONE 0;32767 0;0
502 NONE -28377;-16383 0;0
503 NONE 28377;-16383 0;0
504 NONE 0;32767 0;0
505 NONE -28377;-16383 0;0
506 NONE 28377;-16383 0;0
507 NONE 0;32767 0;0
508 NONE -28377;-16383 0;0
509 NONE 28377;-16383 0;0
510 NONE 0;32767 0;0
511 NONE -28377;-16383 0;0
512 NONE 28377;-16383 0;0
513 NONE 0;32767 0;0
514 NONE -28377;-16383 0;0
515 NONE 28377;-16383 0;0
516 NONE 0;32767 0;0
517 NONE 0;32767 0;0
518 NONE 0;32767 0;0
519 NONE 0;32767 0;0
520 NONE 0;32767 0;0
521 NONE 0;32767 0;0
522 KEY_B 0;32767 0;0
523 KEY_ZR 0;32767 0;0
524 KEY_ZR 0;32767 0;0
525 KEY_ZR 0;32767 0;0
526 KEY_ZR 0;32767 0;0
527 KEY_ZR 0;32767 0;0
528 KEY_ZR 0;32767 0;0
529 KEY_ZR 0;32767 0;0
530 KEY_ZR 0;32767 0;0
531 KEY_B 0;0 0;0
532 NONE 31113;10277 32767;0
533 NONE 31113;10277 32767;0
534 NONE 31113;10277 32767;0
535 NONE 31113;10277 32767;0
536 NONE 31113;10277 32767;0
537 NONE 31113;10277 32767;0
538 NONE 31113;10277 32767;0
539 NONE 0;0 32767;0
540 NONE 0;0 32767;0
541 NONE 0;0 32767;0
542 NONE 0;0 32767;0
543 NONE 0;0 32767;0
544 NONE 0;0 32767;0
545 NONE 0;0 32767;0
546 NONE 0;0 32767;0
547 NONE 0;0 32767;0
548 NONE 0;0 32767;0
549 NONE 0;0 32767;0
550 NONE 0;0 32767;0
551 NONE 0;0 32767;0
552 NONE 0;0 32767;0
553 NONE 0;0 32767;0
554 NONE 0;0 32767;0
555 NONE 0;0 32767;0
556 NONE 0;0 32767;0
557 NONE 0;0 32767;0
558 NONE 0;0 32767;0
559 NONE 0;0 32767;0
560 NONE 0;0 32767;0
561 NONE 0;0 32767;0
562 NONE 0;0 32767;0
563 NONE 0;0 32767;0
564 KEY_ZR 0;0 0;0
565 NONE 0;0 0;0
566 NONE 0;0 0;0
567 NONE 0;0 0;0
568 NONE 0;0 0;0
569 NONE 0;0 0;0
570 NONE 0;0 0;0
571 NONE 0;0 0;0
572 NONE 0;0 0;0
573 NONE 0;0 0;0
574 NONE 0;0 0;0
575 NONE 0;0 0;0
576 NONE 0;0 0;0
577 NONE 0;0 0;0
578 NONE 0;0 0;0
579 NONE 0;0 0;0
580 NONE 0;0 0;0
581 NONE 0;0 0;0
582 NONE 0;0 0;0
583 NONE 0;0 0;0
584 NONE 0;0 0;0
585 NONE 0;0 0;0
586 NONE 0;0 0;0
587 NONE 0;0 0;0
588 NONE 0;0 0;0
589 NONE 0;0 0;0
590 NONE 0;0 0;0
591 NONE 0;0 0;0
592 NONE 0;0 0;0
593 NONE 0;0 0;0
594 NONE 0;0 0;0
595 NONE 0;0 0;0
596 NONE 0;0 0;0
597 NONE 0;0 0;0
598 NONE 0;0 0;0
599 NONE 0;0 0;0
600 NONE 0;0 0;0
601 NONE 0;0 0;0
602 NONE 0;0 0;0
603 NONE 0;0 0;0
604 NONE 0;0 0;0
605 NONE 0;0 0;0
606 NONE 0;0 0;0
607 NONE 0;0 0;0
608 NONE 0;0 0;0
609 NONE 0;0 0;0
610 NONE 0;0 0;0
611 NONE 0;0 0;0
612 NONE 0;0 0;0
613 NONE 0;0 0;0
614 NONE 0;0 0;0
615 NONE 0;0 0;0
616 NONE 0;0 0;0
617 NONE 0;0 0;0
618 NONE 0;0 0;0
619 NONE 0;0 0;0
620 NONE 0;0 0;0
621 NONE 0;0 0;0
622 NONE 0;0 0;0
623 NONE 0;0 0;0
624 NONE 0;0 0;0
625 NONE 0;0 0;0
626 NONE 0;0 0;0
627 NONE 0;0 0;0
628 NONE 0;0 0;0
629 NONE 0;0 0;0
630 NONE 0;0 0;0
631 NONE 0;0 0;0
632 NONE 0;0 0;0
633 NONE 0;0 0;0
634 NONE 0;0 0;0
635 NONE 0;0 0;0
636 NONE 0;0 0;0
637 NONE 0;0 0;0
638 NONE 0;0 0;0
639 NONE 0;0 0;0
640 NONE 0;0 0;0
641 NONE 0;0 0;0
642 NONE 0;0 0;0
643 NONE 0;0 0;0
644 NONE 0;0 0;0
645 NONE 0;0 0;0
646 NONE 0;0 0;0
647 NONE 0;0 0;0
648 NONE 0;0 0;0
649 NONE 0;0 0;0
650 NONE 0;0 0;0
651 NONE 0;0 0;0
652 NONE 0;0 0;0
653 NONE 0;0 0;0
654 NONE 0;0 0;0
655 NONE 0;0 0;0
656 NONE 0;0 0;0
657 NONE 0;0 0;0
658 NONE 0;0 0;0
659 NONE 0;0 0;0
660 NONE 0;0 0;0
661 NONE 0;0 0;0
662 NONE 0;0 0;0
663 NONE 0;0 0;0
664 NONE 0;0 0;0
665 NONE 0;0 0;0
666 NONE 0;0 0;0
667 NONE 0;0 0;0
668 NONE 0;0 0;0
669 NONE 0;0 0;0
670 NONE 0;0 0;0
671 NONE 0;0 0;0
672 NONE 0;0 0;0
673 NONE 0;0 0;0
674 NONE 0;0 0;0
675 NONE 0;0 0;0
676 NONE 0;0 0;0
677 NONE 0;0 0;0
678 NONE 0;0 0;0
679 NONE 0;0 0;0
680 NONE 0;0 0;0
681 NONE 0;0 0;0
682 NONE 0;0 0;0
683 NONE 0;0 0;0
684 NONE 0;0 0;0
685 NONE 0;0 0;0
686 NONE 0;0 0;0
687 NONE 0;0 0;0
688 NONE 0;0 0;0
689 NONE 0;0 0;0
690 NONE 0;0 0;0
691 NONE 0;0 0;0
692 NONE 0;0 0;0
693 NONE 0;0 0;0
694 NONE 0;0 0;0
695 NONE 0;0 0;0
696 NONE 0;0 0;0
697 NONE 0;0 0;0
698 NONE 0;0 0;0
699 NONE 0;0 0;0
700 NONE 0;0 0;0
701 NONE 0;0 0;0
702 NONE 0;0 0;0
703 NONE 0;0 0;0
704 NONE 0;0 0;0
705 NONE 0;0 0;0
706 NONE 0;0 0;0
707 NONE 0;0 0;0
708 NONE 0;0 0;0
709 NONE 0;0 0;0
710 NONE 0;0 0;0
711 NONE 0;0 0;0
712 NONE 0;0 0;0
713 NONE 0;0 0;0
714 NONE 0;0 0;0
715 NONE 0;0 0;0
716 NONE 0;0 0;0
717 NONE 0;0 0;0
718 NONE 0;0 0;0
719 NONE 0;0 0;0
720 NONE 0;0 0;0
721 NONE 0;0 0;0
722 NONE 0;0 0;0
723 NONE 0;0 0;0
724 NONE 0;0 0;0
725 NONE 0;0 0;0
726 NONE 0;0 0;0
727 NONE 0;0 0;0
728 NONE 0;0 0;0
729 NONE 0;0 0;0
730 NONE 0;0 0;0
731 NONE 0;0 0;0
732 NONE 0;0 0;0
733 NONE 0;0 0;0
734 NONE 0;0 0;0
735 NONE 0;0 0;0
736 NONE 0;0 0;0
737 NONE 0;0 0;0
738 NONE 0;0 0;0
739 NONE 0;0 0;0
740 NONE 0;0 0;0
741 NONE 0;0 0;0
742 NONE 0;0 0;0
743 NONE 0;0 0;0
744 NONE 0;0 0;0
745 NONE 0;0 0;0
746 NONE 0;0 0;0
747 NONE 0;0 0;0
748 NONE 0;0 0;0
749 NONE 0;0 0;0
750 NONE 0;0 0;0
751 NONE 0;0 0;0
752 NONE 0;0 0;0
753 NONE 0;0 0;0
754 NONE 0;0 0;0
755 NONE 0;0 0;0
756 NONE 0;0 0;0
757 NONE 0;0 0;0
758 NONE 0;0 0;0
759 NONE 0;0 0;0
760 NONE 0;0 0;0
761 NONE 0;0 0;0
762 NONE 0;0 0;0
763 NONE 0;0 0;0
764 NONE 0;0 0;0
765 NONE 0;0 0;0
766 NONE 0;0 0;0
767 NONE 0;0 0;0
768 NONE 0;0 0;0
769 NONE 0;0 0;0
770 NONE 0;0 0;0
771 NONE 0;0 0;0
772 NONE 0;0 0;0
773 NONE 0;0 0;0
774 NONE 0;0 0;0
775 NONE 0;0 0;0
776 NONE 0;0 0;0
777 NONE 0;0 0;0
778 NONE 0;0 0;0
779 NONE 0;0 0;0
780 NONE 0;0 0;0
781 NONE 0;32767 0;0
782 NONE -28377;-16383 0;0
783 NONE 28377;-16383 0;0
784 NONE 0;32767 0;0
785 NONE -28377;-16383 0;0
786 NONE 28377;-16383 0;0
787 NONE 0;32767 0;0
788 NONE -28377;-16383 0;0
789 NONE 28377;-16383 0;0
790 NONE 0;32767 0;0
791 NONE -28377;-16383 0;0
792 NONE 28377;-16383 0;0
793 NONE 0;32767 0;0
794 NONE -28377;-16383 0;0
795 NONE 28377;-16383 0;0
796 NONE 0;32767 0;0
797 NONE -28377;-16383 0;0
798 NONE 28377;-16383 0;0
799 NONE 0;32767 0;0
800 NONE -28377;-16383 0;0
801 NONE 28377;-16383 0;0
802 NONE 0;32767 0;0
803 NONE -28377;-16383 0;0
804 NONE 28377;-16383 0;0
805 NONE 0;32767 0;0
806 NONE -28377;-16383 0;0
807 NONE 28377;-16383 0;0
808 NONE 0;32767 0;0
809 NONE -28377;-16383 0;0
810 NONE 28377;-16383 0;0
811 NONE -28377;-16383 0;0
812 NONE 28377;-16383 0;0
813 NONE 0;32767 0;0
814 NONE -28377;-16383 0;0
815 NONE 28377;-16383 0;0
816 NONE -28377;-16383 0;0
817 NONE 28377;-16383 0;0
818 NONE 0;32767 0;0
819 NONE -28377;-16383 0;0
820 NONE 28377;-16383 0;0
821 KEY_B 0;32767 0;0
822 KEY_ZR 0;32767 0;0
823 KEY_ZR 0;32767 0;0
824 KEY_X;KEY_ZR 0;32767 0;0
825 KEY_Y;KEY_ZR 0;32767 0;0
826 KEY_X;KEY_ZR 0;32767 0;0
827 KEY_Y;KEY_ZR 0;32767 0;0
828 KEY_X;KEY_ZR 0;32767 0;0
829 KEY_Y;KEY_ZR 0;32767 0;0
830 KEY_X;KEY_ZR 0;32767 0;0
831 KEY_ZR 0;32767 0;0
832 KEY_ZR 0;32767 0;0
833 KEY_ZR 0;32767 0;0
834 KEY_ZR 0;32767 0;0
835 KEY_ZR 0;32767 0;0
836 KEY_ZR 0;32767 0;0
837 KEY_ZR 0;32767 0;0
838 KEY_ZR 0;32767 0;0
839 KEY_ZR 0;32767 0;0
840 KEY_ZR 0;32767 0;0
841 KEY_ZR 0;32767 0;0
842 KEY_ZR;KEY_R 0;32767 0;0
843 KEY_ZR 0;32767 0;0
844 KEY_ZR 0;32767 0;0
845 KEY_ZR 0;32767 0;0
846 KEY_ZR 0;32767 0;0
847 KEY_ZR 0;32767 0;0
848 KEY_ZR 0;32767 0;0
849 KEY_ZR 0;32767 0;0
850 KEY_ZR 0;32767 0;0
851 KEY_ZR 0;32767 0;0
852 KEY_ZR 0;32767 0;0
853 KEY_ZR 0;32767 0;0
854 KEY_ZR 0;32767 0;0
855 KEY_ZR 0;32767 0;0
856 KEY_ZR 0;32767 0;0
857 KEY_ZR 0;32767 0;0
858 KEY_ZR 0;32767 0;0
859 KEY_ZR 0;32767 0;0
860 KEY_ZR 0;32767 0;0
861 KEY_ZR 0;32767 0;0
862 KEY_ZR 0;32767 0;0
863 KEY_ZR 0;32767 0;0
864 KEY_ZR 0;32767 0;0
865 KEY_ZR 0;32767 0;0
866 KEY_ZR 0;32767 0;0
867 KEY_ZR 0;32767 0;0
868 KEY_ZR 0;32767 0;0
869 KEY_ZR 0;32767 0;0
870 KEY_ZR 0;32767 0;0
871 KEY_ZR 0;32767 0;0
872 KEY_ZR 0;32767 0;0
873 KEY_ZR 0;32767 0;0
874 KEY_ZR 0;32767 0;0
875 KEY_ZR 0;32767 0;0
876 KEY_ZR 0;32767 0;0
877 KEY_ZR 0;32767 0;0
878 KEY_ZR 0;32767 0;0
879 KEY_ZR 0;32767 0;0
880 KEY_ZR 0;32767 0;0
881 KEY_ZR 0;32767 0;0
882 KEY_ZR 0;32767 0;0
883 KEY_ZR 0;32767 0;0
884 KEY_ZR 0;32767 0;0
885 KEY_ZR 0;32767 0;0
886 KEY_ZR 0;32767 0;0
887 KEY_ZR 0;32767 0;0
888 KEY_ZR 0;32767 0;0
889 KEY_ZR 0;32767 0;0
890 KEY_ZR 0;32767 0;0
891 KEY_ZR 0;32767 0;0
892 KEY_ZR 0;32767 0;0
893 KEY_ZR 0;32767 0;0
894 KEY_ZR 0;32767 0;0
895 KEY_ZR 0;32767 0;0
896 KEY_ZR 0;32767 0;0
897 KEY_ZR 0;32767 0;0
898 KEY_ZR 0;32767 0;0
899 KEY_ZR 0;32767 0;0
900 KEY_ZR 0;32767 0;0
901 KEY_ZR 0;32767 0;0
902 KEY_ZR 0;32767 0;0
903 KEY_ZR 0;32767 0;0
904 KEY_ZR 0;32767 0;0
905 KEY_ZR 0;32767 0;0
906 NONE 0;32767 0;0
907 NONE 0;32767 0;0
908 NONE 0;32767 0;0
909 NONE 0;32767 0;0
910 NONE 0;32767 0;0
911 NONE 0;32767 0;0
912 NONE 0;32767 0;0
913 NONE 0;32767 0;0
914 NONE 0;32767 0;0
915 NONE 0;32767 0;0
916 NONE 0;32767 0;0
917 NONE 0;32767 0;0
918 KEY_B 0;32767 0;0
919 KEY_B 0;32767 0;0
920 KEY_B 0;32767 0;0
921 KEY_B 0;32767 0;0
922 NONE 0;32767 0;0
923 NONE 0;32767 0;0
924 NONE -15973;28609 0;0
925 NONE -15973;28609 0;0
926 NONE -15973;28609 0;0
927 NONE -15973;28609 0;0
928 NONE -15973;28609 0;0
929 NONE -15973;28609 0;0
930 NONE -15973;28609 0;0
931 NONE -15973;28609 0;0
932 NONE -15973;28609 0;0
933 NONE -15973;28609 0;0
934 NONE -15973;28609 0;0
935 NONE -15973;28609 0;0
936 NONE -15973;28609 0;0
937 NONE -15973;28609 0;0
938 NONE -15973;28609 0;0
939 NONE -15973;28609 0;0
940 NONE -15973;28609 0;0
941 NONE -15973;28609 0;0
942 NONE -15973;28609 0;0
943 NONE -15973;28609 0;0
944 NONE -15973;28609 0;0
945 NONE -15973;28609 0;0
946 NONE -15973;28609 0;0
947 NONE -15973;28609 0;0
948 NONE -18963;26721 0;0
949 NONE -18963;26721 0;0
950 NONE -18963;26721 0;0
951 NONE -18963;26721 0;0
952 NONE -18963;26721 0;0
953 NONE -25506;20569 0;0
954 NONE -25506;20569 0;0
955 NONE -25506;20569 0;0
956 NONE -25506;20569 0;0
957 NONE -25506;20569 0;0
958 NONE -25506;20569 0;0
959 NONE -25506;20569 0;0
960 NONE -25506;20569 0;0
961 NONE -25506;20569 0;0
962 NONE -25506;20569 0;0
963 NONE -25506;20569 0;0
964 NONE -25506;20569 0;0
965 NONE -25506;20569 0;0
966 NONE -25506;20569 0;0
967 NONE -25506;20569 0;0
968 NONE -25506;20569 0;0
969 NONE -25506;20569 0;0
970 NONE -25506;20569 0;0
971 NONE -25506;20569 0;0
972 NONE -25506;20569 0;0
973 NONE -25506;20569 0;0
974 NONE -25506;20569 0;0
975 NONE -25506;20569 0;0
976 NONE -25506;20569 0;0
977 NONE -25506;20569 0;0
978 NONE -25506;20569 0;0
979 NONE -25506;20569 0;0
980 NONE -25506;20569 0;0
981 NONE -25506;20569 0;0
982 NONE -25506;20569 0;0
983 NONE -25506;20569 0;0
984 NONE -25506;20569 0;0
985 NONE -25506;20569 0;0
986 NONE -25506;20569 0;0
987 NONE -25506;20569 0;0
988 NONE -25506;20569 0;0
989 NONE -25506;20569 0;0
990 NONE -25506;20569 0;0
991 NONE -25506;20569 0;0
992 NONE -25506;20569 0;0
993 NONE -25506;20569 0;0
994 NONE -25506;20569 0;0
995 NONE -25506;20569 0;0
996 NONE -25506;20569 0;0
997 NONE -25506;20569 0;0
998 NONE -25506;20569 0;0
999 NONE -25506;20569 0;0
1000 NONE -25506;20569 0;0
1001 NONE -25506;20569 0;0
1002 NONE -25506;20569 0;0
1003 NONE -25506;20569 0;0
1004 NONE -25506;20569 0;0
1005 NONE -25506;20569 0;0
1006 NONE -25506;20569 0;0
1007 NONE -25506;20569 0;0
1008 NONE -25506;20569 0;0
1009 NONE -25506;20569 0;0
1010 NONE -25506;20569 0;0
1011 NONE -25506;20569 0;0
1012 NONE -25506;20569 0;0
1013 NONE -25506;20569 0;0
1014 NONE -25506;20569 0;0
1015 NONE -25506;20569 0;0
1016 NONE -25506;20569 0;0
1017 NONE -25506;20569 0;0
1018 NONE -25506;20569 0;0
1019 NONE -25506;20569 0;0
1020 NONE -25506;20569 0;0
1021 NONE -25506;20569 0;0
1022 NONE -25506;20569 0;0
1023 NONE -25506;20569 0;0
1024 NONE -25506;20569 0;0
1025 NONE -25506;20569 0;0
1026 NONE -25506;20569 0;0
1027 NONE -25506;20569 0;0
1028 NONE -25506;20569 0;0
1029 NONE -25506;20569 0;0
1030 NONE -25506;20569 0;0
1031 NONE -25506;20569 0;0
1032 NONE -25506;20569 0;0
1033 NONE -25506;20569 0;0
1034 NONE -25506;20569 0;0
1035 NONE -25506;20569 0;0
1036 NONE -25506;20569 0;0
1037 NONE -25506;20569 0;0
1038 NONE -25506;20569 0;0
1039 NONE -25506;20569 0;0
1040 NONE -25506;20569 0;0
1041 NONE -25506;20569 0;0
1042 NONE -25506;20569 0;0
1043 NONE -25506;20569 0;0
1044 NONE -25506;20569 0;0
1045 NONE -25506;20569 0;0
1046 NONE -25506;20569 0;0
1047 NONE -25506;20569 0;0
1048 NONE -25506;20569 0;0
1049 NONE -25506;20569 0;0
1050 NONE -25506;20569 0;0
1051 NONE -25506;20569 0;0
1052 NONE -25506;20569 0;0
1053 NONE -25506;20569 0;0
1054 NONE -25506;20569 0;0
1055 NONE -25506;20569 0;0
1056 NONE -25506;20569 0;0
1057 NONE -25506;20569 0;0
1058 NONE -25506;20569 0;0
1059 NONE -25506;20569 0;0
1060 NONE -25506;20569 0;0
1061 NONE -25506;20569 0;0
1062 NONE -25506;20569 0;0
1063 NONE -25506;20569 0;0
1064 NONE -25506;20569 0;0
1065 NONE -25506;20569 0;0
1066 NONE -25506;20569 0;0
1067 NONE -25506;20569 0;0
1068 NONE -25506;20569 0;0
1069 NONE -25506;20569 0;0
1070 NONE -25506;20569 0;0
