0 NONE 0;0 0;0
1 NONE 0;0 0;0
2 NONE 0;32767 0;0
3 NONE -23169;-23169 0;0
4 NONE 23169;-23169 0;0
5 NONE 0;32767 0;0
6 NONE -23169;-23169 0;0
7 NONE 23169;-23169 0;0
8 NONE 0;32767 0;0
9 NONE -23169;-23169 0;0
10 NONE 23169;-23169 0;0
11 NONE 0;32767 0;0
12 NONE -23169;-23169 0;0
13 NONE 23169;-23169 0;0
14 NONE 0;32767 0;0
15 NONE -23169;-23169 0;0
16 NONE 23169;-23169 0;0
17 NONE 0;32767 0;0
18 NONE -23169;-23169 0;0
19 NONE 23169;-23169 0;0
20 NONE 0;32767 0;0
21 NONE -23169;-23169 0;0
22 NONE 23169;-23169 0;0
23 NONE 0;32767 0;0
24 NONE -23169;-23169 0;0
25 NONE 23169;-23169 0;0
26 NONE 0;32767 0;0
27 NONE -23169;-23169 0;0
28 NONE 23169;-23169 0;0
29 NONE 0;32767 0;0
30 NONE -23169;-23169 0;0
31 NONE 23169;-23169 0;0
32 NONE 0;32767 0;0
33 NONE -23169;-23169 0;0
34 NONE 23169;-23169 0;0
35 NONE 0;32767 0;0
36 NONE -23169;-23169 0;0
37 NONE 23169;-23169 0;0
38 NONE 0;32767 0;0
39 NONE -23169;-23169 0;0
40 NONE 23169;-23169 0;0
41 NONE 0;32767 0;0
42 NONE -23169;-23169 0;0
43 NONE 23169;-23169 0;0
44 NONE 0;32767 0;0
45 NONE -23169;-23169 0;0
46 NONE 23169;-23169 0;0
47 NONE 0;32767 0;0
48 NONE -23169;-23169 0;0
49 NONE 23169;-23169 0;0
50 NONE 0;32767 0;0
51 NONE -23169;-23169 0;0
52 NONE 23169;-23169 0;0
53 NONE 0;32767 0;0
54 NONE -23169;-23169 0;0
55 NONE 23169;-23169 0;0
56 NONE 0;32767 0;0
57 NONE -23169;-23169 0;0
58 NONE 23169;-23169 0;0
59 NONE 0;32767 0;0
60 NONE -23169;-23169 0;0
61 NONE 23169;-23169 0;0
62 NONE 0;32767 0;0
63 NONE -23169;-23169 0;0
64 NONE 23169;-23169 0;0
65 NONE 0;32767 0;0
66 NONE -23169;-23169 0;0
67 NONE 23169;-23169 0;0
68 NONE 0;32767 0;0
69 NONE -23169;-23169 0;0
70 NONE 23169;-23169 0;0
71 NONE 0;32767 0;0
72 NONE -23169;-23169 0;0
73 NONE 23169;-23169 0;0
74 NONE 0;32767 0;0
75 NONE -23169;-23169 0;0
76 NONE 23169;-23169 0;0
77 NONE 0;32767 0;0
78 NONE -23169;-23169 0;0
79 NONE 23169;-23169 0;0
80 NONE 0;32767 0;0
81 NONE -23169;-23169 0;0
82 NONE 23169;-23169 0;0
83 NONE 0;32767 0;0
84 NONE -23169;-23169 0;0
85 NONE 23169;-23169 0;0
86 NONE 0;32767 0;0
87 NONE -23169;-23169 0;0
88 NONE 23169;-23169 0;0
89 NONE 0;32767 0;0
90 NONE -23169;-23169 0;0
91 NONE 23169;-23169 0;0
92 KEY_B 32767;0 0;0
93 KEY_ZR 32767;0 0;0
94 KEY_ZR 32767;0 0;0
95 KEY_ZR 32767;0 0;0
96 KEY_ZR 32767;0 0;0
97 KEY_ZR 32767;0 0;0
98 KEY_ZR 32767;0 0;0
99 KEY_ZR 32767;0 0;0
100 KEY_Y;KEY_ZR 32767;0 0;0
101 KEY_ZR 32767;0 0;0
102 KEY_ZR 32767;0 0;0
103 KEY_ZR 32767;0 0;0
104 KEY_ZR 32767;0 0;0
105 KEY_ZR 32767;0 0;0
106 KEY_ZR 32767;0 0;0
107 KEY_ZR 32767;0 0;0
108 KEY_ZR 32767;0 0;0
109 KEY_ZR 32767;0 0;0
110 KEY_ZR 32767;0 0;0
111 KEY_ZR 32767;0 0;0
112 KEY_ZR 32767;0 0;0
113 KEY_ZR 32767;0 0;0
114 KEY_ZR -32767;0 0;0
115 KEY_B;KEY_ZR -32767;0 0;0
116 KEY_Y -32767;0 0;0
117 NONE -32767;0 0;0
118 NONE -32767;0 0;0
119 NONE -32767;0 0;0
120 NONE 0;0 0;0
121 NONE 0;0 0;0
122 NONE 0;0 0;0
123 NONE 0;0 0;0
124 NONE 0;0 0;0
125 NONE 0;0 0;0
126 NONE 0;0 0;0
127 NONE 0;0 0;0
128 NONE 0;0 0;0
129 NONE 0;0 0;0
130 NONE 0;0 0;0
131 NONE 0;0 0;0
132 NONE 0;0 0;0
133 NONE 0;0 0;0
134 NONE 0;0 0;0
135 NONE 0;0 0;0
136 NONE 0;0 0;0
137 NONE 0;0 0;0
138 NONE 0;0 0;0
139 NONE 0;0 0;0
140 NONE 0;0 0;0
141 NONE 0;0 0;0
142 NONE 0;0 0;0
143 NONE 0;0 0;0
144 NONE 0;0 0;0
145 NONE 0;0 0;0
146 NONE 0;0 0;0
147 NONE 0;0 0;0
148 NONE 0;0 0;0
149 NONE 0;0 0;0
150 NONE 0;0 0;0
151 NONE 0;0 0;0
152 NONE 0;0 0;0
153 NONE 0;0 0;0
154 NONE 0;0 0;0
155 NONE 0;0 0;0
156 NONE 0;0 0;0
157 NONE 0;0 0;0
158 NONE 0;0 0;0
159 NONE 0;0 0;0
160 NONE 0;0 0;0
161 NONE 0;0 0;0
162 NONE 0;0 0;0
163 NONE 0;0 0;0
164 NONE 0;0 0;0
165 NONE 0;0 0;0
166 NONE 0;0 0;0
167 NONE 0;0 0;0
168 NONE 0;0 0;0
169 NONE 0;0 0;0
170 NONE 0;0 0;0
171 NONE 0;0 0;0
172 NONE 0;0 0;0
173 NONE 0;0 0;0
174 NONE 0;0 0;0
175 NONE 0;0 0;0
176 NONE 0;0 0;0
177 NONE 0;0 0;0
178 NONE 0;0 0;0
179 NONE 0;0 0;0
180 NONE 0;0 0;0
181 NONE 0;0 0;0
182 NONE 0;0 0;0
183 NONE 0;0 0;0
184 NONE 0;0 0;0
185 NONE 0;0 0;0
186 NONE 0;0 0;0
187 NONE 0;0 0;0
188 NONE 0;0 0;0
189 NONE 0;0 0;0
190 NONE 0;0 0;0
191 NONE 0;0 0;0
192 NONE 0;0 0;0
193 NONE 0;0 0;0
194 NONE 0;0 0;0
195 NONE 0;0 0;0
196 NONE 0;0 0;0
197 NONE 0;0 0;0
198 NONE 0;0 0;0
199 NONE 0;0 0;0
200 NONE 0;0 0;0
201 NONE 0;0 0;0
202 NONE 0;0 0;0
203 NONE 0;0 0;0
204 NONE 0;0 0;0
205 NONE 0;0 0;0
206 NONE 0;0 0;0
207 NONE 0;0 0;0
208 NONE 0;0 0;0
209 NONE 0;0 0;0
210 NONE 0;0 0;0
211 NONE 0;0 0;0
212 NONE 0;0 0;0
213 NONE 0;0 0;0
214 NONE 0;0 0;0
215 NONE 0;0 0;0
216 NONE 0;0 0;0
217 NONE 0;0 0;0
218 NONE 0;0 0;0
219 NONE 0;0 0;0
220 NONE 0;0 0;0
221 NONE 0;0 0;0
222 NONE 0;0 0;0
223 NONE 0;0 0;0
224 NONE 0;0 0;0
225 NONE 0;0 0;0
226 NONE 0;0 0;0
227 NONE 0;0 0;0
228 NONE 0;0 0;0
229 NONE 0;0 0;0
230 NONE 0;0 0;0
231 NONE 0;0 0;0
232 NONE 0;0 0;0
233 NONE 0;0 0;0
234 NONE 0;0 0;0
235 NONE 0;0 0;0
236 NONE 0;0 0;0
237 NONE 0;0 0;0
238 NONE 0;0 0;0
239 NONE 0;0 0;0
240 NONE 0;0 0;0
241 NONE 0;0 0;0
242 NONE 0;0 0;0
243 NONE 0;0 0;0
244 NONE 0;0 0;0
245 NONE 0;0 0;0
246 NONE 0;0 0;0
247 NONE 0;0 0;0
248 NONE 0;0 0;0
249 NONE 0;0 0;0
250 NONE 0;0 0;0
251 NONE 0;0 0;0
252 NONE 0;0 0;0
253 NONE 0;0 0;0
254 NONE 0;0 0;0
255 NONE 0;0 0;0
256 NONE 0;0 0;0
257 NONE 0;0 0;0
258 NONE 0;0 0;0
259 NONE 0;0 0;0
260 NONE 0;0 0;0
261 NONE 0;0 0;0
262 NONE 0;0 0;0
263 NONE 0;0 0;0
264 NONE 0;0 0;0
265 NONE 0;0 0;0
266 NONE 0;0 0;0
267 NONE 0;0 0;0
268 NONE 0;0 0;0
269 NONE 0;0 0;0
270 NONE 0;0 0;0
271 NONE 0;0 0;0
272 NONE 0;0 0;0
273 NONE 0;0 0;0
274 NONE 0;0 0;0
275 NONE 0;0 0;0
276 NONE 0;0 0;0
277 NONE 0;0 0;0
278 NONE 0;0 0;0
279 NONE 0;0 0;0
280 NONE 0;0 0;0
281 NONE 0;0 0;0
282 NONE 0;0 0;0
283 NONE 0;0 0;0
284 NONE 0;0 0;0
285 NONE 0;0 0;0
286 NONE 0;0 0;0
287 NONE 0;0 0;0
288 NONE 0;0 0;0
289 NONE 0;0 0;0
290 NONE 0;0 0;0
291 NONE 0;0 0;0
292 NONE 0;0 0;0
293 NONE 0;0 0;0
294 NONE 0;0 0;0
295 NONE 0;0 0;0
296 NONE 0;0 0;0
297 NONE 0;0 0;0
298 NONE 0;0 0;0
299 NONE 0;0 0;0
300 NONE 0;0 0;0
301 NONE 0;0 0;0
302 NONE 0;0 0;0
303 NONE 0;0 0;0
304 NONE 0;0 0;0
305 NONE 0;0 0;0
306 NONE 0;0 0;0
307 NONE 0;0 0;0
308 NONE 0;0 0;0
309 NONE 0;0 0;0
310 NONE 0;0 0;0
311 NONE 0;0 0;0
312 NONE 0;0 0;0
313 NONE 0;0 0;0
314 NONE 0;0 0;0
315 NONE 0;0 0;0
316 NONE 0;0 0;0
317 NONE 0;0 0;0
318 NONE 0;0 0;0
319 NONE 0;0 0;0
320 NONE 0;0 0;0
321 NONE 0;0 0;0
322 NONE 0;0 0;0
323 NONE 0;0 0;0
324 NONE 0;0 0;0
325 NONE 0;0 0;0
326 NONE 0;32766 0;0
327 NONE 13847;29696 0;0
328 KEY_ZL 25100;21062 0;0
329 KEY_Y;KEY_ZL -32765;0 0;0
330 KEY_ZL -32765;0 0;0
331 KEY_ZL -32767;0 0;0
332 KEY_ZL -32767;0 0;0
333 KEY_ZL -32767;0 0;0
334 KEY_ZL -32767;0 0;0
335 KEY_ZL -32767;0 0;0
336 KEY_ZL -32767;0 0;0
337 KEY_ZL -32767;0 0;0
338 KEY_ZL -32767;0 0;0
339 KEY_ZL -32767;0 0;0
340 KEY_ZL -32767;0 0;0
341 KEY_ZL -32767;0 0;0
342 KEY_ZL -32767;0 0;0
343 KEY_ZL -32767;0 0;0
344 KEY_ZL -32767;0 0;0
345 KEY_ZL -32767;0 0;0
346 KEY_ZL -32767;0 0;0
347 KEY_ZL -32767;0 0;0
348 KEY_ZL -32767;0 0;0
349 KEY_ZL -32767;0 0;0
350 KEY_ZL -32767;0 0;0
351 KEY_ZL -32767;0 0;0
352 KEY_ZL -32767;0 0;0
353 KEY_ZL -32767;0 0;0
354 KEY_ZL -32767;0 0;0
355 KEY_ZL -32767;0 0;0
356 KEY_ZL -32767;0 0;0
357 KEY_ZL -32767;0 0;0
358 KEY_ZL -32767;0 0;0
359 KEY_ZL -32767;0 0;0
360 KEY_ZL -32767;0 0;0
361 KEY_ZL -32767;0 0;0
362 KEY_ZL -32767;0 0;0
363 KEY_ZL -32767;0 0;0
364 KEY_ZL -32767;0 0;0
365 KEY_ZL -32767;0 0;0
366 KEY_ZL -32767;0 0;0
367 KEY_ZL -32767;0 0;0
368 KEY_ZL -32767;0 0;0
369 KEY_ZL -32767;0 0;0
370 KEY_ZL -32767;0 0;0
371 KEY_ZL -32767;0 0;0
372 KEY_ZL -32767;0 0;0
373 KEY_ZL -32767;0 0;0
374 KEY_ZL -32767;0 0;0
375 KEY_ZL -32767;0 0;0
376 KEY_ZL -32767;0 0;0
377 KEY_ZL -32767;0 0;0
378 KEY_ZL -32767;0 0;0
379 KEY_ZL -32767;0 0;0
380 KEY_ZL -32767;0 0;0
381 KEY_ZL -32767;0 0;0
382 KEY_ZL -32767;0 0;0
383 KEY_ZL -32767;0 0;0
384 KEY_ZL -32767;0 0;0
385 KEY_ZL -32767;0 0;0
386 KEY_ZL -32767;0 0;0
387 KEY_ZL -32767;0 0;0
388 KEY_ZL -32767;0 0;0
389 KEY_ZL -32767;0 0;0
390 KEY_ZL -32767;0 0;0
391 KEY_ZL -32767;0 0;0
392 KEY_ZL -32767;0 0;0
393 KEY_ZL -32767;0 0;0
394 KEY_ZL -32767;0 0;0
395 KEY_ZL -32767;0 0;0
396 KEY_ZL -32767;0 0;0
397 KEY_ZL -32767;0 0;0
398 KEY_ZL -32767;0 0;0
399 KEY_ZL -32767;0 0;0
400 KEY_ZL -32767;0 0;0
401 KEY_ZL -32767;0 0;0
402 KEY_ZL -32767;0 0;0
403 KEY_ZL -32767;0 0;0
404 KEY_ZL -32767;0 0;0
405 KEY_ZL -32767;0 0;0
406 KEY_ZL -32767;0 0;0
407 KEY_ZL -32767;0 0;0
408 KEY_ZL -32767;0 0;0
409 KEY_ZL -32767;0 0;0
410 KEY_ZL -32767;0 0;0
411 KEY_ZL -32767;0 0;0
412 KEY_ZL -32767;0 0;0
413 KEY_ZL -32767;0 0;0
414 KEY_ZL -32767;0 0;0
415 KEY_ZL -32767;0 0;0
416 KEY_ZL -32767;0 0;0
417 KEY_ZL -32767;0 0;0
418 KEY_ZL -32767;0 0;0
419 KEY_ZL -32767;0 0;0
420 KEY_ZL -32767;0 0;0
421 KEY_ZL -32767;0 0;0
422 KEY_ZL -32767;0 0;0
423 KEY_ZL -32767;0 0;0
424 KEY_ZL -32767;0 0;0
425 KEY_ZL -32767;0 0;0
426 KEY_ZL -32767;0 0;0
427 KEY_ZL -32767;0 0;0
428 KEY_ZL -32767;0 0;0
429 KEY_ZL -32767;0 0;0
430 KEY_ZL -32767;0 0;0
431 NONE -32767;0 0;0
432 NONE -32767;0 0;0
433 NONE -32767;0 0;0
434 NONE -32767;0 0;0
435 NONE -32767;0 0;0
436 NONE -32767;0 0;0
437 NONE -32767;0 0;0
438 NONE -32767;0 0;0
439 NONE -32767;0 0;0
440 NONE -32767;0 0;0
441 NONE -32767;0 0;0
442 NONE -32767;0 0;0
443 NONE -32767;0 0;0
444 NONE -32767;0 0;0
445 NONE -32767;0 0;0
446 NONE -32767;0 0;0
447 NONE -32767;0 0;0
448 NONE -32767;0 0;0
449 NONE -32767;0 0;0
450 NONE -32767;0 0;0
451 NONE -32767;0 0;0
452 NONE -32767;0 0;0
453 NONE -32767;0 0;0
454 NONE -32767;0 0;0
455 NONE -32767;0 0;0
456 NONE -32767;0 0;0
457 NONE -32767;0 0;0
458 NONE -32767;0 0;0
459 NONE -32767;0 0;0
460 NONE -32767;0 0;0
461 NONE -32767;0 0;0
462 NONE -32767;0 0;0
463 NONE -32767;0 0;0
464 NONE -32767;0 0;0
465 NONE -32767;0 0;0
466 NONE -32767;0 0;0
467 NONE -32767;0 0;0
468 NONE -32767;0 0;0
469 NONE -32767;0 0;0
470 NONE -32767;0 0;0
471 NONE -32767;0 0;0
472 NONE -32767;0 0;0
473 NONE -32767;0 0;0
474 NONE -32767;0 0;0
475 NONE -32767;0 0;0
476 NONE -32767;0 0;0
477 NONE -32767;0 0;0
