0 NONE 0;0 0;0
1 NONE 0;0 0;0
2 NONE -32767;0 0;0
3 NONE -32767;0 0;0
4 NONE -32767;0 0;0
5 NONE -32767;0 0;0
6 NONE -32767;0 0;0
7 NONE -32767;0 0;0
8 NONE -32767;0 0;0
9 NONE -32767;0 0;0
10 NONE -32767;0 0;0
11 KEY_ZR -32767;0 0;0
12 KEY_X;KEY_ZR -32767;0 0;0
13 NONE 0;0 0;0
14 NONE 0;0 0;0
15 NONE 0;0 0;0
16 NONE 0;0 0;0
17 NONE 0;0 0;0
18 NONE 0;0 0;0
19 NONE 0;0 0;0
20 NONE 0;0 0;0
21 NONE 0;0 0;0
22 NONE 0;0 0;0
23 NONE 0;0 0;0
24 NONE 0;0 0;0
25 NONE 0;0 0;0
26 NONE 0;0 0;0
27 NONE 0;0 0;0
28 NONE 0;0 0;0
29 NONE 0;0 0;0
30 NONE 0;0 0;0
31 NONE 0;0 0;0
32 NONE 0;0 0;0
33 NONE 0;0 0;0
34 NONE 0;0 0;0
35 NONE 0;0 0;0
36 NONE 0;0 0;0
37 NONE 0;0 0;0
38 NONE 0;0 0;0
39 NONE 0;0 0;0
40 NONE 0;0 0;0
41 NONE 0;0 0;0
42 NONE 0;0 0;0
43 NONE 0;0 0;0
44 NONE 0;0 0;0
45 NONE 0;0 0;0
46 NONE 0;0 0;0
47 NONE 0;0 0;0
48 NONE 0;0 0;0
49 NONE 0;0 0;0
50 NONE 0;0 0;0
51 NONE 0;0 0;0
52 NONE 0;0 0;0
53 NONE 0;0 0;0
54 NONE 0;0 0;0
55 NONE 0;0 0;0
56 NONE 0;0 0;0
57 NONE 0;0 0;0
58 NONE 0;0 0;0
59 NONE 0;0 0;0
60 NONE 0;0 0;0
61 NONE 0;0 0;0
62 NONE 0;0 0;0
63 NONE 0;0 0;0
64 NONE 0;0 0;0
65 NONE 0;0 0;0
66 NONE 0;0 0;0
67 NONE -23169;23169 0;0
68 NONE 0;32766 0;0
69 NONE 23169;23169 0;0
70 NONE 32766;0 0;0
71 NONE 23169;-23169 0;0
72 NONE 0;-32766 0;0
73 NONE -23169;-23169 0;0
74 NONE -32763;-481 0;0
75 NONE 0;32766 0;0
76 NONE 23169;23169 0;0
77 NONE 32766;0 0;0
78 NONE 23169;-23169 0;0
79 NONE 0;-32766 0;0
80 NONE -23169;-23169 0;0
81 NONE -32763;-481 0;0
82 NONE -23169;23169 0;0
83 NONE 0;32766 0;0
84 NONE 23169;23169 0;0
85 NONE 32766;0 0;0
86 NONE 23169;-23169 0;0
87 NONE 0;-32766 0;0
88 NONE -23169;-23169 0;0
89 NONE -32763;-481 0;0
90 NONE -23169;23169 0;0
91 NONE 0;32766 0;0
92 NONE 23169;23169 0;0
93 NONE 32766;0 0;0
94 NONE 23169;-23169 0;0
95 NONE 0;-32766 0;0
96 NONE -23169;-23169 0;0
97 NONE -32763;-481 0;0
98 NONE -23169;23169 0;0
99 NONE 0;32766 0;0
100 NONE 23169;23169 0;0
101 NONE 32766;0 0;0
102 NONE 23169;-23169 0;0
103 NONE 0;-32766 0;0
104 NONE -23169;-23169 0;0
105 NONE -32763;-481 0;0
106 NONE -23169;23169 0;0
107 NONE 0;32766 0;0
108 NONE 23169;23169 0;0
109 NONE 32766;0 0;0
110 NONE 0;0 0;0
111 NONE 18793;26839 0;0
112 KEY_B 18793;26839 0;0
113 KEY_ZR 18793;26839 0;0
114 KEY_Y;KEY_ZR 18793;26839 0;0
115 KEY_X;KEY_ZR 18793;26839 0;0
116 KEY_Y;KEY_ZR 18793;26839 0;0
117 KEY_X;KEY_ZR 18793;26839 0;0
118 KEY_Y;KEY_ZR 18793;26839 0;0
119 KEY_X;KEY_ZR 18793;26839 0;0
120 KEY_ZR 18793;26839 0;0
121 KEY_ZR 18793;26839 0;0
122 KEY_ZR 18793;26839 0;0
123 KEY_B;KEY_ZR;KEY_L 18793;26839 0;0
124 NONE -25096;21058 0;0
125 NONE -25096;21058 0;0
126 NONE -25095;21057 0;0
127 NONE -25095;21057 0;0
128 NONE 21060;25099 0;0
129 NONE 21060;25099 0;0
130 NONE 21060;25099 0;0
131 NONE 21060;25099 0;0
132 NONE 21060;25099 0;0
133 NONE 21060;25099 0;0
134 NONE 21060;25099 0;0
135 NONE 21060;25099 0;0
136 KEY_B 21060;25099 0;0
137 KEY_B 21060;25099 0;0
138 KEY_B 25099;21060 0;0
139 KEY_B 28374;16382 0;0
140 KEY_B 30788;11206 0;0
141 KEY_B 32267;5689 0;0
142 KEY_B 32767;0 0;0
143 KEY_B 32269;-5689 0;0
144 KEY_B 30789;-11206 0;0
145 KEY_B 30789;-11206 0;0
146 KEY_B 30789;-11206 0;0
147 NONE 30789;-11206 0;0
148 NONE 30789;-11206 0;0
149 NONE 30789;-11206 0;0
150 NONE 30789;-11206 0;0
151 NONE 30789;-11206 0;0
152 NONE 30789;-11206 0;0
153 NONE 30789;-11206 0;0
154 NONE 30789;-11206 0;0
155 NONE 30789;-11206 0;0
156 NONE 30789;-11206 0;0
157 NONE 30789;-11206 0;0
158 NONE 30789;-11206 0;0
159 NONE 30789;-11206 0;0
160 NONE 30789;-11206 0;0
161 NONE 30789;-11206 0;0
162 NONE 30789;-11206 0;0
163 NONE 30789;-11206 0;0
164 NONE 30789;-11206 0;0
165 NONE 30789;-11206 0;0
166 NONE 30789;-11206 0;0
167 NONE 30789;-11206 0;0
168 NONE 30789;-11206 -32767;0
169 NONE 30789;-11206 -32767;0
170 NONE 30791;-11206 -32767;0
171 NONE -3386;-1232 -32767;0
172 NONE -3386;-1232 -32767;0
173 NONE -3386;-1232 -32767;0
174 NONE -3386;-1232 -32767;0
175 NONE -18792;26838 -32767;0
176 NONE -18792;26838 -32767;0
177 KEY_B 11206;30788 -32767;0
178 KEY_B 5689;32265 -32767;0
179 KEY_B 0;32763 -32767;0
180 KEY_B -5689;32265 -32767;0
181 KEY_B -5688;32263 -32767;0
182 KEY_B -5688;32263 -32767;0
183 KEY_B -5688;32263 -32767;0
184 KEY_B -5688;32263 -32767;0
185 NONE -5688;32263 -32767;0
186 NONE -5688;32263 -32767;0
187 NONE -5688;32263 -32767;0
188 NONE -5688;32263 -32767;0
189 NONE -5688;32263 -32767;0
190 NONE -5688;32263 -32767;0
191 NONE -5688;32263 -32767;0
192 NONE -5688;32263 -32767;0
193 NONE -5688;32263 -32767;0
194 NONE -5688;32263 -32767;0
195 NONE -5688;32263 -32767;0
196 NONE -5688;32263 -32767;0
197 NONE -5688;32263 -32767;0
198 NONE -5688;32263 -32767;0
199 NONE -5688;32263 -32767;0
200 NONE -5688;32263 -32767;0
201 NONE -5688;32263 -32767;0
202 NONE -5688;32263 -32767;0
203 NONE -5688;32263 -32767;0
204 NONE -5688;32263 -32767;0
205 NONE -5688;32262 -32767;0
206 NONE -5688;32262 0;0
207 NONE -5688;32262 0;0
208 NONE -5688;32262 0;0
209 NONE -5688;32262 0;0
210 NONE -5688;32262 0;0
211 NONE -5688;32262 0;0
212 NONE -5688;32262 0;0
213 NONE -5688;32262 0;0
214 NONE -5688;32261 0;0
215 NONE -5688;32260 0;0
216 NONE -5688;32259 0;0
217 NONE -5688;32259 0;0
218 NONE -5684;32270 0;0
219 NONE -5684;32270 0;0
220 NONE 1801;-3121 0;0
221 NONE 32757;0 0;0
222 KEY_B 32757;0 0;0
223 KEY_B 32747;0 0;0
224 KEY_B 32747;0 0;0
225 KEY_B 32747;0 0;0
226 KEY_B 32747;0 0;0
227 KEY_B 32747;0 0;0
228 KEY_B 32747;0 0;0
229 KEY_B 32747;0 0;0
230 KEY_B 32747;0 0;0
231 KEY_B 32747;0 0;0
232 NONE 32747;0 0;0
233 KEY_DUP 32747;0 0;0
234 KEY_X -25082;21046 0;0
235 KEY_X -25082;21046 0;0
236 KEY_X -25082;21046 0;0
237 KEY_X -25082;21046 0;0
238 KEY_X -25082;21046 0;0
239 KEY_X -25082;21046 0;0
240 KEY_X -25082;21046 0;0
241 KEY_X -25082;21046 0;0
242 KEY_X -25082;21046 0;0
243 KEY_X -25082;21046 0;0
244 KEY_X -25082;21046 0;0
245 KEY_X -25082;21046 0;0
246 KEY_X -25082;21046 0;0
247 KEY_X -25082;21046 0;0
248 KEY_X -25082;21046 0;0
249 KEY_X;KEY_ZR -25082;21046 0;0
250 KEY_X;KEY_Y;KEY_ZR -25082;21046 0;0
251 KEY_X -25082;21046 0;0
252 KEY_X -25082;21046 0;0
253 KEY_X;KEY_R -25082;21046 0;0
254 KEY_X -25082;21046 0;0
255 KEY_X -25082;21046 0;0
256 KEY_X -25082;21046 0;0
257 KEY_X -25082;21046 0;0
258 KEY_X -25082;21046 0;0
259 KEY_X -25082;21046 0;0
260 KEY_X -25082;21046 0;0
261 KEY_X 0;0 0;0
262 KEY_X 0;0 0;0
263 KEY_X 0;0 0;0
264 NONE -32762;0 0;0
265 NONE -32762;0 0;0
266 NONE -32762;0 0;0
267 NONE -32762;0 0;0
268 NONE -32762;0 0;0
269 NONE -32762;0 0;0
270 NONE -32762;0 0;0
271 NONE -32764;0 0;0
272 NONE -32764;0 0;0
273 NONE -32764;0 0;0
274 NONE -32764;0 0;0
275 NONE -32764;0 0;0
276 NONE -32764;0 0;0
277 NONE -32764;0 0;0
278 NONE -32764;0 0;0
279 NONE -32764;0 0;0
280 NONE -32764;0 0;0
281 NONE -32764;0 0;0
282 NONE -32764;0 0;0
283 NONE -32764;0 0;0
284 NONE -32764;0 0;0
285 KEY_B -32764;0 0;0
286 NONE 32766;0 0;0
287 NONE 32766;0 0;0
288 NONE 32766;0 0;0
289 NONE 32766;0 0;0
290 NONE 32766;0 0;0
291 NONE 32766;0 0;0
292 NONE 32766;0 0;0
293 NONE 32766;0 0;0
294 NONE 32766;0 0;0
295 NONE 32766;0 0;0
296 NONE 32766;0 0;0
297 NONE 32766;0 0;0
298 NONE 32766;0 0;0
299 NONE 32766;0 0;0
300 NONE 32766;0 0;0
301 NONE 32766;0 0;0
302 KEY_ZR 32766;0 0;0
303 KEY_Y;KEY_ZR 32766;0 0;0
304 KEY_ZR 32766;0 0;0
305 KEY_ZR 32766;0 0;0
306 KEY_ZR 32766;0 0;0
307 KEY_ZR 32766;0 0;0
308 KEY_ZR 32766;0 0;0
309 KEY_ZR 32766;0 0;0
310 KEY_ZR 32766;0 0;0
311 KEY_ZR 32766;0 0;0
312 KEY_ZR 32766;0 0;0
313 KEY_ZR 32766;0 0;0
314 KEY_ZR 32766;0 0;0
315 KEY_ZR 32766;0 0;0
316 KEY_ZR 32766;0 0;0
317 KEY_ZR 32766;0 0;0
318 KEY_ZR 32446;4560 0;0
319 KEY_ZR;KEY_L 32446;4560 0;0
320 KEY_ZR 32446;4560 0;0
321 KEY_ZR 32446;4560 0;0
322 KEY_ZR 32446;4560 0;0
323 KEY_ZR 32446;4560 0;0
324 KEY_ZR 32446;4560 0;0
325 KEY_ZR 32446;4560 0;0
326 KEY_ZR 32446;4560 0;0
327 KEY_ZR 32446;4560 0;0
328 KEY_ZR 32446;4560 0;0
329 KEY_ZR 32446;4560 0;0
330 KEY_ZR 32446;4560 0;0
331 KEY_ZR 32446;4560 0;0
332 KEY_ZR 32446;4560 0;0
333 KEY_ZR 32446;4560 0;0
334 KEY_ZR 32446;4560 0;0
335 KEY_ZR 32446;4560 0;0
336 KEY_ZR 32446;4560 0;0
337 KEY_ZR 32446;4560 0;0
338 KEY_ZR 32446;4560 0;0
339 KEY_ZR 32446;4560 0;0
340 KEY_ZR 32446;4560 0;0
341 KEY_ZR 32446;4560 0;0
342 KEY_B;KEY_ZR;KEY_L 32267;5689 0;0
343 KEY_X 32267;5689 0;0
344 KEY_X 32267;5689 0;0
345 KEY_X 32267;5689 0;0
346 KEY_X 32267;5689 0;0
347 KEY_X 32267;5689 0;0
348 KEY_X 32267;5689 0;0
349 KEY_X 32267;5689 0;0
350 KEY_X 32267;5689 0;0
351 KEY_X 32267;5689 0;0
352 KEY_X 32267;5689 0;0
353 KEY_X 32267;5689 0;0
354 KEY_X 32267;5689 0;0
355 KEY_X 32267;5689 0;0
356 KEY_X 32267;5689 0;0
357 KEY_X 32267;5689 0;0
358 KEY_X 32267;5689 0;0
359 KEY_X 32267;5689 0;0
360 KEY_X 32267;5689 0;0
361 KEY_X 32267;5689 0;0
362 KEY_X 32267;5689 0;0
363 KEY_X;KEY_ZR 32267;5689 0;0
364 KEY_X;KEY_Y;KEY_ZR 32267;5689 0;0
365 KEY_X 32267;5689 0;0
366 KEY_X 32267;5689 0;0
367 KEY_X 32267;5689 0;0
368 KEY_X 32267;5689 0;0
369 KEY_X 32267;5689 0;0
370 KEY_X 32267;5689 0;0
371 KEY_X 32267;5689 0;0
372 KEY_X 32267;5689 0;0
373 KEY_X 32267;5689 0;0
374 KEY_X 32267;5689 0;0
375 KEY_X 32267;5689 0;0
376 KEY_X 0;0 0;0
377 KEY_X 0;0 0;0
378 KEY_X 0;0 0;0
379 KEY_X 0;0 0;0
380 KEY_X 32267;5689 0;0
381 KEY_X 32267;5689 0;0
382 KEY_X 32267;5689 0;0
383 KEY_X 32267;5689 0;0
384 KEY_X;KEY_ZR 32267;5689 0;0
385 KEY_X;KEY_Y;KEY_ZR 32267;5689 0;0
386 KEY_X 32267;5689 0;0
387 KEY_X 32267;5689 0;0
388 KEY_X 32267;5689 0;0
389 NONE 32267;5689 0;0
390 NONE 32267;5689 0;0
391 NONE 32267;5689 0;0
392 NONE 32267;5689 0;0
393 NONE 32267;5689 0;0
394 NONE 32267;5689 0;0
395 NONE 32267;5689 0;0
396 NONE 32267;5689 0;0
397 NONE 32267;5689 0;0
