0 NONE 0;0 0;0
1 NONE 0;0 0;0
2 NONE -32767;0 0;0
3 NONE -32767;0 0;0
4 NONE -32767;0 0;0
5 NONE -32767;0 0;0
6 NONE -32767;0 0;0
7 NONE -32767;0 0;0
8 NONE -32767;0 0;0
9 NONE -32767;0 0;0
10 NONE -32767;0 0;0
11 KEY_ZR -32767;0 0;0
12 KEY_X;KEY_ZR -32767;0 0;0
13 NONE 0;0 0;0
14 NONE 0;0 0;0
15 NONE 0;0 0;0
16 NONE 0;0 0;0
17 NONE 0;0 0;0
18 NONE 0;0 0;0
19 NONE 0;0 0;0
20 NONE 0;0 0;0
21 NONE 0;0 0;0
22 NONE 0;0 0;0
23 NONE 0;0 0;0
24 NONE 0;0 0;0
25 NONE 0;0 0;0
26 NONE 0;0 0;0
27 NONE 0;0 0;0
28 NONE 0;0 0;0
29 NONE 0;0 0;0
30 NONE 0;0 0;0
31 NONE 0;0 0;0
32 NONE 0;0 0;0
33 NONE 0;0 0;0
34 NONE 0;0 0;0
35 NONE 0;0 0;0
36 NONE 0;0 0;0
37 NONE 0;0 0;0
38 NONE 0;0 0;0
39 NONE 0;0 0;0
40 NONE 0;0 0;0
41 NONE 0;0 0;0
42 NONE 0;0 0;0
43 NONE 0;0 0;0
44 NONE 0;0 0;0
45 NONE 0;0 0;0
46 NONE 0;0 0;0
47 NONE 0;0 0;0
48 NONE 0;0 0;0
49 NONE 0;0 0;0
50 NONE 0;0 0;0
51 NONE 0;0 0;0
52 NONE 0;0 0;0
53 NONE 0;0 0;0
54 NONE 0;0 0;0
55 NONE 0;0 0;0
56 NONE 0;0 0;0
57 NONE 0;0 0;0
58 NONE 0;0 0;0
59 NONE 0;0 0;0
60 NONE 0;0 0;0
61 NONE 0;0 0;0
62 NONE 0;0 0;0
63 NONE 0;0 0;0
64 NONE 0;0 0;0
65 NONE 0;0 0;0
66 NONE 0;0 0;0
67 NONE 0;0 0;0
68 NONE -23169;23169 0;0
69 NONE 0;32766 0;0
70 NONE 23169;23169 0;0
71 NONE 32766;0 0;0
72 NONE 23169;-23169 0;0
73 NONE 0;-32766 0;0
74 NONE -23169;-23169 0;0
75 NONE -32763;-481 0;0
76 NONE 0;32766 0;0
77 NONE 23169;23169 0;0
78 NONE 32766;0 0;0
79 NONE 23169;-23169 0;0
80 NONE 0;-32766 0;0
81 NONE -23169;-23169 0;0
82 NONE -32763;-481 0;0
83 NONE -23169;23169 0;0
84 NONE 0;32766 0;0
85 NONE 23169;23169 0;0
86 NONE 32766;0 0;0
87 NONE 23169;-23169 0;0
88 NONE 0;-32766 0;0
89 NONE -23169;-23169 0;0
90 NONE -32763;-481 0;0
91 NONE -23169;23169 0;0
92 NONE 0;32766 0;0
93 NONE 23169;23169 0;0
94 NONE 32766;0 0;0
95 NONE 23169;-23169 0;0
96 NONE 0;-32766 0;0
97 NONE -23169;-23169 0;0
98 NONE -32763;-481 0;0
99 NONE -23169;23169 0;0
100 NONE 0;32766 0;0
101 NONE 23169;23169 0;0
102 NONE 32766;0 0;0
103 NONE 23169;-23169 0;0
104 NONE 0;-32766 0;0
105 NONE -23169;-23169 0;0
106 NONE -32763;-481 0;0
107 NONE -23169;23169 0;0
108 NONE 0;32766 0;0
109 NONE 23169;23169 0;0
110 NONE 32766;0 0;0
111 NONE 0;0 0;0
112 NONE 18793;26839 0;0
113 KEY_B 18793;26839 0;0
114 KEY_ZR 18793;26839 0;0
115 KEY_Y;KEY_ZR 18793;26839 0;0
116 KEY_X;KEY_ZR 18793;26839 0;0
117 KEY_Y;KEY_ZR 18793;26839 0;0
118 KEY_X;KEY_ZR 18793;26839 0;0
119 KEY_Y;KEY_ZR 18793;26839 0;0
120 KEY_X;KEY_ZR 18793;26839 0;0
121 KEY_ZR 18793;26839 0;0
122 KEY_ZR 18793;26839 0;0
123 KEY_ZR 18793;26839 0;0
124 KEY_B;KEY_ZR;KEY_L 18793;26839 0;0
125 NONE -25096;21058 0;0
126 NONE -25096;21058 0;0
127 NONE -25095;21057 0;0
128 NONE -25095;21057 0;0
129 NONE 21060;25099 0;0
130 NONE 21060;25099 0;0
131 NONE 21060;25099 0;0
132 NONE 21060;25099 0;0
133 NONE 21060;25099 0;0
134 NONE 21060;25099 0;0
135 NONE 21060;25099 0;0
136 NONE 21060;25099 0;0
137 KEY_B 21060;25099 0;0
138 KEY_B 25845;-20141 0;0
139 KEY_B 25845;-20141 0;0
140 KEY_B 25845;-20141 0;0
141 KEY_B 25845;-20141 0;0
142 KEY_B 25845;-20141 0;0
143 KEY_B 25845;-20141 0;0
144 KEY_B 25845;-20141 0;0
145 KEY_B 25845;-20141 0;0
146 KEY_B 25845;-20141 0;0
147 KEY_B 25845;-20141 0;0
148 NONE 25845;-20141 0;0
149 NONE 25845;-20141 0;0
150 NONE 25845;-20141 0;0
151 NONE 25845;-20141 0;0
152 NONE 25845;-20141 0;0
153 NONE 25845;-20141 0;0
154 NONE 25845;-20141 0;0
155 NONE 25845;-20141 0;0
156 NONE 25845;-20141 0;0
157 NONE 25845;-20141 0;0
158 NONE 25845;-20141 0;0
159 NONE 25845;-20141 0;0
160 NONE 25845;-20141 0;0
161 NONE 25845;-20141 0;0
162 NONE 25845;-20141 0;0
163 NONE 23954;22357 0;0
164 NONE 21820;24443 0;0
165 NONE 19506;26327 0;0
166 NONE 17030;27992 0;0
167 NONE 14413;29426 0;0
168 NONE 11677;30615 0;0
169 NONE 8843;31550 0;0
170 NONE 5936;32224 0;0
171 NONE 2980;32631 0;0
172 NONE 0;32767 0;0
173 NONE -2065;2950 0;0
174 NONE -3119;1801 0;0
175 NONE -3587;314 0;0
176 NONE -3383;-1231 0;0
177 NONE 5536;32295 0;0
178 KEY_B 5536;32295 0;0
179 KEY_B -32207;5955 -29162;0
180 KEY_B -31981;7071 -29162;0
181 KEY_B -31716;8178 -29162;0
182 KEY_B -31412;9276 -29162;0
183 KEY_B -31071;10362 -29162;0
184 KEY_B -30692;11436 -29162;0
185 KEY_B -30275;12496 -29162;0
186 NONE -29823;13541 -29162;0
187 NONE -29334;14569 -29162;0
188 NONE -28810;15580 -29162;0
189 NONE -28250;16572 -29162;0
190 NONE -27657;17544 -29162;0
191 NONE -27031;18495 -29162;0
192 NONE -26371;19423 -29162;0
193 NONE -25680;20328 -29162;0
194 NONE -24958;21209 -29162;0
195 NONE -24205;22063 -29162;0
196 NONE -23424;22891 -29162;0
197 NONE -22614;23692 -29162;0
198 NONE -21776;24464 -29162;0
199 NONE -20913;25206 -29162;0
200 NONE -20024;25917 -29162;0
201 NONE -19111;26598 -29162;0
202 NONE -18174;27246 -29162;0
203 NONE -17216;27861 -29162;0
204 NONE -16237;28443 -29162;0
205 NONE -15239;28990 -29162;0
206 NONE -14222;29502 -29162;0
207 NONE -13188;29979 -29162;0
208 NONE -12137;30419 -29162;0
209 NONE -11073;30822 -29162;0
210 NONE -9994;31189 -29162;0
211 NONE -8904;31517 -29162;0
212 NONE -7803;31808 -29162;0
213 NONE -6693;32060 -29162;0
214 NONE -5574;32273 -29162;0
215 NONE -4449;32447 -29162;0
216 NONE -3318;32582 -29162;0
217 NONE -2184;32678 -29162;0
218 NONE -2184;32678 -29162;0
219 NONE -2184;32678 -29162;0
220 NONE -2184;32678 -29162;0
221 NONE 25963;19989 -29162;0
222 KEY_B 25963;19989 -29162;0
223 KEY_B -22323;23985 0;0
224 KEY_B -22323;23985 0;0
225 KEY_B -22323;23985 0;0
226 KEY_B -22323;23985 0;0
227 KEY_B -22323;23985 0;0
228 KEY_B -22323;23985 0;0
229 KEY_B -22323;23985 0;0
230 KEY_B -22323;23985 0;0
231 KEY_B -22323;23985 0;0
232 KEY_B -22323;23985 0;0
233 KEY_DUP -22323;23985 0;0
234 KEY_X -12528;30277 0;0
235 KEY_X -12528;30277 0;0
236 KEY_X -12528;30277 0;0
237 KEY_X -12528;30277 0;0
238 KEY_X -12528;30277 0;0
239 KEY_X -12528;30277 0;0
240 KEY_X -12528;30277 0;0
241 KEY_X -12528;30277 0;0
242 KEY_X -12528;30277 0;0
243 KEY_X -12528;30277 0;0
244 KEY_X -12528;30277 0;0
245 KEY_X -12528;30277 0;0
246 KEY_X -12528;30277 0;0
247 KEY_X -12528;30277 0;0
248 KEY_X -12528;30277 0;0
249 KEY_X;KEY_ZR -12528;30277 0;0
250 KEY_X;KEY_Y -12528;30277 0;0
251 KEY_X -12528;30277 0;0
252 KEY_X -12528;30277 0;0
253 KEY_X;KEY_R -12528;30277 0;0
254 KEY_X -12528;30277 0;0
255 KEY_X -12528;30277 0;0
256 KEY_X -12528;30277 0;0
257 KEY_X -12528;30277 0;0
258 KEY_X -12528;30277 0;0
259 KEY_X -12528;30277 0;0
260 KEY_X -12528;30277 0;0
261 KEY_X 0;0 0;0
262 KEY_X 0;0 0;0
263 KEY_X 0;0 0;0
264 NONE -32767;0 0;0
265 NONE -32767;0 0;0
266 NONE -32767;0 0;0
267 NONE -32767;0 0;0
268 NONE -32767;0 0;0
269 NONE -32767;0 0;0
270 NONE -32767;0 0;0
271 NONE -32767;0 0;0
272 NONE -32767;0 0;0
273 NONE -32767;0 0;0
274 NONE -32767;0 0;0
275 NONE -32767;0 0;0
276 NONE -32767;0 0;0
277 NONE -32767;0 0;0
278 NONE -32767;0 0;0
279 NONE -32767;0 0;0
280 NONE -32767;0 0;0
281 NONE -32767;0 0;0
282 NONE -32767;0 0;0
283 NONE -32767;0 0;0
284 NONE -32767;0 0;0
285 KEY_B -32767;0 0;0
286 NONE 32767;0 0;0
287 NONE 32767;0 0;0
288 NONE 32767;0 0;0
289 NONE 32767;0 0;0
290 NONE 32767;0 0;0
291 NONE 32767;0 0;0
292 NONE 32767;0 0;0
293 NONE 32767;0 0;0
294 NONE 32767;0 0;0
295 NONE 32767;0 0;0
296 NONE 32767;0 0;0
297 NONE 32767;0 0;0
298 NONE 32767;0 0;0
299 NONE 32767;0 0;0
300 NONE 32767;0 0;0
301 NONE 32767;0 0;0
302 KEY_ZR 32767;0 0;0
303 KEY_Y;KEY_ZR 32767;0 0;0
304 KEY_ZR 32767;0 0;0
305 KEY_ZR 32767;0 0;0
306 KEY_ZR 32767;0 0;0
307 KEY_ZR 32767;0 0;0
308 KEY_ZR 32767;0 0;0
309 KEY_ZR 32767;0 0;0
310 KEY_ZR 32767;0 0;0
311 KEY_ZR 32767;0 0;0
312 KEY_ZR 32767;0 0;0
313 KEY_ZR 32767;0 0;0
314 KEY_ZR 32767;0 0;0
315 KEY_ZR 32767;0 0;0
316 KEY_ZR 32767;0 0;0
317 KEY_ZR 32767;0 0;0
318 KEY_ZR 32214;5993 0;0
319 KEY_ZR;KEY_L 32214;5993 0;0
320 KEY_ZR 32214;5993 0;0
321 KEY_ZR 32214;5993 0;0
322 KEY_ZR 32214;5993 0;0
323 KEY_ZR 32214;5993 0;0
324 KEY_ZR 32214;5993 0;0
325 KEY_ZR 32214;5993 0;0
326 KEY_ZR 32214;5993 0;0
327 KEY_ZR 32214;5993 0;0
328 KEY_ZR 32214;5993 0;0
329 KEY_ZR 32214;5993 0;0
330 KEY_ZR 32214;5993 0;0
331 KEY_ZR 32214;5993 0;0
332 KEY_ZR 32214;5993 0;0
333 KEY_ZR 32214;5993 0;0
334 KEY_ZR 32214;5993 0;0
335 KEY_ZR 32214;5993 0;0
336 KEY_ZR 32214;5993 0;0
337 KEY_ZR 32214;5993 0;0
338 KEY_ZR 32214;5993 0;0
339 KEY_ZR 32214;5993 0;0
340 KEY_ZR 32214;5993 0;0
341 KEY_ZR 32214;5993 0;0
342 KEY_B;KEY_ZR;KEY_L 32214;5993 0;0
343 KEY_X 32214;5993 0;0
344 KEY_X 32214;5993 0;0
345 KEY_X 32214;5993 0;0
346 KEY_X 32214;5993 0;0
347 KEY_X 32214;5993 0;0
348 KEY_X 32214;5993 0;0
349 KEY_X 32214;5993 0;0
350 KEY_X 32214;5993 0;0
351 KEY_X 32214;5993 0;0
352 KEY_X 32214;5993 0;0
353 KEY_X 32214;5993 0;0
354 KEY_X 32214;5993 0;0
355 KEY_X 32214;5993 0;0
356 KEY_X 32214;5993 0;0
357 KEY_X 32214;5993 0;0
358 KEY_X 32214;5993 0;0
359 KEY_X 32214;5993 0;0
360 KEY_X 32214;5993 0;0
361 KEY_X 32214;5993 0;0
362 KEY_X 32214;5993 0;0
363 KEY_X;KEY_ZR 32214;5993 0;0
364 KEY_X;KEY_Y 32214;5993 0;0
365 KEY_X 32214;5993 0;0
366 KEY_X 32214;5993 0;0
367 KEY_X 32214;5993 0;0
368 KEY_X 32214;5993 0;0
369 KEY_X 32214;5993 0;0
370 KEY_X 32214;5993 0;0
371 KEY_X 32214;5993 0;0
372 KEY_X 32214;5993 0;0
373 KEY_X 32214;5993 0;0
374 KEY_X 32214;5993 0;0
375 KEY_X 32214;5993 0;0
376 KEY_X 32214;5993 0;0
377 KEY_X 32214;5993 0;0
378 KEY_X 32214;5993 0;0
379 KEY_X 32214;5993 0;0
380 KEY_X 32214;5993 0;0
381 KEY_X 32214;5993 0;0
382 KEY_X 32214;5993 0;0
383 KEY_X 32214;5993 0;0
384 KEY_X;KEY_ZR 32214;5993 0;0
385 KEY_Y 0;0 0;0
386 NONE 0;0 0;0
387 NONE 0;0 0;0
388 NONE 0;0 0;0
389 NONE 0;0 0;0
390 NONE 0;0 0;0
391 NONE 0;0 0;0
392 NONE 0;0 0;0
393 NONE 0;0 0;0
394 NONE 0;0 0;0
395 NONE 0;0 0;0
396 NONE 0;0 0;0
397 NONE 0;0 0;0
398 NONE 0;0 0;0
399 NONE 0;0 0;0
400 NONE 0;0 0;0
401 NONE 0;0 0;0
402 NONE 0;0 0;0
403 NONE 0;0 0;0
404 NONE 0;0 0;0
405 NONE 0;0 0;0
406 NONE 0;0 0;0
407 NONE 0;0 0;0
408 NONE 0;0 0;0
409 NONE 0;0 0;0
410 NONE 0;0 0;0
411 NONE 0;0 0;0
412 NONE 0;0 0;0
413 NONE 0;0 0;0
414 NONE 0;0 0;0
415 NONE 0;0 0;0
416 NONE 0;0 0;0
417 NONE 0;0 0;0
418 NONE 0;0 0;0
419 NONE 0;0 0;0
420 NONE 0;0 0;0
421 NONE 0;0 0;0
422 NONE 0;0 0;0
423 NONE 0;0 0;0
424 NONE 0;0 0;0
