0 NONE 0;0 0;0
1 KEY_Y 0;0 0;0
2 NONE 0;0 0;0
3 NONE 0;0 0;0
4 NONE 0;0 0;0
5 NONE 0;0 0;0
6 NONE 0;0 0;0
7 NONE 0;0 0;0
8 NONE 0;0 0;0
9 NONE 0;0 0;0
10 NONE 0;0 0;0
11 NONE 0;0 0;0
12 NONE 0;0 0;0
13 NONE 0;0 0;0
14 NONE 0;0 0;0
15 NONE 0;0 0;0
16 NONE 0;0 0;0
17 NONE 0;0 0;0
18 NONE 0;0 0;0
19 NONE 0;0 0;0
20 NONE 0;0 0;0
21 NONE 0;0 0;0
22 NONE 0;0 0;0
23 NONE 0;0 0;0
24 NONE 0;0 0;0
25 NONE 0;0 0;0
26 NONE 0;0 0;0
27 NONE 0;0 0;0
28 NONE 0;0 0;0
29 NONE 0;0 0;0
30 NONE 0;0 0;0
31 NONE 0;0 0;0
32 NONE 0;0 0;0
33 NONE 0;0 0;0
34 NONE 0;0 0;0
35 NONE 0;0 0;0
36 NONE 0;0 0;0
37 NONE 0;0 0;0
38 NONE 0;0 0;0
39 NONE 0;0 0;0
40 NONE 0;0 0;0
41 NONE 0;0 0;0
42 NONE 0;0 0;0
43 NONE 0;0 0;0
44 NONE 0;0 0;0
45 NONE 0;0 0;0
46 NONE 0;0 0;0
47 NONE 0;0 0;0
48 NONE 23129;23210 0;0
49 NONE 23129;23210 0;0
50 NONE 23129;23210 0;0
51 NONE 29143;14977 0;0
52 NONE 32389;-4956 0;0
53 KEY_ZL 15079;-29091 0;0
54 KEY_A;KEY_ZL 0;0 0;0
55 NONE 0;0 0;0
56 NONE 0;0 0;0
57 NONE 0;0 0;0
58 NONE 0;0 0;0
59 NONE 0;0 0;0
60 NONE 0;0 0;0
61 NONE 0;0 0;0
62 NONE 0;0 0;0
63 NONE 0;0 0;0
64 KEY_ZL 0;0 0;0
65 KEY_Y;KEY_ZL 0;0 0;0
66 NONE 0;0 0;0
67 NONE 0;0 0;0
68 NONE 0;0 0;0
69 NONE 0;0 0;0
70 NONE 0;0 0;0
71 NONE 0;0 0;0
72 NONE 0;0 0;0
73 NONE 0;0 0;0
74 NONE 0;0 0;0
75 NONE 0;0 0;0
76 NONE 0;0 0;0
77 NONE -23169;-23169 0;0
78 NONE -23169;-23169 0;0
79 KEY_A -23169;-23169 0;0
80 NONE -25100;21062 0;0
81 NONE -25100;21062 0;0
82 NONE -25100;21062 0;0
83 NONE -25100;21062 0;0
84 NONE -25100;21062 0;0
85 NONE -25100;21062 0;0
86 NONE -25100;21062 0;0
87 NONE -25100;21062 0;0
88 NONE -25100;21062 0;0
89 NONE -25100;21062 0;0
90 NONE -25100;21062 0;0
91 NONE -25100;21062 0;0
92 NONE -25100;21062 0;0
93 NONE -25100;21062 0;0
94 NONE -25100;21062 0;0
95 NONE -25100;21062 0;0
96 NONE -25100;21062 0;0
97 NONE -25100;21062 0;0
98 KEY_L;KEY_DUP -25100;21062 0;0
99 NONE -5689;32269 0;0
100 NONE 0;0 0;0
101 NONE 0;0 0;0
102 NONE 0;0 0;0
103 NONE 0;0 0;0
104 NONE 0;0 0;0
105 NONE 0;0 0;0
106 KEY_ZL 0;0 0;0
107 KEY_Y;KEY_ZL 0;0 0;0
108 KEY_Y 0;0 0;0
109 KEY_Y 0;0 0;0
110 KEY_Y 0;0 0;0
111 KEY_Y 0;0 0;0
112 KEY_Y 0;0 0;0
113 KEY_Y -5689;32269 0;0
114 NONE -5689;32269 0;0
115 NONE -5689;32269 0;0
116 NONE -5689;32269 0;0
117 NONE -5689;32269 0;0
118 NONE -5689;32269 0;0
119 NONE -5689;32269 0;0
120 NONE -5689;32269 0;0
121 NONE -5689;32269 0;0
122 NONE -5689;32269 0;0
123 KEY_A -28377;-16383 0;0
124 NONE 28377;-16383 0;0
125 NONE 0;32767 0;0
126 NONE -28377;-16383 0;0
127 NONE 28377;-16383 0;0
128 NONE 0;32767 0;0
129 NONE -28377;-16383 0;0
130 NONE 28377;-16383 0;0
131 NONE 0;32767 0;0
132 NONE -28377;-16383 0;0
133 NONE 28377;-16383 0;0
134 NONE 0;32767 0;0
135 KEY_DRIGHT -28377;-16383 0;0
136 NONE -21062;25100 0;0
137 NONE -21062;25100 32767;0
138 NONE -21410;24804 32767;0
139 NONE -21754;24503 32767;0
140 NONE -22094;24196 32767;0
141 NONE -22430;23886 32767;0
142 NONE -22761;23570 32767;0
143 KEY_ZL -22761;23570 32767;0
144 KEY_Y;KEY_ZL 0;0 32767;0
145 NONE 0;0 32767;0
146 NONE 0;0 32767;0
147 NONE 0;0 32767;0
148 NONE 0;0 32767;0
149 NONE 0;0 32767;0
150 NONE 0;0 32767;0
151 NONE 0;0 32767;0
152 NONE 0;0 32767;0
153 NONE 0;0 32767;0
154 NONE 0;0 32767;0
155 NONE 0;0 32767;0
156 NONE 0;0 32767;0
157 NONE 0;0 32767;0
158 NONE 0;0 32767;0
159 NONE 0;0 32767;0
160 NONE -30981;10667 32767;0
161 KEY_A -30981;10667 32767;0
162 KEY_ZL -30981;10667 32767;0
163 KEY_ZL -30981;10667 32767;0
164 KEY_ZL -30981;10667 32767;0
165 KEY_ZL -30981;10667 32767;0
166 KEY_ZL -30981;10667 32767;0
167 KEY_ZL -30981;10667 32767;0
168 KEY_ZL -30981;10667 32767;0
169 KEY_Y;KEY_ZL 0;0 0;0
170 KEY_ZL 0;0 0;0
171 KEY_ZL 0;0 0;0
172 KEY_ZL 0;0 0;0
173 KEY_ZL 0;0 0;0
174 KEY_ZL 0;0 0;0
175 KEY_ZL 0;0 0;0
176 KEY_ZL 0;0 0;0
177 KEY_ZL 0;0 0;0
178 KEY_ZL 0;0 0;0
179 KEY_ZL 0;0 0;0
180 KEY_A;KEY_L 0;0 0;0
181 NONE -8480;31650 0;-32767
182 NONE -8480;31650 0;-32767
183 NONE -8480;31650 0;-32767
184 NONE -8480;31650 0;-32767
185 NONE -8480;31650 0;-32767
186 NONE -8480;31650 0;-32767
187 NONE -8480;31650 0;-32767
188 NONE -8480;31650 0;-32767
189 KEY_Y -8480;31650 0;-32767
190 NONE -8480;31650 0;-32767
191 NONE -8480;31650 0;-32767
192 KEY_A -8480;31650 0;-32767
193 KEY_Y -1143;32747 0;-32767
194 NONE 15383;28931 0;-32767
195 NONE 15383;28931 0;-32767
196 NONE 15383;28931 0;-32767
197 NONE 15383;28931 0;-32767
198 NONE 15383;28931 0;-32767
199 NONE 15383;28931 0;-32767
200 NONE 15383;28931 0;-32767
201 NONE 15383;28931 0;-32767
202 NONE 15383;28931 0;-32767
203 NONE 15383;28931 0;-32767
204 NONE 15383;28931 0;-32767
205 NONE 15383;28931 0;-32767
206 NONE 15383;28931 0;-32767
207 NONE 15383;28931 0;-32767
208 NONE 15383;28931 0;-32767
209 NONE 15383;28931 0;-32767
210 NONE 15383;28931 0;-32767
211 NONE 15383;28931 0;-32767
212 NONE 15383;28931 0;-32767
213 NONE 15383;28931 0;-32767
214 NONE 0;0 0;0
215 NONE 0;0 0;0
216 NONE 0;0 0;0
217 NONE 0;0 0;0
218 NONE 0;0 0;0
219 NONE 0;0 0;0
220 NONE 0;0 0;0
221 NONE 0;0 0;0
222 NONE 0;0 0;0
223 NONE 0;0 0;0
224 NONE 0;0 0;0
225 NONE 0;0 0;0
226 NONE 0;0 0;0
227 NONE 0;0 0;0
228 NONE 0;0 0;0
229 NONE 0;0 0;0
230 NONE 0;0 0;0
231 NONE 0;0 0;0
232 NONE 0;0 0;0
233 NONE 0;0 0;0
234 NONE 0;0 0;0
235 NONE 0;0 0;0
236 NONE 0;0 0;0
237 NONE 0;0 0;0
238 NONE 0;0 0;0
239 NONE 0;0 0;0
240 NONE 0;0 0;0
241 NONE 0;0 0;0
242 NONE 0;0 0;0
243 NONE 0;0 0;0
244 NONE 0;0 0;0
245 NONE 0;0 0;0
246 NONE 0;0 0;0
247 NONE 0;0 0;0
248 NONE 0;0 0;0
249 NONE 0;0 0;0
250 NONE 0;0 0;0
251 NONE 0;0 0;0
252 NONE 0;0 0;0
253 NONE 0;0 0;0
254 NONE 0;0 0;0
255 NONE 0;0 0;0
256 NONE 0;0 0;0
257 NONE 0;0 0;0
258 NONE 0;0 0;0
259 NONE 0;0 0;0
260 NONE 0;0 0;0
261 NONE 0;0 0;0
262 NONE 0;0 0;0
263 NONE 0;0 0;0
264 NONE 0;0 0;0
265 NONE 0;0 0;0
266 NONE 0;0 0;0
267 NONE 0;0 0;0
268 NONE 0;0 0;0
269 NONE 0;0 0;0
270 NONE 0;0 0;0
271 NONE 0;0 0;0
272 NONE 0;0 0;0
273 NONE 0;0 0;0
274 NONE 0;0 0;0
275 NONE 0;0 0;0
276 NONE 0;0 0;0
277 NONE 0;0 0;0
278 NONE 0;0 0;0
279 NONE 0;0 0;0
280 NONE 0;0 0;0
281 NONE 0;0 0;0
282 NONE 0;0 0;0
283 NONE 0;0 0;0
284 NONE 0;0 0;0
285 NONE 0;0 0;0
286 NONE 0;0 0;0
287 NONE 0;0 0;0
288 NONE 0;0 0;0
289 NONE 0;0 0;0
290 NONE 0;0 0;0
291 NONE 0;0 0;0
292 NONE 0;0 0;0
293 NONE 0;0 0;0
294 NONE 0;0 0;0
295 NONE 0;0 0;0
296 NONE 0;0 0;0
297 NONE 0;0 0;0
298 NONE 0;0 0;0
299 NONE 0;0 0;0
300 NONE 0;0 0;0
301 NONE 0;0 0;0
302 NONE 0;0 0;0
303 NONE 0;0 0;0
304 NONE 0;0 0;0
305 NONE 0;0 0;0
306 NONE 0;0 0;0
307 NONE 0;0 0;0
308 NONE 0;0 0;0
309 NONE 0;0 0;0
310 NONE 0;0 0;0
311 NONE 0;0 0;0
312 NONE 0;0 0;0
313 NONE 0;0 0;0
314 NONE 0;0 0;0
315 NONE 0;0 0;0
316 NONE 0;0 0;0
317 NONE 0;0 0;0
318 NONE 0;0 0;0
319 NONE 0;0 0;0
320 NONE 0;0 0;0
321 NONE 0;0 0;0
322 NONE 0;0 0;0
323 NONE 0;0 0;0
324 NONE 0;0 0;0
325 NONE 0;0 0;0
326 NONE 0;0 0;0
327 NONE 0;0 0;0
328 NONE 0;0 0;0
329 NONE 0;0 0;0
330 NONE 0;0 0;0
331 NONE 0;0 0;0
332 NONE 0;0 0;0
333 NONE 0;0 0;0
334 NONE 0;0 0;0
335 NONE 0;0 0;0
336 NONE 0;0 0;0
337 NONE 0;0 0;0
338 NONE 0;0 0;0
339 NONE 0;0 0;0
340 NONE 0;0 0;0
341 NONE 0;0 0;0
342 NONE 0;0 0;0
343 NONE 0;0 0;0
344 NONE 0;0 0;0
345 NONE 0;0 0;0
346 NONE 0;0 0;0
347 NONE 0;0 0;0
348 NONE 0;0 0;0
349 NONE 0;0 0;0
350 NONE 0;0 0;0
351 NONE 0;0 0;0
352 NONE 0;0 0;0
353 NONE 0;0 0;0
354 NONE 0;0 0;0
355 NONE 0;0 0;0
356 NONE 0;0 0;0
357 NONE 0;0 0;0
358 NONE 0;0 0;0
359 NONE 0;0 0;0
360 NONE 0;0 0;0
361 NONE 0;0 0;0
362 NONE 0;0 0;0
363 NONE 0;0 0;0
364 NONE 0;0 0;0
365 NONE 0;0 0;0
366 NONE 0;0 0;0
367 NONE 0;0 0;0
368 NONE 0;0 0;0
369 NONE 0;0 0;0
370 NONE 0;0 0;0
371 NONE 0;0 0;0
372 NONE 0;0 0;0
373 NONE 0;0 0;0
374 NONE 0;0 0;0
375 NONE 0;0 0;0
376 NONE 0;0 0;0
377 NONE 0;0 0;0
378 NONE 32767;0 0;-32767
379 NONE -16383;28377 0;-32767
380 NONE -16383;-28377 0;-32767
381 NONE 32767;0 0;-32767
382 NONE -16383;28377 0;-32767
383 NONE -16383;-28377 0;-32767
384 NONE 32767;0 0;-32767
385 NONE -16383;28377 0;-32767
386 NONE -16383;-28377 0;-32767
387 NONE 32767;0 0;-32767
388 NONE -16383;28377 0;-32767
389 NONE -16383;-28377 0;-32767
390 NONE 32767;0 0;-32767
391 NONE -16383;28377 0;-32767
392 NONE -16383;-28377 0;-32767
393 NONE 32767;0 0;-32767
394 NONE -16383;28377 0;-32767
395 NONE -16383;-28377 0;-32767
396 NONE 32767;0 0;-32767
397 NONE -16383;28377 0;-32767
398 NONE -16383;-28377 0;-32767
399 NONE 32767;0 0;-32767
400 NONE -16383;28377 0;-32767
401 NONE -16383;-28377 0;-32767
402 NONE 32767;0 0;-32767
403 NONE -16383;28377 0;-32767
404 NONE -16383;-28377 0;-32767
405 NONE 32767;0 0;-32767
406 NONE -16383;28377 0;-32767
407 NONE -16383;-28377 0;-32767
408 NONE 32767;0 0;-32767
409 NONE -16383;28377 0;-32767
410 NONE 0;32767 0;-32767
411 NONE 0;32767 0;-32767
412 NONE 0;32767 0;-32767
413 NONE 0;32767 0;-32767
414 NONE 0;32767 0;-32767
415 NONE 0;32767 0;-32767
416 NONE 0;32767 0;-32767
417 NONE 0;32767 0;-32767
418 NONE 0;32767 0;-32767
419 NONE 0;32767 0;-32767
420 NONE 0;32767 0;-32767
421 NONE 0;32767 0;-32767
422 NONE 0;32767 0;-32767
423 NONE 0;32767 0;-32767
424 NONE 0;32767 0;-32767
425 NONE 0;32767 0;-32767
426 NONE 0;32767 0;-32767
427 NONE 0;32767 0;-32767
428 NONE 0;32767 0;-32767
429 NONE 0;32767 0;-32767
430 NONE 0;32767 0;-32767
431 NONE 0;32767 0;-32767
432 NONE 0;32767 0;-32767
433 NONE 0;32767 0;-32767
434 NONE 0;32767 0;-32767
435 KEY_A 0;32767 0;-32767
436 KEY_ZL 3993;32522 0;-32767
437 KEY_ZL 3993;32522 0;-32767
438 KEY_ZL 3993;32522 0;-32767
439 KEY_ZL 3993;32522 0;-32767
440 KEY_ZL 3993;32522 0;-32767
441 KEY_ZL 3993;32522 0;-32767
442 KEY_ZL 3993;32522 0;-32767
443 KEY_Y;KEY_ZL 3993;32522 0;-32767
444 KEY_Y 0;0 0;-32767
445 KEY_Y 0;0 0;-32767
446 KEY_Y 0;0 0;-32767
447 KEY_Y 0;0 0;-32767
448 KEY_Y 0;0 0;-32767
449 KEY_A;KEY_Y;KEY_L 3993;32522 0;-32767
450 KEY_Y -32522;3993 0;-32767
451 KEY_Y 3993;32522 0;-32767
452 KEY_Y 3993;32522 0;-32767
453 KEY_Y 3993;32522 0;-32767
454 KEY_Y 3993;32522 0;-32767
455 KEY_Y 3993;32522 0;-32767
456 KEY_Y 3993;32522 0;-32767
457 KEY_Y 3993;32522 0;-32767
458 KEY_Y 3993;32522 0;-32767
459 KEY_Y 3993;32522 0;-32767
460 KEY_Y 3993;32522 0;-32767
461 KEY_Y 3993;32522 0;-32767
462 KEY_Y 3993;32522 0;-32767
463 KEY_Y 3993;32522 0;-32767
464 KEY_Y 3993;32522 0;-32767
465 KEY_X -23570;22761 0;-32767
466 NONE -32522;3993 0;-32767
467 NONE -32522;3993 0;-32767
468 NONE -32522;3993 0;-32767
469 NONE -32522;3993 0;-32767
470 NONE -32522;3993 0;-32767
471 NONE -32522;3993 0;-32767
472 NONE -32522;3993 0;-32767
473 NONE -32522;3993 0;-32767
474 NONE -32522;3993 0;-32767
475 NONE -32522;3993 0;-32767
476 NONE -32522;3993 0;-32767
477 NONE -32522;3993 0;-32767
478 NONE -32522;3993 0;-32767
479 NONE -32522;3993 0;-32767
480 NONE -32522;3993 0;-32767
481 NONE -32522;3993 0;-32767
482 NONE -32522;3993 0;-32767
483 KEY_L -32522;3993 0;0
484 NONE -17363;27787 0;0
485 NONE -17363;27787 0;0
486 NONE -17363;27787 0;0
487 NONE -17363;27787 0;0
488 NONE -17363;27787 0;0
489 NONE -17363;27787 0;0
490 NONE -17363;27787 0;0
491 NONE -17363;27787 0;0
492 NONE -17363;27787 0;0
493 NONE -17363;27787 0;0
494 NONE -17363;27787 0;0
495 NONE -17363;27787 0;0
496 NONE -17363;27787 0;0
497 NONE -17363;27787 0;0
498 NONE -17363;27787 0;0
499 NONE -17363;27787 0;0
500 NONE -17363;27787 0;0
501 NONE -17363;27787 0;0
502 NONE -17363;27787 0;0
503 KEY_L;KEY_DDOWN 25820;20173 0;0
504 NONE 25820;20173 0;0
505 NONE 25820;20173 0;0
506 NONE 25820;20173 0;0
507 NONE 25820;20173 0;0
508 NONE 25820;20173 0;0
509 NONE 25820;20173 0;0
510 NONE 25820;20173 0;0
511 NONE 25820;20173 0;0
512 NONE 25820;20173 0;0
513 NONE 25820;20173 0;0
514 NONE 25820;20173 0;0
515 NONE 25820;20173 0;0
516 NONE 25820;20173 0;0
517 NONE 25820;20173 0;0
518 NONE 25820;20173 0;0
519 NONE 25820;20173 0;0
520 NONE 25820;20173 0;0
521 NONE 25820;20173 0;0
522 NONE 25820;20173 0;0
523 NONE 25820;20173 0;0
524 NONE 25820;20173 0;0
525 NONE 25820;20173 0;0
526 NONE 25820;20173 0;0
527 NONE 25820;20173 0;0
528 NONE 25820;20173 0;0
529 NONE 25820;20173 0;0
530 NONE 25820;20173 0;0
531 NONE 25820;20173 0;0
532 NONE 25820;20173 0;0
533 NONE 25820;20173 0;0
534 NONE 25820;20173 0;0
535 NONE 25820;20173 0;0
536 NONE 25820;20173 0;0
537 NONE 25820;20173 0;0
538 NONE 25820;20173 0;0
539 NONE 25820;20173 0;0
540 NONE 25820;20173 0;0
541 NONE 25820;20173 0;0
542 NONE 25820;20173 0;0
543 NONE 25820;20173 0;0
544 NONE 25820;20173 0;0
545 NONE 25820;20173 0;0
546 NONE 25820;20173 0;0
547 NONE 25820;20173 0;0
548 NONE 25820;20173 0;0
549 NONE 25820;20173 0;0
550 NONE 25820;20173 0;0
551 NONE 25820;20173 0;0
552 NONE 25820;20173 0;0
553 NONE 25820;20173 0;0
554 NONE -6158;-2241 0;0
555 NONE -6158;-2241 0;0
556 NONE -6158;-2241 0;0
557 NONE -13847;29696 0;0
558 NONE -13847;29696 0;0
559 NONE -13847;29696 0;0
560 KEY_L -13847;29696 0;0
561 NONE 29696;13847 0;0
562 NONE -13847;29696 0;0
563 NONE -13847;29696 0;0
564 NONE -13847;29696 0;0
565 NONE -13847;29696 0;0
566 NONE -13847;29696 0;0
567 NONE -13847;29696 0;0
568 NONE -13847;29696 0;0
569 NONE -13847;29696 0;0
570 NONE -13847;29696 0;0
571 NONE -13847;29696 0;0
572 NONE -13847;29696 0;0
573 NONE -13847;29696 0;0
574 NONE -13847;29696 0;0
575 KEY_Y -13847;29696 0;0
576 KEY_L -15885;28658 0;0
577 NONE -13847;29696 0;0
578 NONE -13847;29696 0;0
579 NONE -13847;29696 0;0
580 NONE -13847;29696 0;0
581 KEY_ZL -13847;29696 0;0
582 KEY_Y;KEY_ZL 0;0 0;0
583 KEY_ZL 0;0 0;0
584 KEY_ZL 0;0 0;0
585 KEY_ZL 0;0 0;0
586 KEY_ZL 0;0 0;0
587 KEY_ZL 0;0 0;0
588 KEY_ZL 0;0 0;0
589 KEY_ZL 0;0 0;0
590 KEY_ZL 0;0 0;0
591 KEY_ZL 0;0 0;0
592 KEY_ZL 0;0 0;0
593 KEY_ZL 0;0 0;0
594 KEY_ZL 0;0 0;0
595 KEY_ZL 0;0 0;0
596 KEY_ZL 0;0 0;0
597 KEY_ZL 0;0 0;0
598 KEY_ZL;KEY_L 0;0 0;0
599 KEY_ZL 0;0 0;0
600 KEY_ZL 0;0 0;0
601 KEY_ZL 0;0 0;0
602 KEY_ZL 0;0 0;0
603 KEY_ZL 0;0 0;0
604 KEY_ZL 0;0 0;0
605 KEY_ZL 0;0 0;0
606 KEY_ZL 0;0 0;0
607 KEY_ZL 0;0 0;0
608 KEY_ZL 0;0 0;0
609 KEY_ZL 0;0 0;0
610 KEY_ZL 0;0 0;0
611 KEY_ZL 0;0 0;0
612 KEY_ZL 0;0 0;0
613 KEY_ZL 0;0 0;0
614 KEY_ZL;KEY_L 0;0 0;0
615 KEY_ZL 0;0 0;0
616 KEY_ZL 0;0 0;0
617 KEY_ZL 0;0 0;0
618 KEY_ZL 0;0 0;0
619 KEY_ZL 0;0 0;0
620 KEY_ZL 0;0 0;0
621 KEY_ZL 0;0 0;0
622 KEY_ZL 0;0 0;0
623 KEY_ZL 0;0 0;0
624 KEY_ZL 0;0 0;0
625 KEY_ZL 0;0 0;0
626 KEY_ZL 0;0 0;0
627 KEY_ZL 0;0 0;0
628 KEY_ZL 0;0 0;0
629 KEY_ZL 0;0 0;0
630 KEY_ZL;KEY_L 0;0 0;0
631 KEY_ZL 0;0 0;0
632 KEY_ZL 0;0 0;0
633 KEY_ZL 0;0 0;0
634 KEY_ZL 0;0 0;0
635 KEY_ZL 0;0 0;0
636 KEY_ZL 0;0 0;0
637 KEY_ZL 0;0 0;0
638 KEY_ZL 0;0 0;0
639 KEY_ZL 0;0 0;0
640 KEY_ZL 0;0 0;0
641 KEY_ZL 0;0 0;0
642 KEY_ZL 0;0 0;0
643 KEY_ZL 0;0 0;0
644 KEY_ZL 0;0 0;0
645 KEY_ZL 0;0 0;0
646 KEY_ZL 0;0 0;0
647 KEY_A;KEY_L 0;0 0;0
648 NONE 29696;13847 0;0
649 NONE -13847;29696 0;0
650 NONE -13847;29696 0;0
651 NONE -13847;29696 0;0
652 NONE -13847;29696 0;0
653 NONE -13847;29696 0;0
654 NONE -13847;29696 0;0
655 NONE -13847;29696 0;0
656 NONE -13847;29696 0;0
657 NONE -13847;29696 0;0
658 NONE -13847;29696 0;0
659 NONE -13847;29696 0;0
660 NONE -13847;29696 0;0
661 NONE -13847;29696 0;0
662 KEY_Y -13847;29696 0;0
663 KEY_L -11849;30549 0;0
664 NONE -11849;30549 0;0
665 NONE -11849;30549 0;0
666 NONE -11849;30549 0;0
667 NONE -11849;30549 0;0
668 KEY_ZL -30790;11206 0;0
669 KEY_ZL;KEY_L -30790;11206 0;0
670 KEY_ZL -30790;11206 0;0
671 KEY_ZL -30790;11206 0;0
672 KEY_ZL -30790;11206 0;0
673 KEY_ZL -30790;11206 0;0
674 KEY_ZL -30790;11206 0;0
675 KEY_ZL -30790;11206 0;0
676 KEY_ZL -30790;11206 0;0
677 KEY_ZL -30790;11206 0;0
678 KEY_ZL -30790;11206 0;0
679 KEY_ZL -30790;11206 0;0
680 KEY_ZL -30790;11206 0;0
681 KEY_ZL -30790;11206 0;0
682 KEY_ZL -30790;11206 0;0
683 KEY_ZL -30790;11206 0;0
684 KEY_ZL -30790;11206 0;0
685 KEY_ZL;KEY_L -30790;11206 0;0
686 KEY_ZL 0;0 0;0
687 KEY_ZL 0;0 0;0
688 KEY_ZL 0;0 0;0
689 KEY_ZL 0;0 0;0
690 KEY_ZL 0;0 0;0
691 KEY_ZL 0;0 0;0
692 KEY_ZL 0;0 0;0
693 KEY_ZL 0;0 0;0
694 KEY_ZL 0;0 0;0
695 KEY_ZL 0;0 0;0
696 KEY_ZL 0;0 0;0
697 KEY_ZL 0;0 0;0
698 KEY_ZL 0;0 0;0
699 KEY_ZL 0;0 0;0
700 KEY_ZL 0;0 0;0
701 KEY_ZL;KEY_L 0;0 0;0
702 KEY_ZL 0;0 0;0
703 KEY_ZL 0;0 0;0
704 KEY_ZL 0;0 0;0
705 KEY_ZL 0;0 0;0
706 KEY_ZL 0;0 0;0
707 KEY_ZL 0;0 0;0
708 KEY_ZL 0;0 0;0
709 KEY_ZL 0;0 0;0
710 KEY_ZL 0;0 0;0
711 KEY_ZL 0;0 0;0
712 KEY_ZL 0;0 0;0
713 KEY_ZL 0;0 0;0
714 KEY_ZL 0;0 0;0
715 KEY_ZL 0;0 0;0
716 KEY_ZL 0;0 0;0
717 KEY_A;KEY_L 0;0 0;0
718 KEY_Y -32687;2285 0;0
719 KEY_Y -13847;29696 0;0
720 KEY_Y -13847;29696 0;0
721 KEY_Y -13847;29696 0;0
722 KEY_Y -32687;2285 0;0
723 KEY_Y -32687;2285 0;0
724 KEY_Y -32687;2285 0;0
725 KEY_Y -32687;2285 0;0
726 KEY_Y -32687;2285 0;0
727 KEY_Y -32687;2285 0;0
728 KEY_Y -32687;2285 0;0
729 KEY_Y -32687;2285 0;0
730 KEY_Y -32687;2285 0;0
731 KEY_A;KEY_Y -32687;2285 0;0
732 KEY_A;KEY_Y -32687;2285 0;0
733 KEY_A;KEY_Y -32687;2285 0;0
734 KEY_Y -32687;2285 0;0
735 KEY_Y -32687;2285 0;0
736 KEY_Y -32687;2285 0;0
737 KEY_Y -32687;2285 0;0
738 KEY_Y -32687;2285 0;0
739 KEY_Y -32687;2285 0;0
740 KEY_Y -32687;2285 0;0
741 KEY_Y -32687;2285 0;0
742 KEY_Y -32687;2285 0;0
743 KEY_Y -32687;2285 0;0
744 KEY_Y -32687;2285 0;0
745 KEY_Y 0;32767 0;0
746 KEY_Y 0;32767 0;0
747 KEY_Y 0;32767 0;0
748 KEY_Y 0;32767 0;0
749 KEY_Y 0;32767 0;0
750 KEY_Y 0;32767 0;0
751 KEY_Y 0;32767 0;0
752 KEY_Y 0;32767 0;0
753 KEY_Y 0;32767 0;0
754 KEY_Y 0;32767 0;0
755 KEY_Y 5125;32363 0;0
756 NONE 5125;32363 0;0
757 NONE 5125;32363 0;0
758 NONE 5125;32363 0;0
759 NONE 5125;32363 0;0
760 NONE 5125;32363 0;0
761 NONE 5125;32363 0;0
762 NONE 5125;32363 0;0
763 NONE 5125;32363 0;0
764 NONE 5125;32363 0;0
765 NONE 5125;32363 0;0
766 NONE 5125;32363 0;0
767 NONE 5125;32363 0;0
768 NONE 5125;32363 0;0
769 NONE 5125;32363 0;0
770 NONE 5125;32363 0;0
771 KEY_Y -26841;18794 0;0
772 NONE 5125;32363 0;0
773 NONE 5125;32363 0;0
774 NONE 5125;32363 0;0
775 NONE 5125;32363 0;0
776 NONE 5125;32363 0;0
777 NONE 5125;32363 0;0
778 NONE 5125;32363 0;0
779 NONE 5125;32363 0;0
780 NONE 5125;32363 0;0
781 NONE 5125;32363 0;0
782 NONE 5125;32363 0;0
783 NONE 5125;32363 0;0
784 NONE 5125;32363 0;0
785 NONE 5125;32363 0;0
786 NONE 5125;32363 0;0
787 NONE 5125;32363 0;0
788 NONE 5125;32363 0;0
789 NONE 5125;32363 0;0
790 NONE 5125;32363 0;0
791 NONE 5125;32363 0;0
792 NONE 5125;32363 0;0
793 NONE 5125;32363 0;0
794 NONE 5125;32363 0;0
795 NONE 5125;32363 0;0
796 NONE 5125;32363 0;0
797 NONE 5125;32363 0;0
798 NONE 5125;32363 0;0
799 NONE 5125;32363 0;0
800 NONE 5125;32363 0;0
801 NONE 5125;32363 0;0
802 NONE 5125;32363 0;0
803 NONE 5125;32363 0;0
804 NONE 5125;32363 0;0
805 NONE 5125;32363 0;0
806 NONE 5125;32363 0;0
807 NONE 5125;32363 0;0
808 NONE 5125;32363 0;0
809 NONE 5125;32363 0;0
810 NONE 5125;32363 0;0
811 NONE 5125;32363 0;0
812 NONE 5125;32363 0;0
813 NONE 5125;32363 0;0
814 NONE 5125;32363 0;0
815 NONE 5125;32363 0;0
816 NONE 5125;32363 0;0
817 NONE -1802;-3121 0;0
818 NONE -1802;-3121 0;0
819 NONE -1802;-3121 0;0
820 KEY_ZL -1802;-3121 0;0
821 KEY_Y;KEY_ZL 0;0 0;0
822 KEY_ZL 0;0 0;0
823 KEY_ZL 0;0 0;0
824 KEY_ZL 0;0 0;0
825 KEY_ZL 0;0 0;0
826 KEY_ZL 0;0 0;0
827 KEY_ZL 0;0 0;0
828 KEY_ZL 0;0 0;0
829 KEY_ZL 0;0 0;0
830 KEY_ZL 0;0 0;0
831 KEY_ZL 0;0 0;0
832 KEY_ZL 0;0 0;0
833 KEY_ZL 0;0 0;0
834 KEY_ZL 0;0 0;0
835 KEY_ZL 0;0 0;0
836 KEY_ZL 0;0 0;0
837 KEY_ZL 0;0 0;0
838 KEY_ZL 0;0 0;0
839 KEY_ZL 0;0 0;0
840 KEY_ZL;KEY_L 0;0 0;0
841 KEY_ZL 0;0 0;0
842 KEY_ZL 0;0 0;0
843 KEY_ZL 0;0 0;0
844 KEY_ZL 0;0 0;0
845 KEY_ZL 0;0 0;0
846 KEY_ZL 0;0 0;0
847 KEY_ZL 0;0 0;0
848 KEY_ZL 0;0 0;0
849 KEY_ZL 0;0 0;0
850 KEY_ZL 0;0 0;0
851 KEY_ZL 0;0 0;0
852 KEY_ZL 0;0 0;0
853 KEY_ZL 0;0 0;0
854 KEY_ZL 0;0 0;0
855 KEY_ZL 0;0 0;0
856 KEY_A;KEY_L 0;0 0;0
857 KEY_B;KEY_Y -5689;32269 0;0
858 KEY_B;KEY_Y -32587;3425 0;0
859 KEY_B;KEY_Y -32587;3425 0;0
860 KEY_B;KEY_Y -32587;3425 0;0
861 KEY_B;KEY_Y -32587;3425 0;0
862 KEY_B;KEY_Y -32587;3425 0;0
863 KEY_B;KEY_Y -32587;3425 0;0
864 KEY_B;KEY_Y -32587;3425 0;0
865 KEY_B;KEY_Y -32587;3425 0;0
866 KEY_B;KEY_Y -32587;3425 0;0
867 NONE -32587;3425 0;0
868 NONE -32587;3425 0;0
869 NONE -32587;3425 0;0
870 NONE -32587;3425 0;0
871 KEY_L -32587;3425 0;0
872 NONE -32587;3425 0;0
873 NONE -32587;3425 0;0
874 NONE -32587;3425 0;0
875 NONE -32587;3425 0;0
876 NONE 32767;0 0;0
877 NONE 29696;-13847 0;0
878 NONE 21062;-25100 0;0
879 NONE 21062;-25100 0;0
880 NONE 21062;-25100 0;0
881 NONE 21062;-25100 0;0
882 KEY_ZL 21062;-25100 0;0
883 KEY_Y;KEY_ZL 30790;11206 0;0
884 NONE 30790;11206 0;0
885 NONE 30790;11206 0;0
886 NONE 30790;11206 0;0
887 NONE 30790;11206 0;0
888 NONE 30790;11206 0;0
889 NONE 30790;11206 0;0
890 NONE 30790;11206 0;0
891 NONE 30790;11206 0;0
892 NONE 30790;11206 0;0
893 NONE 30790;11206 0;0
894 NONE 30790;11206 0;0
895 NONE 30790;11206 0;0
896 NONE 30790;11206 0;0
897 NONE 30790;11206 0;0
898 NONE 30790;11206 0;0
899 NONE 30790;11206 0;0
900 NONE 30790;11206 0;0
901 NONE 30790;11206 0;0
902 NONE 30790;11206 0;0
903 NONE 30790;11206 0;0
904 NONE 30790;11206 0;0
905 NONE 30790;11206 0;0
906 NONE 30790;11206 0;0
907 NONE 30790;11206 0;0
908 NONE 30790;11206 0;0
909 NONE 30790;11206 0;0
910 NONE -25100;21062 0;0
911 NONE -5689;-32269 0;0
912 NONE 30790;11206 0;0
913 NONE -25100;21062 0;0
914 NONE -5689;-32269 0;0
915 NONE 30790;11206 0;0
916 NONE -25100;21062 0;0
917 NONE -5689;-32269 0;0
918 NONE 30790;11206 0;0
919 NONE -25100;21062 0;0
920 NONE -5689;-32269 0;0
921 KEY_DDOWN 30790;11206 0;0
922 NONE 32642;2855 0;0
923 NONE -32767;0 0;0
924 NONE -32767;0 0;0
925 NONE -32767;0 0;0
926 NONE -32767;0 0;0
927 NONE -32767;0 0;0
928 NONE -32767;0 0;0
929 NONE -32767;0 0;0
930 NONE -32767;0 0;0
931 NONE -32767;0 0;0
932 NONE -32767;0 0;0
933 NONE -32767;0 0;0
934 NONE -32767;0 0;0
935 NONE -32767;0 0;0
936 NONE -32767;0 0;0
937 NONE -32767;0 0;0
938 NONE -32767;0 0;0
939 NONE -32767;0 0;0
940 NONE -32767;0 0;0
941 NONE -32767;0 0;0
942 NONE -32767;0 0;0
943 NONE -32767;0 0;0
944 NONE -32767;0 0;0
945 NONE -32767;0 0;0
946 NONE -32767;0 0;0
947 NONE -32767;0 0;0
948 NONE -32767;0 0;0
949 NONE -32767;0 0;0
950 KEY_A -32767;0 0;0
951 KEY_ZL -2000;32705 0;0
952 KEY_ZL -2000;32705 0;0
953 KEY_ZL -2000;32705 0;0
954 KEY_ZL -2000;32705 0;0
955 KEY_ZL -2000;32705 0;0
956 KEY_ZL -2000;32705 0;0
957 KEY_ZL -2000;32705 0;0
958 KEY_ZL;KEY_DUP -2000;32705 0;0
959 KEY_A;KEY_Y -32705;-2000 0;0
960 KEY_Y -32705;-2000 0;0
961 KEY_Y -32705;-2000 0;0
962 KEY_Y -32705;-2000 0;0
963 KEY_Y -32705;-2000 0;0
964 KEY_Y -32705;-2000 0;0
965 KEY_Y -32705;-2000 0;0
966 KEY_Y -32705;-2000 0;0
967 KEY_Y -32705;-2000 0;0
968 KEY_Y -32705;-2000 0;0
969 KEY_Y -32705;-2000 0;0
970 KEY_Y -32705;-2000 0;0
971 KEY_Y -32705;-2000 0;0
972 KEY_Y -32705;-2000 0;0
973 KEY_Y -32705;-2000 0;0
974 KEY_Y -32705;-2000 0;0
975 KEY_Y -32705;-2000 0;0
976 KEY_Y -32705;-2000 0;0
977 KEY_Y -32705;-2000 0;0
978 KEY_Y -32705;-2000 0;0
979 KEY_Y -32705;-2000 0;0
980 KEY_Y -32705;-2000 0;0
981 KEY_Y -32705;-2000 0;0
982 KEY_Y -32705;-2000 0;0
983 KEY_Y -32705;-2000 0;0
984 KEY_Y -32705;-2000 0;0
985 KEY_Y -32705;-2000 0;0
986 KEY_Y -32705;-2000 0;0
987 KEY_Y -32705;-2000 0;0
988 KEY_Y -32705;-2000 0;0
989 KEY_Y -32705;-2000 0;0
990 KEY_Y -32705;-2000 0;0
991 KEY_Y -32705;-2000 0;0
992 KEY_Y -32705;-2000 0;0
993 KEY_Y -32705;-2000 0;0
994 KEY_Y -32705;-2000 0;0
995 KEY_A -32642;2855 0;0
996 KEY_A -32642;2855 0;0
997 KEY_A -32642;2855 0;0
998 KEY_A -32642;2855 0;0
999 KEY_A;KEY_L -32642;2855 0;0
1000 KEY_A -16383;28377 0;0
1001 KEY_A -16383;28377 0;0
1002 KEY_A -16383;28377 0;0
1003 KEY_A -16383;28377 0;0
1004 KEY_A -16383;28377 0;0
1005 NONE -16383;28377 0;0
1006 NONE -16383;28377 0;0
1007 NONE -16383;28377 0;0
1008 NONE -16383;28377 0;0
1009 NONE -16383;28377 0;0
1010 NONE -16383;28377 0;0
1011 NONE -16383;28377 0;0
1012 NONE -16383;28377 0;0
1013 NONE -16383;28377 0;0
1014 NONE -16383;28377 0;0
1015 NONE -16383;28377 0;0
1016 NONE -16383;28377 0;0
1017 NONE -16383;28377 0;0
1018 NONE -16383;28377 0;0
1019 NONE -16383;28377 0;0
1020 NONE -16383;28377 0;0
1021 NONE -16383;28377 0;0
1022 NONE -16383;28377 0;0
1023 NONE -16383;28377 0;0
1024 NONE -16383;28377 0;0
1025 NONE -16383;28377 0;0
1026 NONE -16383;28377 0;0
1027 NONE -16383;28377 0;0
1028 NONE -16383;28377 0;0
1029 NONE -16383;28377 0;0
1030 NONE -16383;28377 0;0
1031 NONE -16383;28377 0;0
1032 NONE -16383;28377 0;0
1033 NONE -16383;28377 0;0
1034 NONE -16383;28377 0;0
1035 NONE -16383;28377 0;0
1036 NONE -16383;28377 0;0
1037 NONE -16383;28377 0;0
1038 NONE -16383;28377 0;0
1039 KEY_A -16383;28377 0;0
1040 NONE 0;0 0;0
1041 NONE 0;0 0;0
1042 NONE 0;0 0;0
1043 NONE 0;0 0;0
1044 NONE 0;0 0;0
1045 NONE 0;0 0;0
1046 NONE 0;0 0;0
1047 NONE 0;0 0;0
1048 NONE 0;0 0;0
1049 NONE 0;0 0;0
1050 NONE 0;0 0;0
1051 NONE 0;0 0;0
1052 NONE 0;0 0;0
1053 NONE 0;0 0;0
1054 NONE 0;0 0;0
1055 NONE 0;0 0;0
1056 NONE 0;0 0;0
1057 NONE 0;0 0;0
1058 NONE 0;0 0;0
1059 NONE 0;0 0;0
1060 NONE 0;0 0;0
1061 NONE 0;0 0;0
1062 NONE 0;0 0;0
1063 NONE 0;0 0;0
1064 NONE 0;0 0;0
1065 NONE 0;0 0;0
1066 NONE 0;0 0;0
1067 NONE 0;0 0;0
1068 NONE 0;0 0;0
1069 NONE 0;0 0;0
1070 NONE 0;0 0;0
1071 NONE 0;0 0;0
1072 NONE 0;0 0;0
1073 NONE 0;0 0;0
1074 NONE 0;0 0;0
1075 NONE 0;0 0;0
1076 NONE 0;0 0;0
1077 NONE 0;0 0;0
1078 NONE 0;0 0;0
1079 NONE 0;0 0;0
1080 NONE 0;0 0;0
1081 NONE 0;0 0;0
1082 NONE 0;0 0;0
1083 NONE 0;0 0;0
1084 NONE 0;0 0;0
1085 NONE 0;0 0;0
1086 NONE 0;0 0;0
1087 NONE 0;0 0;0
1088 NONE 0;0 0;0
1089 NONE 0;0 0;0
1090 NONE 0;0 0;0
1091 NONE 0;0 0;0
1092 NONE 0;0 0;0
1093 NONE 0;0 0;0
1094 NONE 0;0 0;0
1095 NONE 0;0 0;0
1096 NONE 0;0 0;0
1097 NONE 0;0 0;0
1098 NONE 0;0 0;0
1099 NONE 0;0 0;0
1100 NONE 0;0 0;0
1101 NONE 0;0 0;0
1102 NONE 0;0 0;0
1103 NONE 0;0 0;0
1104 NONE 0;0 0;0
1105 NONE 0;0 0;0
1106 NONE 0;0 0;0
1107 NONE 0;0 0;0
1108 NONE 0;0 0;0
1109 NONE 0;0 0;0
1110 NONE 0;0 0;0
1111 NONE 0;0 0;0
1112 NONE 0;0 0;0
1113 NONE 0;0 0;0
1114 NONE 0;0 0;0
1115 NONE 0;0 0;0
1116 NONE 0;0 0;0
1117 NONE 0;0 0;0
1118 NONE 0;0 0;0
1119 NONE 0;0 0;0
1120 NONE 0;0 0;0
1121 NONE 0;0 0;0
1122 NONE 0;0 0;0
1123 NONE 0;0 0;0
1124 NONE 0;0 0;0
1125 NONE 0;0 0;0
1126 NONE 0;0 0;0
1127 NONE 0;0 0;0
1128 NONE 0;0 0;0
1129 NONE 0;0 0;0
1130 NONE 0;0 0;0
1131 NONE 0;0 0;0
1132 NONE 0;0 0;0
1133 NONE 0;0 0;0
1134 NONE 0;0 0;0
1135 NONE 0;0 0;0
1136 NONE 0;0 0;0
1137 NONE 0;0 0;0
1138 NONE 0;0 0;0
1139 NONE 0;0 0;0
1140 NONE 0;0 0;0
1141 NONE 0;0 0;0
1142 NONE 0;0 0;0
1143 NONE 0;0 0;0
1144 NONE 0;0 0;0
1145 NONE 0;0 0;0
1146 NONE 0;0 0;0
1147 NONE 0;0 0;0
1148 NONE 0;0 0;0
1149 NONE 0;0 0;0
1150 NONE 0;0 0;0
1151 NONE 0;0 0;0
1152 NONE 0;0 0;0
1153 NONE 0;0 0;0
1154 NONE 0;0 0;0
1155 NONE 0;0 0;0
1156 NONE 0;0 0;0
1157 NONE 0;0 0;0
1158 NONE 0;0 0;0
1159 NONE 0;0 0;0
1160 NONE 0;0 0;0
1161 NONE 0;0 0;0
1162 NONE 0;0 0;0
1163 NONE 0;0 0;0
1164 NONE 0;0 0;0
1165 NONE 0;0 0;0
1166 NONE 0;0 0;0
1167 NONE 0;0 0;0
1168 NONE 0;0 0;0
1169 NONE 0;0 0;0
1170 NONE 0;0 0;0
1171 NONE 0;0 0;0
1172 NONE 0;0 0;0
1173 NONE 0;0 0;0
1174 NONE 0;0 0;0
1175 NONE 0;0 0;0
1176 NONE 0;0 0;0
1177 NONE 0;0 0;0
1178 NONE 0;0 0;0
1179 NONE 0;0 0;0
1180 NONE 0;0 0;0
1181 NONE 0;0 0;0
1182 NONE 0;0 0;0
1183 NONE 0;0 0;0
1184 NONE 0;0 0;0
1185 NONE 0;0 0;0
1186 NONE 0;0 0;0
1187 NONE 0;0 0;0
1188 NONE 0;0 0;0
1189 NONE 0;0 0;0
1190 NONE 0;0 0;0
1191 NONE 0;0 0;0
1192 NONE 0;0 0;0
1193 NONE 0;0 0;0
1194 NONE 0;0 0;0
1195 NONE 0;0 0;0
1196 NONE 0;0 0;0
1197 NONE 0;0 0;0
1198 NONE 0;0 0;0
1199 NONE 0;0 0;0
1200 NONE 0;0 0;0
1201 NONE 0;0 0;0
1202 NONE 0;0 0;0
1203 NONE 0;0 0;0
1204 NONE 0;0 0;0
1205 NONE 0;0 0;0
1206 NONE 0;0 0;0
1207 NONE 0;0 0;0
1208 NONE 0;0 0;0
1209 NONE 0;0 0;0
1210 NONE 0;0 0;0
1211 NONE 0;0 0;0
1212 NONE 0;0 0;0
1213 NONE 0;0 0;0
1214 NONE 0;0 0;0
1215 NONE 0;0 0;0
1216 NONE 0;0 0;0
1217 NONE 0;0 0;0
1218 NONE 0;0 0;0
1219 NONE 0;0 0;0
1220 NONE 0;0 0;0
1221 NONE 0;0 0;0
1222 NONE 0;0 0;0
1223 NONE 0;0 0;0
1224 NONE 0;0 0;0
1225 NONE 0;0 0;0
1226 NONE 0;0 0;0
1227 NONE 0;0 0;0
1228 NONE 0;0 0;0
1229 NONE 0;0 0;0
1230 NONE 0;0 0;0
1231 NONE 0;0 0;0
1232 NONE 0;0 0;0
1233 NONE 0;0 0;0
1234 NONE 0;0 0;0
1235 NONE 0;0 0;0
1236 NONE 0;0 0;0
1237 NONE 0;0 0;0
1238 NONE 0;0 0;0
1239 NONE 0;0 0;0
1240 NONE 0;0 0;0
1241 NONE 0;0 0;0
1242 NONE 0;0 0;0
1243 NONE 0;0 0;0
1244 NONE 0;0 0;0
1245 NONE 0;0 0;0
1246 NONE 0;0 0;0
1247 NONE 0;0 0;0
1248 NONE 0;0 0;0
1249 NONE 0;0 0;0
1250 NONE 0;0 0;0
1251 NONE 0;0 0;0
1252 NONE 0;0 0;0
1253 NONE 0;0 0;0
1254 NONE 0;0 0;0
1255 NONE 0;0 0;0
1256 NONE 0;0 0;0
1257 NONE 0;0 0;0
1258 NONE 0;0 0;0
1259 NONE 0;0 0;0
1260 NONE 0;0 0;0
1261 NONE 0;0 0;0
1262 NONE 0;0 0;0
1263 NONE 0;0 0;0
1264 NONE 0;0 0;0
1265 NONE 0;0 0;0
1266 NONE 0;0 0;0
1267 NONE 0;0 0;0
1268 NONE 0;0 0;0
1269 NONE 0;0 0;0
1270 NONE 0;0 0;0
1271 NONE 0;0 0;0
1272 NONE 0;0 0;0
1273 NONE 0;0 0;0
1274 NONE 0;0 0;0
1275 NONE 0;0 0;0
1276 NONE 0;0 0;0
1277 NONE 0;0 0;0
1278 NONE 0;0 0;0
1279 NONE 0;0 0;0
1280 NONE 0;0 0;0
1281 NONE 0;0 0;0
1282 NONE 0;0 0;0
1283 NONE 0;0 0;0
1284 NONE 0;0 0;0
1285 NONE 0;0 0;0
1286 NONE 0;0 0;0
1287 NONE 0;0 0;0
1288 NONE 0;0 0;0
1289 NONE 0;0 0;0
1290 NONE 0;0 0;0
1291 NONE 0;0 0;0
1292 NONE 0;0 0;0
1293 NONE 0;0 0;0
1294 NONE 0;0 0;0
1295 NONE 0;0 0;0
1296 NONE 0;0 0;0
1297 NONE 0;0 0;0
1298 NONE 0;0 0;0
1299 NONE 0;0 0;0
1300 NONE 0;0 0;0
1301 NONE 0;0 0;0
1302 NONE 0;0 0;0
1303 NONE 0;0 0;0
1304 NONE 0;0 0;0
1305 NONE 0;0 0;0
1306 NONE 0;0 0;0
1307 NONE 0;0 0;0
1308 NONE 0;0 0;0
1309 NONE 0;0 0;0
1310 NONE 0;0 0;0
1311 NONE 0;0 0;0
1312 NONE 0;0 0;0
1313 NONE 0;0 0;0
1314 NONE 0;0 0;0
1315 NONE 0;0 0;0
1316 NONE 0;0 0;0
1317 NONE 0;0 0;0
1318 NONE 0;0 0;0
1319 NONE 0;0 0;0
1320 NONE 0;0 0;0
1321 NONE 0;0 0;0
1322 NONE 0;0 0;0
1323 NONE 0;0 0;0
1324 NONE 0;0 0;0
1325 NONE 0;0 0;0
1326 NONE 0;0 0;0
1327 NONE 0;0 0;0
1328 NONE 0;0 0;0
1329 NONE 0;0 0;0
1330 NONE 0;0 0;0
1331 NONE 0;0 0;0
1332 NONE 0;0 0;0
1333 NONE 0;0 0;0
1334 NONE 0;0 0;0
1335 NONE 0;0 0;0
1336 NONE 0;0 0;0
1337 NONE 0;0 0;0
1338 NONE 0;0 0;0
1339 NONE 0;0 0;0
1340 NONE 0;0 0;0
1341 NONE 0;0 0;0
1342 NONE 0;0 0;0
1343 NONE 0;0 0;0
1344 NONE 0;0 0;0
1345 NONE 0;0 0;0
1346 NONE 0;0 0;0
1347 NONE 0;0 0;0
1348 NONE 0;0 0;0
1349 NONE 0;0 0;0
1350 NONE 0;0 0;0
1351 NONE 0;0 0;0
1352 NONE 0;0 0;0
1353 NONE 0;0 0;0
1354 NONE 0;0 0;0
1355 NONE 0;0 0;0
1356 NONE 0;0 0;0
1357 NONE 0;0 0;0
1358 NONE 0;0 0;0
1359 NONE 0;0 0;0
1360 NONE 0;0 0;0
1361 NONE 0;0 0;0
1362 NONE 0;0 0;0
1363 NONE 0;0 0;0
1364 NONE 0;0 0;0
1365 NONE 0;0 0;0
1366 NONE 0;0 0;0
1367 NONE 0;0 0;0
1368 NONE 0;0 0;0
1369 NONE 0;0 0;0
1370 NONE 0;0 0;0
1371 NONE 0;0 0;0
1372 NONE 0;0 0;0
1373 NONE 0;0 0;0
1374 NONE 0;0 0;0
1375 NONE 0;0 0;0
1376 NONE 0;0 0;0
1377 NONE 0;0 0;0
1378 NONE 0;0 0;0
1379 NONE 0;0 0;0
1380 NONE 0;0 0;0
1381 NONE 0;0 0;0
1382 NONE 0;0 0;0
1383 NONE 0;0 0;0
1384 NONE 0;0 0;0
1385 NONE 0;0 0;0
1386 NONE 0;0 0;0
1387 NONE 0;0 0;0
1388 NONE 0;0 0;0
1389 NONE 0;0 0;0
1390 NONE 0;0 0;0
1391 NONE 0;0 0;0
1392 NONE 0;0 0;0
1393 NONE 0;0 0;0
1394 NONE 0;0 0;0
1395 NONE 0;0 0;0
1396 NONE 0;0 0;0
1397 NONE 0;0 0;0
1398 NONE 0;0 0;0
1399 NONE 0;0 0;0
1400 NONE 0;0 0;0
1401 NONE 0;0 0;0
1402 NONE 0;0 0;0
1403 NONE 0;0 0;0
1404 NONE 0;0 0;0
1405 NONE 0;0 0;0
1406 NONE 0;0 0;0
1407 NONE 0;0 0;0
1408 NONE 0;0 0;0
1409 NONE 0;0 0;0
1410 NONE 0;0 0;0
1411 NONE 0;0 0;0
1412 NONE 0;0 0;0
1413 NONE 0;0 0;0
1414 NONE 0;0 0;0
1415 NONE 0;0 0;0
1416 NONE 0;0 0;0
1417 NONE 0;0 0;0
1418 NONE 0;0 0;0
1419 NONE 0;0 0;0
1420 NONE 0;0 0;0
1421 NONE 0;0 0;0
1422 NONE 0;0 0;0
1423 NONE 0;0 0;0
1424 NONE 0;0 0;0
1425 NONE 0;0 0;0
1426 NONE 0;0 0;0
1427 NONE 0;0 0;0
1428 NONE 0;0 0;0
1429 NONE 0;0 0;0
1430 NONE 0;0 0;0
1431 NONE 0;0 0;0
1432 NONE 0;0 0;0
1433 NONE 0;0 0;0
1434 NONE 0;0 0;0
1435 NONE 0;0 0;0
1436 NONE 0;0 0;0
1437 NONE 0;0 0;0
1438 NONE 0;0 0;0
1439 NONE 0;0 0;0
1440 NONE 0;0 0;0
1441 NONE 0;0 0;0
1442 NONE 0;0 0;0
1443 NONE 0;0 0;0
1444 NONE 0;0 0;0
1445 NONE 0;0 0;0
1446 NONE 0;0 0;0
1447 NONE 0;0 0;0
1448 NONE 0;0 0;0
1449 NONE 0;0 0;0
1450 NONE 0;0 0;0
1451 NONE 0;0 0;0
1452 NONE 0;0 0;0
1453 NONE 0;0 0;0
1454 NONE 0;0 0;0
1455 NONE 0;0 0;0
1456 NONE 0;0 0;0
1457 NONE 0;0 0;0
1458 NONE 0;0 0;0
1459 NONE 0;0 0;0
1460 NONE 0;0 0;0
1461 NONE 0;0 0;0
1462 NONE 0;0 0;0
1463 NONE 0;0 0;0
1464 NONE 0;0 0;0
1465 NONE 0;0 0;0
1466 NONE 0;0 0;0
1467 NONE 0;0 0;0
1468 NONE 0;0 0;0
1469 NONE 0;0 0;0
1470 NONE 0;0 0;0
1471 NONE 0;0 0;0
1472 NONE 0;0 0;0
1473 NONE 0;0 0;0
1474 NONE 0;0 0;0
1475 NONE 0;0 0;0
1476 NONE 0;0 0;0
1477 NONE 0;0 0;0
1478 NONE 0;0 0;0
1479 NONE 0;0 0;0
1480 NONE 0;0 0;0
1481 NONE 0;0 0;0
1482 NONE 0;0 0;0
1483 NONE 0;0 0;0
1484 NONE 0;0 0;0
1485 NONE 0;0 0;0
1486 NONE 0;0 0;0
1487 NONE 0;0 0;0
1488 NONE 0;0 0;0
1489 NONE 0;0 0;0
1490 NONE 0;0 0;0
1491 NONE 0;0 0;0
1492 NONE 0;0 0;0
1493 NONE 0;0 0;0
1494 NONE 0;0 0;0
1495 NONE 0;0 0;0
1496 NONE 0;0 0;0
1497 NONE 0;0 0;0
1498 NONE 9913;30784 0;0
1499 NONE 9913;30784 0;0
1500 NONE 9913;30784 0;0
1501 NONE 9913;30784 0;0
1502 NONE 9913;30784 0;0
1503 NONE 9913;30784 0;0
1504 NONE 9913;30784 0;0
1505 NONE 9913;30784 0;0
1506 NONE 9913;30784 0;0
1507 NONE 9913;30784 0;0
1508 NONE 9913;30784 0;0
1509 NONE 9913;30784 0;0
1510 NONE 9913;30784 0;0
1511 NONE 9913;30784 0;0
1512 NONE 9913;30784 0;0
1513 NONE 9913;30784 0;0
1514 NONE 9913;30784 0;0
1515 NONE 9913;30784 0;0
1516 NONE 9913;30784 0;0
1517 NONE 9913;30784 0;0
1518 NONE 9913;30784 0;0
1519 NONE 9913;30784 0;0
1520 NONE 9913;30784 0;0
1521 NONE 9913;30784 0;0
1522 NONE 9913;30784 0;0
1523 NONE 9913;30784 0;0
1524 NONE 9913;30784 0;0
1525 NONE 9913;30784 0;0
1526 NONE 9913;30784 0;0
1527 NONE 9913;30784 0;0
1528 NONE 9913;30784 0;0
1529 NONE 9913;30784 0;0
1530 NONE 9913;30784 0;0
1531 NONE 9913;30784 0;0
1532 NONE 9913;30784 0;0
1533 NONE 9913;30784 0;0
1534 NONE 9913;30784 0;0
1535 NONE 9913;30784 0;0
1536 NONE 9913;30784 0;0
1537 NONE 9913;30784 0;0
1538 NONE 9913;30784 0;0
1539 NONE 9913;30784 0;0
1540 NONE 0;0 0;0
1541 NONE 0;0 0;0
1542 NONE 0;0 0;0
1543 NONE 0;0 0;0
1544 NONE 0;0 0;0
1545 NONE 0;0 0;0
1546 NONE 0;0 0;0
1547 NONE 0;0 0;0
1548 NONE 0;0 0;0
1549 NONE 0;0 0;0
1550 NONE 0;0 0;0
1551 NONE 0;0 0;0
1552 NONE 0;0 0;0
1553 NONE 0;0 0;0
1554 NONE 0;0 0;0
1555 NONE 0;0 0;0
1556 NONE 0;0 0;0
1557 NONE 0;0 0;0
1558 NONE 0;0 0;0
1559 NONE 0;0 0;0
1560 NONE 0;0 0;0
1561 NONE 0;0 0;0
1562 NONE 0;0 0;0
1563 NONE 0;0 0;0
1564 NONE 0;0 0;0
1565 NONE 0;0 0;0
1566 NONE 0;0 0;0
1567 NONE 0;0 0;0
1568 NONE 0;0 0;0
1569 NONE 0;0 0;0
1570 NONE 0;0 0;0
1571 NONE 0;0 0;0
1572 NONE 0;0 0;0
1573 NONE 0;0 0;0
1574 NONE 0;0 0;0
1575 NONE 0;0 0;0
1576 NONE 0;0 0;0
1577 NONE 0;0 0;0
1578 NONE 0;0 0;0
1579 NONE 0;0 0;0
1580 KEY_DUP 0;0 0;0
1581 NONE 6118;-2348 0;0
1582 KEY_R 0;0 0;0
1583 NONE 0;0 0;0
1584 NONE 0;0 0;0
1585 NONE 0;0 0;0
1586 NONE 0;0 0;0
1587 NONE 0;0 0;0
1588 KEY_A 0;0 0;0
1589 KEY_A 0;0 0;0
1590 KEY_A 0;0 0;0
1591 KEY_A 0;0 0;0
1592 KEY_A 0;0 0;0
1593 KEY_A 0;0 0;0
1594 KEY_A 0;0 0;0
1595 KEY_A 0;0 0;0
1596 KEY_ZL 0;0 0;0
1597 NONE 0;0 0;0
1598 NONE 0;0 0;0
1599 NONE 0;0 0;0
1600 NONE 0;0 0;0
1601 NONE 0;0 0;0
1602 NONE 0;0 0;0
1603 NONE 0;0 0;0
1604 NONE 0;0 0;0
1605 NONE 0;0 0;0
1606 NONE 0;0 0;0
1607 NONE 0;0 0;0
1608 NONE 0;0 0;0
1609 NONE 0;0 0;0
1610 NONE 0;0 0;0
1611 NONE 0;0 0;0
1612 NONE 0;0 0;0
1613 NONE 0;0 0;0
1614 NONE 0;0 0;0
1615 NONE 0;0 0;0
1616 NONE 0;0 0;0
1617 NONE 0;0 0;0
1618 NONE 0;0 0;0
1619 NONE 0;0 0;0
1620 NONE 0;0 0;0
1621 NONE 0;0 0;0
1622 NONE 0;0 0;0
1623 NONE 0;0 0;0
1624 NONE 0;0 0;0
1625 NONE 0;0 0;0
1626 NONE 0;0 0;0
1627 NONE 0;0 0;0
1628 NONE 0;0 0;0
1629 NONE 0;0 0;0
1630 NONE 0;0 0;0
1631 NONE 0;0 0;0
1632 NONE 0;0 0;0
1633 NONE 0;0 0;0
1634 NONE 0;0 0;0
1635 NONE 0;0 0;0
1636 NONE 0;0 0;0
1637 NONE 0;0 0;0
1638 NONE 0;0 0;0
1639 NONE 0;0 0;0
1640 NONE 0;0 0;0
1641 NONE 0;0 0;0
1642 NONE 0;0 0;0
1643 NONE 0;0 0;0
1644 NONE 0;0 0;0
1645 NONE 0;0 0;0
1646 NONE 0;0 0;0
1647 NONE 0;0 0;0
1648 NONE 0;0 0;0
1649 NONE 0;0 0;0
1650 NONE 0;0 0;0
1651 NONE 0;0 0;0
1652 NONE 0;0 0;0
1653 NONE 0;0 0;0
1654 NONE 0;0 0;0
1655 NONE 0;0 0;0
1656 NONE 0;0 0;0
1657 NONE 0;0 0;0
1658 NONE 0;0 0;0
1659 NONE 0;0 0;0
1660 NONE 0;0 0;0
1661 NONE 0;0 0;0
1662 NONE 0;0 0;0
1663 NONE 0;0 0;0
1664 NONE 0;0 0;0
1665 NONE 0;0 0;0
1666 NONE 0;0 0;0
1667 NONE 0;0 0;0
1668 NONE 0;0 0;0
1669 NONE 0;0 0;0
1670 NONE 0;0 0;0
1671 NONE 0;0 0;0
1672 NONE 0;0 0;0
1673 NONE 0;0 0;0
1674 NONE 0;0 0;0
1675 NONE 0;0 0;0
1676 NONE 0;0 0;0
1677 NONE 0;0 0;0
1678 NONE 0;0 0;0
1679 NONE 0;0 0;0
1680 NONE 0;0 0;0
1681 NONE 0;0 0;0
1682 NONE 0;0 0;0
1683 NONE 0;0 0;0
1684 NONE 0;0 0;0
1685 NONE 0;0 0;0
1686 NONE 0;0 0;0
1687 NONE 0;0 0;0
1688 NONE 0;0 0;0
1689 NONE 0;0 0;0
1690 NONE 0;0 0;0
1691 NONE 0;0 0;0
1692 NONE 0;0 0;0
1693 NONE 0;0 0;0
1694 NONE 0;0 0;0
1695 NONE 0;0 0;0
1696 NONE 0;0 0;0
1697 NONE 0;0 0;0
1698 NONE 0;0 0;0
1699 NONE 0;0 0;0
1700 NONE 0;0 0;0
1701 NONE 0;0 0;0
1702 NONE 0;0 0;0
1703 NONE 0;0 0;0
1704 NONE 0;0 0;0
1705 NONE 0;0 0;0
1706 NONE 0;0 0;0
1707 NONE 0;0 0;0
1708 NONE 0;0 0;0
1709 NONE 0;0 0;0
1710 NONE 0;0 0;0
1711 NONE 0;0 0;0
1712 NONE 0;0 0;0
1713 NONE 0;0 0;0
1714 NONE 0;0 0;0
1715 NONE 0;0 0;0
1716 NONE 0;0 0;0
1717 NONE 0;0 0;0
1718 NONE 0;0 0;0
1719 NONE 0;0 0;0
1720 NONE 0;0 0;0
1721 NONE 0;0 0;0
1722 NONE 0;0 0;0
1723 NONE 0;0 0;0
1724 NONE 0;0 0;0
1725 NONE 0;0 0;0
1726 NONE 0;0 0;0
1727 NONE 0;0 0;0
1728 NONE 0;0 0;0
1729 NONE 0;0 0;0
1730 NONE 0;0 0;0
1731 NONE 0;0 0;0
1732 NONE 0;0 0;0
1733 NONE 0;0 0;0
1734 NONE 0;0 0;0
1735 NONE 0;0 0;0
1736 NONE 0;0 0;0
1737 NONE 0;0 0;0
1738 NONE 0;0 0;0
1739 NONE 0;0 0;0
1740 NONE 0;0 0;0
1741 NONE 0;0 0;0
1742 NONE 0;0 0;0
1743 NONE 0;0 0;0
1744 NONE 0;0 0;0
1745 NONE 0;0 0;0
1746 NONE 0;0 0;0
1747 NONE 0;0 0;0
1748 NONE 0;0 0;0
1749 NONE 0;0 0;0
1750 NONE 0;0 0;0
1751 NONE 0;0 0;0
1752 NONE 0;0 0;0
1753 NONE 0;0 0;0
1754 NONE 0;0 0;0
1755 NONE 0;0 0;0
1756 NONE 0;0 0;0
1757 NONE 0;0 0;0
1758 NONE 0;0 0;0
1759 NONE 0;0 0;0
1760 NONE 0;0 0;0
1761 NONE 0;0 0;0
1762 NONE 0;0 0;0
1763 NONE 0;0 0;0
1764 NONE 0;0 0;0
1765 NONE 0;0 0;0
1766 NONE 0;0 0;0
1767 NONE 0;0 0;0
1768 NONE 0;0 0;0
1769 NONE 0;0 0;0
1770 NONE 0;0 0;0
1771 NONE 0;0 0;0
1772 NONE 0;0 0;0
1773 NONE 0;0 0;0
1774 NONE 0;0 0;0
1775 NONE 0;0 0;0
1776 NONE 0;0 0;0
1777 NONE 0;0 0;0
1778 NONE 0;0 0;0
1779 NONE 0;0 0;0
1780 NONE 0;0 0;0
1781 NONE 0;0 0;0
1782 NONE 0;0 0;0
1783 NONE 0;0 0;0
1784 NONE 0;0 0;0
1785 NONE 0;0 0;0
1786 NONE 0;0 0;0
1787 NONE 0;0 0;0
1788 NONE 0;0 0;0
1789 NONE 0;0 0;0
1790 NONE 0;0 0;0
1791 NONE 0;0 0;0
1792 NONE 0;0 0;0
1793 NONE 0;0 0;0
1794 NONE 0;0 0;0
1795 NONE 0;0 0;0
1796 NONE 0;0 0;0
1797 NONE 0;0 0;0
1798 NONE 0;0 0;0
1799 NONE 0;0 0;0
1800 NONE 0;0 0;0
1801 NONE 0;0 0;0
1802 NONE 0;0 0;0
1803 NONE 0;0 0;0
1804 NONE 0;0 0;0
1805 NONE 0;0 0;0
1806 NONE 0;0 0;0
1807 NONE 0;0 0;0
1808 NONE 0;0 0;0
1809 NONE 0;0 0;0
1810 NONE 0;0 0;0
1811 NONE 0;0 0;0
1812 NONE 0;0 0;0
1813 NONE 0;0 0;0
1814 NONE 0;0 0;0
1815 NONE 0;0 0;0
1816 NONE 0;0 0;0
1817 NONE 0;0 0;0
1818 NONE 0;0 0;0
1819 NONE 0;0 0;0
1820 NONE 0;0 0;0
1821 NONE 0;0 0;0
1822 NONE 0;0 0;0
1823 NONE 0;0 0;0
1824 NONE 0;0 0;0
1825 NONE 0;0 0;0
1826 NONE 0;0 0;0
1827 NONE 0;0 0;0
1828 NONE 0;0 0;0
1829 NONE 0;0 0;0
1830 NONE 0;0 0;0
1831 NONE 0;0 0;0
1832 NONE 0;0 0;0
1833 NONE 0;0 0;0
1834 NONE 0;0 0;0
1835 NONE 0;0 0;0
1836 NONE 0;0 0;0
1837 NONE 0;0 0;0
1838 NONE 0;0 0;0
1839 NONE 0;0 0;0
1840 NONE 0;0 0;0
1841 NONE 0;0 0;0
1842 NONE 0;0 0;0
1843 NONE 0;0 0;0
1844 NONE 0;0 0;0
1845 NONE 0;0 0;0
1846 NONE 0;0 0;0
1847 NONE 0;0 0;0
1848 NONE 0;0 0;0
1849 NONE 0;0 0;0
1850 NONE 0;0 0;0
1851 NONE 0;0 0;0
1852 NONE 0;0 0;0
1853 NONE 0;0 0;0
1854 NONE 0;0 0;0
1855 NONE 0;0 0;0
1856 NONE 0;0 0;0
1857 NONE 0;0 0;0
1858 NONE 0;0 0;0
1859 NONE 0;0 0;0
1860 NONE 0;0 0;0
1861 NONE 0;0 0;0
1862 NONE 0;0 0;0
1863 NONE 0;0 0;0
1864 NONE 0;0 0;0
1865 NONE 0;0 0;0
1866 NONE 0;0 0;0
1867 NONE 0;0 0;0
1868 NONE 0;0 0;0
1869 NONE 0;0 0;0
1870 NONE 0;0 0;0
1871 NONE 0;0 0;0
1872 NONE 0;0 0;0
1873 NONE 0;0 0;0
1874 NONE 0;0 0;0
1875 NONE 0;0 0;0
1876 NONE 0;0 0;0
1877 NONE 0;0 0;0
1878 NONE 0;0 0;0
1879 NONE 0;0 0;0
1880 NONE 0;0 0;0
1881 NONE 0;0 0;0
1882 NONE 0;0 0;0
1883 NONE 0;0 0;0
1884 NONE 0;0 0;0
1885 NONE 0;0 0;0
1886 NONE 0;0 0;0
1887 NONE 0;0 0;0
1888 NONE 0;0 0;0
1889 NONE 0;0 0;0
1890 NONE 0;0 0;0
1891 NONE 0;0 0;0
1892 NONE 0;0 0;0
1893 NONE 0;0 0;0
1894 NONE 0;0 0;0
1895 NONE 0;0 0;0
1896 NONE 0;0 0;0
1897 NONE 0;0 0;0
1898 NONE 0;0 0;0
1899 NONE 0;0 0;0
1900 NONE 0;0 0;0
1901 NONE 0;0 0;0
1902 NONE 0;0 0;0
1903 NONE 0;0 0;0
1904 NONE 0;0 0;0
1905 NONE 0;0 0;0
1906 NONE 0;0 0;0
1907 NONE 0;0 0;0
1908 NONE 0;0 0;0
1909 NONE 0;0 0;0
1910 NONE 0;0 0;0
1911 NONE 0;0 0;0
1912 NONE 0;0 0;0
1913 NONE 0;0 0;0
1914 NONE 0;0 0;0
1915 NONE 0;0 0;0
1916 NONE 0;0 0;0
1917 NONE 0;0 0;0
1918 NONE 0;0 0;0
1919 NONE 0;0 0;0
1920 NONE 0;0 0;0
1921 NONE 0;0 0;0
1922 NONE 0;0 0;0
1923 NONE 0;0 0;0
1924 NONE 0;0 0;0
1925 NONE 0;0 0;0
1926 NONE 0;0 0;0
1927 NONE 0;0 0;0
1928 NONE 0;0 0;0
1929 NONE 0;0 0;0
1930 NONE 0;0 0;0
1931 NONE 0;0 0;0
1932 NONE 0;0 0;0
1933 NONE 0;0 0;0
1934 NONE 0;0 0;0
1935 NONE 0;0 0;0
1936 NONE 0;0 0;0
1937 NONE 0;0 0;0
1938 NONE 0;0 0;0
1939 NONE 0;0 0;0
1940 NONE 0;0 0;0
1941 NONE 0;0 0;0
1942 NONE 0;0 0;0
1943 NONE 0;0 0;0
1944 NONE 0;0 0;0
1945 NONE 0;0 0;0
1946 NONE 0;0 0;0
1947 NONE 0;0 0;0
1948 NONE 0;0 0;0
1949 NONE 0;0 0;0
1950 NONE 0;0 0;0
1951 NONE 0;0 0;0
1952 NONE 0;0 0;0
1953 NONE 0;0 0;0
1954 NONE 0;0 0;0
1955 NONE 0;0 0;0
1956 NONE 0;0 0;0
1957 NONE 0;0 0;0
1958 NONE 0;0 0;0
1959 NONE 0;0 0;0
1960 NONE 0;0 0;0
1961 NONE 0;0 0;0
1962 NONE 0;0 0;0
1963 NONE 0;0 0;0
1964 NONE 0;0 0;0
1965 NONE 0;0 0;0
1966 NONE 0;0 0;0
1967 NONE 0;0 0;0
1968 NONE 0;0 0;0
1969 NONE 0;0 0;0
1970 NONE 0;0 0;0
1971 NONE 0;0 0;0
1972 NONE 0;0 0;0
1973 NONE 0;0 0;0
1974 NONE 0;0 0;0
1975 NONE 0;0 0;0
1976 NONE 0;0 0;0
1977 NONE 0;0 0;0
1978 NONE 0;0 0;0
1979 NONE 0;0 0;0
1980 NONE 0;0 0;0
1981 NONE 0;0 0;0
1982 NONE 0;0 0;0
1983 NONE 0;0 0;0
1984 NONE 0;0 0;0
1985 NONE 0;0 0;0
1986 NONE 0;0 0;0
1987 NONE 0;0 0;0
1988 NONE 0;0 0;0
1989 NONE 0;0 0;0
1990 NONE 0;0 0;0
1991 NONE 0;0 0;0
1992 NONE 0;0 0;0
1993 NONE 0;0 0;0
1994 NONE 0;0 0;0
1995 NONE 0;0 0;0
1996 NONE 0;0 0;0
1997 NONE 0;0 0;0
1998 NONE 0;0 0;0
1999 NONE 0;0 0;0
2000 NONE 0;0 0;0
2001 NONE 0;0 0;0
2002 NONE 0;0 0;0
2003 NONE 0;0 0;0
2004 NONE 0;0 0;0
2005 NONE 0;0 0;0
2006 NONE 0;0 0;0
2007 NONE 0;0 0;0
2008 NONE 0;0 0;0
2009 NONE 0;0 0;0
2010 NONE 0;0 0;0
2011 NONE 0;0 0;0
2012 NONE 0;0 0;0
2013 NONE 0;0 0;0
2014 NONE 0;0 0;0
2015 NONE 0;0 0;0
2016 NONE 0;0 0;0
2017 NONE 0;0 0;0
2018 NONE 0;0 0;0
2019 NONE 0;0 0;0
2020 NONE 0;0 0;0
2021 NONE 0;0 0;0
2022 NONE 0;0 0;0
2023 NONE 0;0 0;0
2024 NONE 0;0 0;0
2025 NONE 0;0 0;0
2026 NONE 0;0 0;0
2027 NONE 0;0 0;0
2028 NONE 0;0 0;0
2029 NONE 0;0 0;0
2030 NONE 0;0 0;0
2031 NONE 0;0 0;0
2032 NONE 0;0 0;0
2033 NONE 0;0 0;0
2034 NONE 0;0 0;0
2035 NONE 0;0 0;0
2036 NONE 0;0 0;0
2037 NONE 0;0 0;0
2038 NONE 0;0 0;0
2039 NONE 0;0 0;0
2040 NONE 32767;0 0;0
2041 NONE -16383;28377 0;0
2042 NONE -16383;-28377 0;0
2043 NONE 32767;0 0;0
2044 NONE -16383;28377 0;0
2045 NONE -16383;-28377 0;0
2046 NONE 32767;0 0;0
2047 NONE -16383;28377 0;0
2048 NONE -16383;-28377 0;0
2049 NONE 32767;0 0;0
2050 NONE -16383;28377 0;0
2051 NONE -16383;-28377 0;0
2052 NONE 32767;0 0;0
2053 NONE -16383;28377 0;0
2054 NONE -16383;-28377 0;0
2055 NONE 32767;0 0;0
2056 NONE -16383;28377 0;0
2057 NONE -16383;-28377 0;0
2058 NONE 32767;0 0;0
2059 NONE -16383;28377 0;0
2060 NONE 0;32767 0;0
2061 NONE 0;32767 0;0
2062 NONE 0;32767 0;0
2063 NONE 0;32767 0;0
2064 NONE 0;32767 0;0
2065 NONE 0;32767 0;0
2066 NONE 0;32767 0;0
2067 NONE 0;32767 0;0
2068 NONE 0;32767 0;0
2069 NONE 0;32767 0;0
2070 NONE 0;32767 0;0
2071 NONE 0;32767 0;0
2072 NONE 0;32767 0;0
2073 NONE 0;32767 0;0
2074 NONE 0;32767 0;0
2075 NONE 0;32767 0;0
2076 NONE 0;32767 0;0
2077 NONE 0;32767 0;0
2078 KEY_A 0;32767 0;0
2079 KEY_ZL 0;32767 0;0
2080 KEY_ZL 0;32767 0;0
2081 KEY_ZL 0;32767 0;0
2082 KEY_ZL 0;32767 0;0
2083 KEY_ZL 0;32767 0;0
2084 KEY_ZL 0;32767 0;0
2085 KEY_ZL 0;32767 0;0
2086 KEY_Y;KEY_ZL 0;0 0;0
2087 KEY_A;KEY_L 0;0 0;0
2088 KEY_Y 32767;0 0;0
2089 KEY_Y 0;32767 0;0
2090 KEY_Y 0;32767 0;0
2091 KEY_Y 0;32767 0;0
2092 KEY_Y 0;32767 0;0
2093 KEY_Y 0;32767 0;0
2094 KEY_Y 0;32767 0;0
2095 KEY_Y 0;32767 0;0
2096 KEY_Y 0;32767 0;0
2097 KEY_Y 0;32767 0;0
2098 KEY_Y 0;32767 0;0
2099 KEY_Y 0;32767 0;0
2100 KEY_Y 0;32767 0;0
2101 KEY_Y 0;32767 0;0
2102 KEY_A;KEY_Y 0;32767 0;0
2103 KEY_Y 8480;31650 0;0
2104 KEY_Y 8480;31650 0;0
2105 KEY_Y 8480;31650 0;0
2106 KEY_Y 8480;31650 0;0
2107 KEY_Y 8480;31650 0;0
2108 KEY_Y 8480;31650 0;0
2109 KEY_Y 8480;31650 0;0
2110 KEY_Y 8480;31650 0;0
2111 KEY_Y 8480;31650 0;0
2112 KEY_Y 8480;31650 0;0
2113 KEY_Y 8480;31650 0;0
2114 KEY_Y 8480;31650 0;0
2115 KEY_Y 8480;31650 0;0
2116 KEY_Y 8480;31650 0;0
2117 KEY_Y 8480;31650 0;0
2118 KEY_Y 8480;31650 0;0
2119 KEY_Y 8480;31650 0;0
2120 KEY_Y 8480;31650 0;0
2121 KEY_Y 8480;31650 0;0
2122 KEY_Y 8480;31650 0;0
2123 KEY_Y 8480;31650 0;0
2124 KEY_Y 8480;31650 0;0
2125 KEY_Y 8480;31650 0;0
2126 KEY_Y 8480;31650 0;0
2127 KEY_A;KEY_Y -13847;29696 0;0
2128 KEY_A;KEY_Y -13847;29696 0;0
2129 KEY_A;KEY_Y -13847;29696 0;0
2130 KEY_Y -13847;29696 0;0
2131 KEY_Y -13847;29696 0;0
2132 KEY_Y -13847;29696 0;0
2133 KEY_Y -13847;29696 0;0
2134 KEY_Y -13847;29696 0;0
2135 KEY_Y -13847;29696 0;0
2136 KEY_Y -13847;29696 0;0
2137 KEY_Y -13847;29696 0;0
2138 KEY_Y -13847;29696 0;0
2139 KEY_Y -13847;29696 0;0
2140 KEY_Y -13847;29696 0;0
2141 KEY_Y -13847;29696 0;0
2142 KEY_Y -13847;29696 0;0
2143 KEY_Y -13847;29696 0;0
2144 KEY_Y -13847;29696 0;0
2145 KEY_Y -13847;29696 0;0
2146 KEY_Y -13847;29696 0;0
2147 KEY_Y -13847;29696 0;0
2148 KEY_A;KEY_Y 30790;11206 0;0
2149 KEY_A;KEY_Y 30790;11206 0;0
2150 KEY_A;KEY_Y 30790;11206 0;0
2151 KEY_A;KEY_Y 30790;11206 0;0
2152 KEY_A;KEY_Y 30790;11206 0;0
2153 KEY_A;KEY_Y 30790;11206 0;0
2154 KEY_A;KEY_Y 30790;11206 0;0
2155 KEY_A;KEY_Y 30790;11206 0;0
2156 KEY_A;KEY_Y 30790;11206 0;0
2157 KEY_A;KEY_Y 30790;11206 0;0
2158 NONE 30790;11206 0;0
2159 NONE 30790;11206 0;0
2160 NONE 30790;11206 0;0
2161 NONE 30790;11206 0;0
2162 NONE 30790;11206 0;0
2163 NONE 30790;11206 0;0
2164 NONE 30790;11206 0;0
2165 NONE 30790;11206 0;0
2166 NONE 30790;11206 0;0
2167 NONE 30790;11206 0;0
2168 NONE 30790;11206 0;0
2169 NONE 30790;11206 0;0
2170 NONE 30790;11206 0;0
2171 NONE 30790;11206 0;0
2172 NONE 30790;11206 0;0
2173 NONE 30790;11206 0;0
2174 NONE 30790;11206 0;0
2175 NONE -5020;-4212 0;0
2176 NONE -5020;-4212 0;0
2177 NONE 32642;2855 0;0
2178 NONE 32642;2855 0;0
2179 NONE 32642;2855 0;0
2180 NONE 32642;2855 0;0
2181 NONE 32642;2855 0;0
2182 NONE 32642;2855 0;0
2183 NONE 32642;2855 0;0
2184 KEY_A 32642;2855 0;0
2185 NONE 0;0 0;0
2186 NONE 0;0 0;0
2187 NONE 0;0 0;0
2188 NONE 0;0 0;0
2189 NONE 0;0 0;0
2190 NONE 0;0 0;0
2191 NONE 0;0 0;0
2192 NONE 0;0 0;0
2193 NONE 0;0 0;0
2194 NONE 0;0 0;0
2195 NONE 0;0 0;0
2196 NONE 0;0 0;0
2197 NONE 0;0 0;0
2198 NONE 0;0 0;0
2199 NONE 0;0 0;0
2200 KEY_L;KEY_DDOWN 0;0 0;0
2201 NONE 571;32762 0;0
2202 NONE 571;-32762 0;0
2203 NONE -13327;-29934 0;0
2204 KEY_ZL -24729;-21497 0;0
2205 KEY_Y;KEY_ZL 0;0 0;0
2206 NONE 0;0 0;0
2207 KEY_L;KEY_DDOWN 0;0 0;0
2208 NONE 28658;-15885 0;0
2209 NONE 28658;-15885 0;0
2210 NONE 28658;-15885 0;0
2211 NONE 28658;-15885 0;0
2212 NONE 28658;-15885 0;0
2213 NONE 28658;-15885 0;0
2214 NONE 28658;-15885 0;0
2215 NONE 28658;-15885 0;0
2216 NONE 28658;-15885 0;0
2217 NONE 28658;-15885 0;0
2218 NONE 28658;-15885 0;0
2219 NONE 28658;-15885 0;0
2220 NONE 28658;-15885 0;0
2221 NONE 28658;-15885 0;0
2222 NONE 28658;-15885 0;0
2223 NONE 28658;-15885 0;0
2224 NONE 28658;-15885 0;0
2225 NONE 28658;-15885 0;0
2226 NONE 28658;-15885 0;0
2227 NONE 28658;-15885 0;0
2228 NONE 28658;-15885 0;0
2229 NONE 28658;-15885 0;0
2230 NONE 28658;-15885 0;0
2231 NONE 28658;-15885 0;0
2232 NONE 28658;-15885 0;0
2233 NONE 28658;-15885 0;0
2234 NONE 28658;-15885 0;0
2235 NONE 28658;-15885 0;0
2236 NONE 28658;-15885 0;0
2237 NONE 28658;-15885 0;0
2238 NONE 28658;-15885 0;0
2239 NONE 28658;-15885 0;0
2240 NONE 28658;-15885 0;0
2241 NONE 28658;-15885 0;0
2242 NONE 28658;-15885 0;0
2243 NONE 28658;-15885 0;0
2244 NONE 28658;-15885 0;0
2245 NONE 28658;-15885 0;0
2246 NONE 28658;-15885 0;0
2247 NONE 28658;-15885 0;0
2248 NONE 28658;-15885 0;0
2249 NONE 28658;-15885 0;0
2250 NONE 28658;-15885 0;0
2251 NONE 28658;-15885 0;0
2252 NONE 28658;-15885 0;0
2253 NONE 28658;-15885 0;0
2254 NONE 28658;-15885 0;0
2255 NONE 28658;-15885 0;0
2256 NONE 28658;-15885 0;0
2257 NONE 28658;-15885 0;0
2258 NONE 28658;-15885 0;0
2259 NONE 28658;-15885 0;0
2260 NONE 28658;-15885 0;0
2261 NONE 28658;-15885 0;0
2262 NONE 28658;-15885 0;0
2263 NONE 28658;-15885 0;0
2264 NONE 28658;-15885 0;0
2265 NONE 28658;-15885 0;0
2266 NONE 28658;-15885 0;0
2267 NONE 28658;-15885 0;0
2268 NONE 28658;-15885 0;0
2269 NONE 28658;-15885 0;0
2270 NONE 28658;-15885 0;0
2271 NONE 28658;-15885 0;0
2272 NONE 28658;-15885 0;0
2273 NONE 28658;-15885 0;0
2274 NONE 28658;-15885 0;0
2275 NONE 28658;-15885 0;0
2276 NONE 28658;-15885 0;0
2277 NONE 28658;-15885 0;0
2278 NONE 28658;-15885 0;0
2279 NONE 28658;-15885 0;0
2280 NONE 28658;-15885 0;0
2281 NONE 28658;-15885 0;0
2282 NONE 28658;-15885 0;0
2283 NONE 28658;-15885 0;0
2284 NONE 28658;-15885 0;0
2285 NONE 28658;-15885 0;0
2286 NONE 28658;-15885 0;0
2287 NONE 28658;-15885 0;0
2288 NONE 28658;-15885 0;0
2289 NONE 28658;-15885 0;0
2290 NONE 28658;-15885 0;0
2291 NONE 28658;-15885 0;0
2292 NONE 28658;-15885 0;0
2293 NONE 28658;-15885 0;0
2294 NONE 28658;-15885 0;0
2295 NONE 28658;-15885 0;0
2296 NONE 28658;-15885 0;0
2297 NONE 28658;-15885 0;0
2298 NONE 28658;-15885 0;0
2299 NONE 28658;-15885 0;0
2300 NONE 28658;-15885 0;0
2301 NONE 28658;-15885 0;0
2302 NONE 28658;-15885 0;0
2303 NONE 28658;-15885 0;0
2304 NONE 28658;-15885 0;0
2305 NONE 28658;-15885 0;0
2306 NONE 28658;-15885 0;0
2307 NONE 28658;-15885 0;0
2308 NONE 28658;-15885 0;0
2309 NONE 28658;-15885 0;0
2310 NONE 28658;-15885 0;0
2311 NONE 28658;-15885 0;0
2312 NONE 28658;-15885 0;0
2313 NONE 28658;-15885 0;0
2314 NONE 28658;-15885 0;0
2315 NONE 28658;-15885 0;0
2316 NONE 28658;-15885 0;0
2317 NONE 28658;-15885 0;0
2318 NONE 28658;-15885 0;0
2319 NONE 28658;-15885 0;0
2320 NONE 28658;-15885 0;0
2321 NONE 28658;-15885 0;0
2322 NONE 28658;-15885 0;0
2323 NONE 28658;-15885 0;0
2324 NONE 28658;-15885 0;0
2325 NONE 28658;-15885 0;0
2326 NONE 28658;-15885 0;0
2327 NONE 28658;-15885 0;0
2328 NONE 28658;-15885 0;0
2329 NONE 28658;-15885 0;0
2330 NONE 28658;-15885 0;0
2331 NONE 28658;-15885 0;0
2332 NONE 28658;-15885 0;0
2333 NONE 28658;-15885 0;0
2334 NONE 28658;-15885 0;0
2335 NONE 28658;-15885 0;0
2336 NONE 28658;-15885 0;0
2337 NONE 28658;-15885 0;0
2338 NONE 28658;-15885 0;0
2339 NONE 28658;-15885 0;0
2340 NONE 28658;-15885 0;0
2341 NONE 28658;-15885 0;0
2342 NONE 28658;-15885 0;0
2343 NONE 28658;-15885 0;0
2344 NONE 28658;-15885 0;0
2345 NONE 28658;-15885 0;0
2346 NONE 28658;-15885 0;0
2347 NONE 28658;-15885 0;0
2348 NONE 28658;-15885 0;0
2349 NONE 28658;-15885 0;0
2350 NONE 28658;-15885 0;0
2351 NONE 28658;-15885 0;0
2352 NONE 28658;-15885 0;0
2353 NONE 28658;-15885 0;0
2354 NONE 28658;-15885 0;0
2355 NONE 28658;-15885 0;0
2356 NONE 28658;-15885 0;0
2357 NONE 28658;-15885 0;0
2358 NONE 28658;-15885 0;0
2359 NONE 28658;-15885 0;0
2360 NONE 28658;-15885 0;0
2361 NONE 28658;-15885 0;0
2362 NONE 28658;-15885 0;0
2363 NONE 28658;-15885 0;0
2364 NONE 28658;-15885 0;0
2365 NONE 28658;-15885 0;0
2366 NONE 28658;-15885 0;0
2367 NONE 28658;-15885 0;0
2368 NONE 28658;-15885 0;0
2369 NONE 28658;-15885 0;0
2370 NONE 28658;-15885 0;0
2371 NONE 28658;-15885 0;0
2372 NONE 28658;-15885 0;0
2373 NONE 28658;-15885 0;0
2374 NONE 28658;-15885 0;0
2375 NONE 28658;-15885 0;0
2376 NONE 28658;-15885 0;0
2377 NONE 28658;-15885 0;0
2378 NONE 28658;-15885 0;0
2379 NONE 28658;-15885 0;0
2380 NONE 28658;-15885 0;0
2381 NONE 28658;-15885 0;0
2382 NONE 28658;-15885 0;0
2383 NONE 28658;-15885 0;0
2384 NONE 28658;-15885 0;0
2385 NONE 28658;-15885 0;0
2386 NONE 28658;-15885 0;0
2387 NONE 28658;-15885 0;0
2388 NONE 28658;-15885 0;0
2389 NONE 28658;-15885 0;0
2390 NONE 28658;-15885 0;0
2391 NONE 28658;-15885 0;0
2392 NONE 28658;-15885 0;0
2393 NONE 28658;-15885 0;0
2394 NONE 28658;-15885 0;0
2395 NONE 28658;-15885 0;0
2396 NONE 28658;-15885 0;0
2397 NONE 28658;-15885 0;0
2398 NONE 28658;-15885 0;0
2399 NONE 28658;-15885 0;0
2400 NONE 28658;-15885 0;0
2401 NONE 28658;-15885 0;0
2402 NONE 28658;-15885 0;0
2403 NONE 28658;-15885 0;0
2404 NONE 28658;-15885 0;0
2405 NONE 28658;-15885 0;0
2406 NONE 28658;-15885 0;0
2407 NONE 28658;-15885 0;0
2408 NONE 28658;-15885 0;0
2409 NONE 28658;-15885 0;0
2410 NONE 28658;-15885 0;0
2411 NONE 28658;-15885 0;0
2412 NONE 28658;-15885 0;0
2413 NONE 28658;-15885 0;0
2414 NONE 28658;-15885 0;0
2415 NONE 28658;-15885 0;0
2416 NONE 28658;-15885 0;0
2417 NONE 28658;-15885 0;0
2418 NONE 28658;-15885 0;0
2419 NONE 28658;-15885 0;0
2420 NONE 28658;-15885 0;0
2421 NONE 28658;-15885 0;0
2422 NONE 28658;-15885 0;0
2423 NONE 28658;-15885 0;0
2424 NONE 28658;-15885 0;0
2425 NONE 28658;-15885 0;0
2426 NONE 28658;-15885 0;0
2427 NONE 28658;-15885 0;0
2428 NONE 28658;-15885 0;0
2429 NONE 28658;-15885 0;0
2430 NONE 28658;-15885 0;0
2431 NONE 28658;-15885 0;0
2432 NONE 28658;-15885 0;0
2433 NONE 28658;-15885 0;0
2434 NONE 28658;-15885 0;0
2435 NONE 28658;-15885 0;0
2436 NONE 28658;-15885 0;0
2437 NONE 28658;-15885 0;0
2438 NONE 28658;-15885 0;0
2439 NONE 28658;-15885 0;0
2440 NONE 28658;-15885 0;0
2441 NONE 28658;-15885 0;0
2442 NONE 28658;-15885 0;0
2443 NONE 28658;-15885 0;0
2444 NONE 28658;-15885 0;0
2445 NONE 28658;-15885 0;0
2446 NONE 28658;-15885 0;0
2447 NONE 28658;-15885 0;0
2448 NONE 28658;-15885 0;0
2449 NONE 28658;-15885 0;0
2450 NONE 28658;-15885 0;0
2451 NONE 28658;-15885 0;0
2452 NONE 28658;-15885 0;0
2453 NONE 28658;-15885 0;0
2454 NONE 28658;-15885 0;0
2455 NONE 28658;-15885 0;0
2456 NONE 28658;-15885 0;0
2457 NONE 28658;-15885 0;0
2458 NONE 28658;-15885 0;0
2459 NONE 28658;-15885 0;0
2460 NONE 28658;-15885 0;0
2461 NONE 28658;-15885 0;0
2462 NONE 28658;-15885 0;0
2463 NONE 28658;-15885 0;0
2464 NONE 28658;-15885 0;0
2465 NONE 28658;-15885 32767;0
2466 NONE 28658;-15885 32767;0
2467 NONE 28658;-15885 32767;0
2468 NONE 28658;-15885 32767;0
2469 KEY_A 28658;-15885 32767;0
2470 KEY_A 28658;-15885 32767;0
2471 KEY_A 28658;-15885 32767;0
2472 KEY_A 28658;-15885 32767;0
2473 KEY_A 28658;-15885 32767;0
2474 KEY_A 28658;-15885 32767;0
2475 KEY_A 28658;-15885 32767;0
2476 KEY_A 28658;-15885 32767;0
2477 KEY_A 28658;-15885 32767;0
2478 KEY_A 28658;-15885 32767;0
2479 NONE 28658;-15885 32767;0
2480 NONE 28658;-15885 32767;0
2481 NONE 28658;-15885 32767;0
2482 NONE 28658;-15885 32767;0
2483 NONE 28658;-15885 32767;0
2484 NONE 28658;-15885 32767;0
2485 NONE 28658;-15885 32767;0
2486 NONE 28658;-15885 32767;0
2487 NONE 28658;-15885 32767;0
2488 NONE 28658;-15885 32767;0
2489 NONE 28658;-15885 32767;0
2490 NONE 28658;-15885 32767;0
2491 NONE 0;0 0;0
2492 NONE 0;0 0;0
2493 NONE 0;0 0;0
2494 NONE 0;0 0;0
2495 NONE 0;0 0;0
2496 NONE 0;0 0;0
2497 NONE 0;0 0;0
2498 NONE 0;0 0;0
2499 NONE 0;0 0;0
2500 NONE 0;0 0;0
2501 NONE 0;0 0;0
2502 NONE 0;0 0;0
2503 NONE 0;0 0;0
2504 NONE 0;0 0;0
2505 NONE 0;0 0;0
2506 NONE 0;0 0;0
2507 NONE 0;0 0;0
2508 NONE 0;0 0;0
2509 NONE 0;0 0;0
2510 NONE 0;0 0;0
2511 NONE 0;0 0;0
2512 NONE 0;0 0;0
2513 NONE 0;0 0;0
2514 NONE 0;0 0;0
2515 NONE 0;0 0;0
2516 NONE 0;0 0;0
2517 NONE 0;0 0;0
2518 NONE 0;0 0;0
2519 NONE 0;0 0;0
2520 NONE 0;0 0;0
2521 NONE 0;0 0;0
2522 NONE 0;0 0;0
2523 NONE 0;0 0;0
2524 NONE 0;0 0;0
2525 NONE 0;0 0;0
2526 NONE 0;0 0;0
2527 NONE 0;0 0;0
2528 NONE 0;0 0;0
2529 NONE 0;0 0;0
2530 NONE 0;0 0;0
2531 NONE 0;0 0;0
2532 NONE 0;0 0;0
2533 NONE 0;0 0;0
2534 NONE 0;0 0;0
2535 NONE 0;0 0;0
2536 NONE 0;0 0;0
2537 NONE 0;0 0;0
2538 NONE 0;0 0;0
2539 NONE 0;0 0;0
2540 NONE 0;0 0;0
2541 NONE 0;0 0;0
2542 NONE 0;0 0;0
2543 NONE 0;0 0;0
2544 NONE 0;0 0;0
2545 NONE 0;0 0;0
2546 NONE 0;0 0;0
2547 NONE 0;0 0;0
2548 NONE 0;0 0;0
2549 NONE 0;0 0;0
2550 NONE 0;0 0;0
2551 NONE 0;0 0;0
2552 NONE 0;0 0;0
2553 NONE 0;0 0;0
2554 NONE 0;0 0;0
2555 NONE 0;0 0;0
2556 NONE 0;0 0;0
2557 NONE 0;0 0;0
2558 NONE 0;0 0;0
2559 NONE 0;0 0;0
2560 NONE 0;0 0;0
2561 NONE 0;0 0;0
2562 NONE 0;0 0;0
2563 NONE 0;0 0;0
2564 NONE 0;0 0;0
2565 NONE 0;0 0;0
2566 NONE 0;0 0;0
2567 NONE 0;0 0;0
2568 NONE 0;0 0;0
2569 NONE 0;0 0;0
2570 NONE 0;0 0;0
2571 NONE 0;0 0;0
2572 NONE 0;0 0;0
2573 NONE 0;0 0;0
2574 NONE 0;0 0;0
2575 NONE 0;0 0;0
2576 NONE 0;0 0;0
2577 NONE 0;0 0;0
2578 NONE 0;0 0;0
2579 NONE 0;0 0;0
2580 NONE 0;0 0;0
2581 NONE 0;0 0;0
2582 NONE 0;0 0;0
2583 NONE 0;0 0;0
2584 NONE 0;0 0;0
2585 NONE 0;0 0;0
2586 NONE 0;0 0;0
2587 NONE 0;0 0;0
2588 NONE 0;0 0;0
2589 NONE 0;0 0;0
2590 NONE 0;0 0;0
2591 NONE 0;0 0;0
2592 NONE 0;0 0;0
2593 NONE 0;0 0;0
2594 NONE 0;0 0;0
2595 NONE 0;0 0;0
2596 NONE 0;0 0;0
2597 NONE 0;0 0;0
2598 NONE 0;0 0;0
2599 NONE 0;0 0;0
2600 NONE 0;0 0;0
2601 NONE 0;0 0;0
2602 NONE 0;0 0;0
2603 NONE 0;0 0;0
2604 NONE 0;0 0;0
2605 NONE 0;0 0;0
2606 NONE 0;0 0;0
2607 NONE 0;0 0;0
2608 NONE 0;0 0;0
2609 NONE 0;0 0;0
2610 NONE 0;0 0;0
2611 NONE 0;0 0;0
2612 NONE 0;0 0;0
2613 NONE 0;0 0;0
2614 NONE 0;0 0;0
2615 NONE 0;0 0;0
2616 NONE 0;0 0;0
2617 NONE 0;0 0;0
2618 NONE 0;0 0;0
2619 NONE 0;0 0;0
2620 NONE 0;0 0;0
2621 NONE 0;0 0;0
2622 NONE 0;0 0;0
2623 NONE 0;0 0;0
2624 NONE 0;0 0;0
2625 NONE 0;0 0;0
2626 NONE 0;0 0;0
2627 NONE 0;0 0;0
2628 NONE 0;0 0;0
2629 NONE 0;0 0;0
2630 NONE 0;0 0;0
2631 NONE 0;0 0;0
2632 NONE 0;0 0;0
2633 NONE 0;0 0;0
2634 NONE 0;0 0;0
2635 NONE 0;0 0;0
2636 NONE 0;0 0;0
2637 NONE 0;0 0;0
2638 NONE 0;0 0;0
2639 NONE 0;0 0;0
2640 NONE 0;0 0;0
2641 NONE 0;0 0;0
2642 NONE 0;0 0;0
2643 NONE 0;0 0;0
2644 NONE 0;0 0;0
2645 NONE 0;0 0;0
2646 NONE 0;0 0;0
2647 NONE 0;0 0;0
2648 NONE 0;0 0;0
2649 NONE 0;0 0;0
2650 NONE 0;0 0;0
2651 NONE 0;0 0;0
2652 NONE 0;0 0;0
2653 NONE 0;0 0;0
2654 NONE 0;0 0;0
2655 NONE 0;0 0;0
2656 NONE 0;0 0;0
2657 NONE 0;0 0;0
2658 NONE 0;0 0;0
2659 NONE 0;0 0;0
2660 NONE 0;0 0;0
2661 NONE 0;0 0;0
2662 NONE 0;0 0;0
2663 NONE 0;0 0;0
2664 NONE 0;0 0;0
2665 NONE 0;0 0;0
2666 NONE 0;0 0;0
2667 NONE 0;0 0;0
2668 NONE 0;0 0;0
2669 NONE 0;0 0;0
2670 NONE 0;0 0;0
2671 NONE 0;0 0;0
2672 NONE 0;0 0;0
2673 NONE 0;0 0;0
2674 NONE 0;0 0;0
2675 NONE 0;0 0;0
2676 NONE 0;0 0;0
2677 NONE 0;0 0;0
2678 NONE 0;0 0;0
2679 NONE 0;0 0;0
2680 NONE 0;0 0;0
2681 NONE 0;0 0;0
2682 NONE 0;0 0;0
2683 NONE 0;0 0;0
2684 NONE 0;0 0;0
2685 NONE 0;0 0;0
2686 NONE 0;0 0;0
2687 NONE 0;0 0;0
2688 KEY_L;KEY_DUP 537;32762 0;0
2689 NONE 537;32762 0;-32767
2690 NONE 537;32762 0;-32767
2691 NONE 537;32762 0;-32767
2692 NONE 537;32762 0;-32767
2693 NONE 537;32762 0;-32767
2694 NONE 537;32762 0;-32767
2695 NONE 537;32762 0;-32767
2696 NONE 537;32762 0;-32767
2697 NONE 537;32762 0;-32767
2698 NONE 537;32762 0;-32767
2699 NONE 537;32762 0;-32767
2700 NONE 537;32762 0;-32767
2701 NONE 537;32762 0;-32767
2702 NONE 537;32762 0;-32767
2703 NONE 537;32762 0;-32767
2704 KEY_ZL 537;32762 0;-32767
2705 KEY_Y;KEY_ZL 537;32762 0;-32767
2706 KEY_Y 537;32762 0;-32767
2707 KEY_Y 537;32762 0;-32767
2708 KEY_Y 537;32762 0;-32767
2709 KEY_Y 537;32762 0;-32767
2710 KEY_Y 537;32762 0;-32767
2711 KEY_Y 537;32762 0;-32767
2712 KEY_Y 537;32762 0;-32767
2713 KEY_Y 537;32762 0;-32767
2714 KEY_Y 537;32762 0;-32767
2715 KEY_Y 537;32762 0;-32767
2716 KEY_Y 537;32762 0;-32767
2717 KEY_Y 537;32762 0;-32767
2718 KEY_Y 537;32762 0;-32767
2719 KEY_Y 537;32762 0;-32767
2720 KEY_Y 537;32762 0;-32767
2721 KEY_Y 537;32762 0;-32767
2722 KEY_Y 537;32762 0;-32767
2723 KEY_Y 537;32762 0;-32767
2724 KEY_Y 537;32762 0;-32767
2725 KEY_Y 537;32762 0;-32767
2726 KEY_Y 537;32762 0;-32767
2727 KEY_Y 537;32762 0;-32767
2728 KEY_Y 537;32762 0;-32767
2729 KEY_Y 537;32762 0;-32767
2730 KEY_Y 537;32762 0;-32767
2731 KEY_Y 537;32762 0;-32767
2732 NONE 537;32762 0;-32767
2733 NONE 537;32762 0;-32767
2734 NONE 537;32762 0;-32767
2735 NONE 537;32762 0;-32767
2736 NONE 537;32762 0;-32767
2737 NONE 537;32762 0;-32767
2738 NONE 537;32762 0;-32767
2739 KEY_ZL 537;32762 0;-32767
2740 KEY_Y;KEY_ZL 537;32762 0;-32767
2741 NONE 537;32762 0;-32767
2742 NONE -28642;-15915 0;-32767
2743 NONE 28104;-16846 0;-32767
2744 NONE 537;32762 0;-32767
2745 NONE -28642;-15915 0;-32767
2746 NONE 28104;-16846 0;-32767
2747 NONE 537;32762 0;-32767
2748 NONE -28642;-15915 0;-32767
2749 NONE 28104;-16846 0;-32767
2750 NONE 537;32762 0;-32767
2751 NONE -28642;-15915 0;-32767
2752 NONE 28104;-16846 0;-32767
2753 NONE 537;32762 0;-32767
2754 NONE 537;32762 0;-32767
2755 NONE 537;32762 0;-32767
2756 NONE 537;32762 0;-32767
2757 NONE 537;32762 0;-32767
2758 NONE 537;32762 0;-32767
2759 NONE 537;32762 0;-32767
2760 KEY_A 537;32762 0;-32767
2761 KEY_ZL 0;32767 0;-32767
2762 KEY_ZL 0;32767 0;-32767
2763 KEY_ZL 0;32767 0;-32767
2764 KEY_ZL 0;32767 0;-32767
2765 KEY_ZL 0;32767 0;-32767
2766 KEY_ZL 0;32767 0;-32767
2767 KEY_Y;KEY_ZL 0;32767 0;-32767
2768 NONE 0;32767 0;-32767
2769 NONE 0;32767 0;-32767
2770 NONE 0;32767 0;-32767
2771 NONE 0;32767 0;-32767
2772 NONE 0;32767 0;-32767
2773 KEY_A;KEY_L 0;32767 0;0
2774 NONE -15383;28931 0;0
2775 NONE -15383;28931 0;0
2776 NONE -15383;28931 0;0
2777 NONE -15383;28931 0;0
2778 NONE -15383;28931 0;0
2779 NONE -15383;28931 0;0
2780 NONE -15383;28931 0;0
2781 NONE -15383;28931 0;0
2782 NONE -15383;28931 0;0
2783 NONE -15383;28931 0;0
2784 NONE -15383;28931 0;0
2785 NONE -15383;28931 0;0
2786 NONE -15383;28931 0;0
2787 NONE -15383;28931 0;0
2788 NONE -15383;28931 0;0
2789 NONE -15383;28931 0;0
2790 NONE -15383;28931 0;0
2791 NONE -15383;28931 0;0
2792 NONE -15383;28931 0;0
2793 KEY_L;KEY_DDOWN 21062;25100 0;0
2794 NONE 21062;25100 0;0
2795 NONE 21062;25100 0;0
2796 NONE 21062;25100 0;0
2797 NONE 21062;25100 0;0
2798 NONE 21062;25100 0;0
2799 NONE 21062;25100 0;0
2800 NONE 21062;25100 0;0
2801 NONE 21062;25100 0;0
2802 NONE 21062;25100 0;0
2803 NONE 21062;25100 0;0
2804 NONE 21062;25100 0;0
2805 NONE 21062;25100 0;0
2806 NONE 21062;25100 0;0
2807 NONE 21062;25100 0;0
2808 NONE 21062;25100 0;0
2809 NONE 21062;25100 0;0
2810 NONE 21062;25100 0;0
2811 NONE 21062;25100 0;0
2812 NONE 21062;25100 0;0
2813 NONE 21062;25100 0;0
2814 NONE 21062;25100 0;0
2815 NONE 21062;25100 0;0
2816 NONE 21062;25100 0;0
2817 NONE 21062;25100 0;0
2818 NONE 21062;25100 0;0
2819 NONE 21062;25100 0;0
2820 NONE -2548;-2548 0;0
2821 NONE -2548;-2548 0;0
2822 NONE -2548;-2548 0;0
2823 NONE -2548;-2548 0;0
2824 KEY_ZL -29498;14265 0;0
2825 KEY_Y;KEY_ZL -29498;14265 0;0
2826 KEY_ZL -29498;14265 0;0
2827 KEY_ZL -29498;14265 0;0
2828 KEY_ZL -29498;14265 0;0
2829 KEY_ZL -29498;14265 0;0
2830 KEY_ZL -29498;14265 0;0
2831 KEY_ZL -29498;14265 0;0
2832 KEY_ZL -29498;14265 0;0
2833 KEY_ZL -29498;14265 0;0
2834 KEY_ZL -29498;14265 0;0
2835 KEY_ZL -29498;14265 0;0
2836 KEY_ZL -29498;14265 0;0
2837 KEY_ZL -29498;14265 0;0
2838 KEY_ZL -29498;14265 0;0
2839 KEY_ZL -29498;14265 0;0
2840 KEY_ZL -29498;14265 0;0
2841 KEY_ZL -29498;14265 0;0
2842 KEY_ZL;KEY_L -29498;14265 0;0
2843 KEY_ZL -29498;14265 0;0
2844 KEY_ZL -29498;14265 0;0
2845 KEY_ZL -29498;14265 0;0
2846 KEY_ZL -29498;14265 0;0
2847 KEY_ZL -29498;14265 0;0
2848 KEY_ZL -29498;14265 0;0
2849 KEY_ZL -29498;14265 0;0
2850 KEY_ZL -29498;14265 0;0
2851 KEY_ZL -29498;14265 0;0
2852 KEY_ZL -29498;14265 0;0
2853 KEY_ZL -29498;14265 0;0
2854 KEY_ZL -29498;14265 0;0
2855 KEY_ZL -29498;14265 0;0
2856 KEY_ZL -29498;14265 0;0
2857 KEY_ZL -29498;14265 0;0
2858 KEY_ZL -29498;14265 0;0
2859 KEY_ZL -29498;14265 0;0
2860 KEY_ZL -29498;14265 0;0
2861 KEY_ZL -29498;14265 0;0
2862 KEY_ZL -29498;14265 0;0
2863 KEY_ZL -29498;14265 0;0
2864 KEY_ZL -29498;14265 0;0
2865 KEY_ZL -29498;14265 0;0
2866 KEY_ZL -29498;14265 0;0
2867 KEY_ZL -29498;14265 0;0
2868 KEY_ZL -29498;14265 0;0
2869 KEY_B;KEY_L -29498;14265 0;0
2870 KEY_Y -3643;32563 0;0
2871 KEY_Y 6941;32023 0;0
2872 KEY_Y 6941;32023 0;0
2873 KEY_B;KEY_Y 6941;32023 0;0
2874 KEY_B;KEY_Y 6941;32023 0;0
2875 KEY_B;KEY_Y 6941;32023 0;0
2876 KEY_B;KEY_Y 6941;32023 0;0
2877 KEY_B;KEY_Y 6941;32023 0;0
2878 KEY_B;KEY_Y 6941;32023 0;0
2879 KEY_B;KEY_Y 6941;32023 0;0
2880 KEY_B;KEY_Y 6941;32023 0;0
2881 KEY_B;KEY_Y 6941;32023 0;0
2882 KEY_B;KEY_Y 6941;32023 0;0
2883 KEY_Y 6941;32023 0;0
2884 KEY_Y 6941;32023 0;0
2885 KEY_Y 6941;32023 0;0
2886 KEY_Y 6941;32023 0;0
2887 KEY_Y 6941;32023 0;0
2888 KEY_Y 6941;32023 0;0
2889 KEY_Y 6941;32023 0;0
2890 KEY_Y 6941;32023 0;0
2891 KEY_Y 6941;32023 0;0
2892 KEY_Y 6941;32023 0;0
2893 KEY_Y 6941;32023 0;0
2894 KEY_Y 6941;32023 0;0
2895 KEY_Y 6941;32023 0;0
2896 KEY_Y -32682;2350 0;0
2897 KEY_Y -32682;2350 0;0
2898 KEY_Y -32682;2350 0;0
2899 KEY_Y -32682;2350 0;0
2900 KEY_Y -32682;2350 0;0
2901 KEY_Y -32682;2350 0;0
2902 KEY_Y -32682;2350 0;0
2903 KEY_Y -32682;2350 0;0
2904 KEY_Y -32682;2350 0;0
2905 KEY_Y -32682;2350 0;0
2906 KEY_Y -32682;2350 0;0
2907 KEY_Y -32682;2350 0;0
2908 KEY_Y -32682;2350 0;0
2909 KEY_Y -32682;2350 0;0
2910 KEY_Y -32682;2350 0;0
2911 NONE -32682;2350 0;0
2912 NONE -32682;2350 0;0
2913 NONE -32682;2350 0;0
2914 NONE -32682;2350 0;0
2915 NONE -32682;2350 0;0
2916 NONE -32682;2350 0;0
2917 NONE -32682;2350 0;0
2918 NONE -32682;2350 0;0
2919 NONE -32682;2350 0;0
2920 NONE -32682;2350 0;0
2921 NONE -32682;2350 0;0
2922 NONE -32682;2350 0;0
2923 NONE -32682;2350 0;0
2924 NONE -32682;2350 0;0
2925 NONE -32682;2350 0;0
2926 NONE -32682;2350 0;0
2927 NONE -32682;2350 0;0
2928 NONE -32682;2350 0;0
2929 NONE -32682;2350 0;0
2930 NONE -32682;2350 0;0
2931 NONE -32682;2350 0;0
2932 NONE -32682;2350 0;0
2933 NONE -32682;2350 0;0
2934 NONE -32682;2350 0;0
2935 NONE -32682;2350 0;0
2936 NONE -32682;2350 0;0
2937 NONE -32682;2350 0;0
2938 NONE -32682;2350 0;0
2939 NONE -32682;2350 0;0
2940 NONE -32682;2350 0;0
2941 NONE -32682;2350 0;0
2942 NONE -32682;2350 0;0
2943 NONE -32682;2350 0;0
2944 NONE -32682;2350 0;0
2945 NONE -32682;2350 0;0
2946 NONE -32682;2350 0;0
2947 NONE -32682;2350 0;0
2948 NONE -32682;2350 0;0
2949 NONE -32682;2350 0;0
2950 NONE -32682;2350 0;0
2951 NONE -32682;2350 0;0
2952 NONE -32682;2350 0;0
2953 NONE -32682;2350 0;0
2954 NONE -32682;2350 0;0
2955 NONE -32682;2350 0;0
2956 NONE -32682;2350 0;0
2957 NONE -32682;2350 0;0
2958 NONE -32682;2350 0;0
2959 KEY_L;KEY_DUP -32682;2350 0;0
2960 KEY_Y -24456;21806 0;0
2961 KEY_Y -27168;18317 0;0
2962 KEY_Y -27168;18317 0;0
2963 KEY_Y -27168;18317 0;0
2964 KEY_Y -27168;18317 0;0
2965 KEY_Y -27168;18317 0;0
2966 KEY_Y -27168;18317 0;0
2967 KEY_ZL -27168;18317 0;0
2968 KEY_Y;KEY_ZL -27168;18317 0;0
2969 KEY_Y;KEY_ZL -27168;18317 0;0
2970 KEY_Y;KEY_ZL -27168;18317 0;0
2971 KEY_Y;KEY_ZL -27168;18317 0;0
2972 KEY_Y;KEY_ZL -27168;18317 0;0
2973 KEY_Y;KEY_ZL -27168;18317 0;0
2974 KEY_Y;KEY_ZL -27168;18317 0;0
2975 KEY_Y;KEY_ZL -27168;18317 0;0
2976 KEY_Y;KEY_ZL -27168;18317 0;0
2977 KEY_Y;KEY_ZL -27168;18317 0;0
2978 KEY_Y;KEY_ZL -27168;18317 0;0
2979 KEY_Y;KEY_ZL -27168;18317 0;0
2980 KEY_Y;KEY_ZL -27168;18317 0;0
2981 KEY_Y;KEY_ZL -27168;18317 0;0
2982 KEY_Y;KEY_ZL -27168;18317 0;0
2983 KEY_Y;KEY_ZL -27168;18317 0;0
2984 KEY_Y;KEY_ZL -27168;18317 0;0
2985 KEY_Y;KEY_ZL -27168;18317 0;0
2986 KEY_Y;KEY_ZL -27168;18317 0;0
2987 KEY_Y;KEY_ZL -27168;18317 0;0
2988 KEY_Y;KEY_ZL -27168;18317 0;0
2989 KEY_Y;KEY_ZL -27168;18317 0;0
2990 KEY_Y;KEY_ZL -27168;18317 0;0
2991 KEY_Y;KEY_ZL -27168;18317 0;0
2992 KEY_Y;KEY_ZL -27168;18317 0;0
2993 KEY_Y;KEY_ZL -27168;18317 0;0
2994 KEY_Y;KEY_ZL -27168;18317 0;0
2995 KEY_Y;KEY_ZL -27168;18317 0;0
2996 KEY_X;KEY_ZL -27168;18317 0;0
2997 KEY_X;KEY_ZL -27168;18317 0;0
2998 KEY_X -32725;-1647 0;0
2999 NONE -32725;-1647 0;0
3000 NONE -32725;-1647 0;0
3001 NONE -32725;-1647 0;0
3002 NONE -32725;-1647 0;0
3003 NONE -32725;-1647 0;0
3004 NONE -32725;-1647 0;0
3005 NONE -32725;-1647 0;0
3006 NONE -32725;-1647 0;0
3007 NONE -32725;-1647 0;0
3008 NONE -32725;-1647 0;0
3009 NONE -32725;-1647 0;0
3010 NONE -32725;-1647 0;0
3011 NONE -32725;-1647 0;0
3012 NONE -32725;-1647 0;0
3013 NONE -32725;-1647 0;0
3014 NONE -32725;-1647 0;0
3015 NONE -32725;-1647 0;0
3016 NONE -32725;-1647 0;0
3017 NONE -32725;-1647 0;0
3018 NONE -32725;-1647 0;0
3019 NONE -32725;-1647 0;0
3020 NONE -32725;-1647 0;0
3021 NONE -32725;-1647 0;0
3022 NONE -32725;-1647 0;0
3023 NONE -32725;-1647 0;0
3024 NONE -32725;-1647 0;0
3025 NONE -32725;-1647 0;0
3026 NONE -32725;-1647 0;0
3027 NONE -32725;-1647 0;0
3028 NONE -32725;-1647 0;0
3029 NONE -32725;-1647 0;0
3030 NONE -32725;-1647 0;0
3031 NONE -32725;-1647 0;0
3032 NONE -32725;-1647 0;0
3033 NONE -32725;-1647 0;0
3034 NONE -32725;-1647 0;0
3035 NONE -32725;-1647 0;0
3036 NONE -32725;-1647 0;0
3037 NONE -32725;-1647 0;0
3038 NONE -32725;-1647 0;0
3039 NONE -32725;-1647 0;0
3040 NONE -32725;-1647 0;0
3041 NONE -32725;-1647 0;0
3042 NONE -32725;-1647 0;0
3043 NONE -32725;-1647 0;0
3044 NONE -32725;-1647 0;0
3045 NONE -32725;-1647 0;0
3046 NONE -32725;-1647 0;0
3047 NONE -32725;-1647 0;0
3048 KEY_L;KEY_DUP -32725;-1647 0;0
3049 NONE -18794;26841 0;0
3050 NONE -18794;26841 0;0
3051 NONE -18794;26841 0;0
3052 NONE -18794;26841 0;0
3053 NONE -18794;26841 0;0
3054 NONE -18794;26841 0;0
3055 NONE -18794;26841 0;0
3056 KEY_ZL -18794;26841 0;0
3057 KEY_Y;KEY_ZL 0;0 0;0
3058 KEY_Y 0;0 0;0
3059 KEY_Y 0;0 0;0
3060 KEY_Y 0;0 0;0
3061 KEY_Y 0;0 0;0
3062 KEY_Y 0;0 0;0
3063 KEY_Y 0;0 0;0
3064 KEY_Y 0;0 0;0
3065 KEY_Y 0;0 0;0
3066 KEY_Y 0;0 0;0
3067 KEY_Y 0;0 0;0
3068 KEY_Y 0;0 0;0
3069 KEY_Y 0;0 0;0
3070 KEY_Y 0;0 0;0
3071 KEY_Y 0;0 0;0
3072 KEY_Y 0;0 0;0
3073 KEY_Y 0;0 0;0
3074 KEY_Y 0;0 0;0
3075 KEY_Y 0;0 0;0
3076 KEY_Y 0;0 0;0
3077 KEY_Y 0;0 0;0
3078 KEY_Y 0;0 0;0
3079 KEY_Y 0;0 0;0
3080 KEY_Y 0;0 0;0
3081 KEY_Y 0;0 0;0
3082 KEY_Y 0;0 0;0
3083 KEY_Y 0;0 0;0
3084 KEY_Y 0;0 0;0
3085 KEY_Y -26841;-18794 0;0
3086 NONE -26841;-18794 0;0
3087 NONE -26841;-18794 0;0
3088 NONE -26841;-18794 0;0
3089 NONE -26841;-18794 0;0
3090 NONE -26841;-18794 0;0
3091 NONE -26841;-18794 0;0
3092 NONE -26841;-18794 0;0
3093 NONE -26841;-18794 0;0
3094 NONE -26841;-18794 0;0
3095 NONE -26841;-18794 0;0
3096 NONE -26841;-18794 0;0
3097 NONE -26841;-18794 0;0
3098 NONE -26841;-18794 0;0
3099 NONE -26841;-18794 0;0
3100 NONE -26841;-18794 0;0
3101 NONE -26841;-18794 0;0
3102 NONE -26841;-18794 0;0
3103 NONE -26841;-18794 0;0
3104 NONE -26841;-18794 0;0
3105 NONE -26841;-18794 0;0
3106 NONE -26841;-18794 0;0
3107 KEY_L;KEY_DUP -26841;-18794 0;0
3108 NONE -18175;27263 0;0
3109 NONE -20760;25350 0;0
3110 NONE -20760;25350 0;0
3111 NONE -20760;25350 0;0
3112 NONE -20760;25350 0;0
3113 NONE -20760;25350 0;0
3114 NONE -20760;25350 0;0
3115 NONE -20760;25350 0;0
3116 KEY_ZL -20760;25350 0;0
3117 KEY_Y;KEY_ZL -20760;25350 0;0
3118 KEY_Y;KEY_ZL -20760;25350 0;0
3119 KEY_Y;KEY_ZL -20760;25350 0;0
3120 KEY_Y;KEY_ZL -20760;25350 0;0
3121 KEY_Y;KEY_ZL -20760;25350 0;0
3122 KEY_Y;KEY_ZL -20760;25350 0;0
3123 KEY_Y;KEY_ZL -20760;25350 0;0
3124 KEY_Y;KEY_ZL -20760;25350 0;0
3125 KEY_Y;KEY_ZL -20760;25350 0;0
3126 KEY_Y;KEY_ZL -20760;25350 0;0
3127 KEY_Y;KEY_ZL -20760;25350 0;0
3128 KEY_Y;KEY_ZL -20760;25350 0;0
3129 KEY_Y;KEY_ZL -20760;25350 0;0
3130 KEY_Y;KEY_ZL -20760;25350 0;0
3131 KEY_Y;KEY_ZL -20760;25350 0;0
3132 KEY_Y;KEY_ZL -20760;25350 0;0
3133 KEY_Y;KEY_ZL -20760;25350 0;0
3134 KEY_Y;KEY_ZL -20760;25350 0;0
3135 KEY_Y;KEY_ZL -20760;25350 0;0
3136 KEY_Y;KEY_ZL -20760;25350 0;0
3137 KEY_Y;KEY_ZL -20760;25350 0;0
3138 KEY_Y;KEY_ZL -20760;25350 0;0
3139 KEY_Y;KEY_ZL -20760;25350 0;0
3140 KEY_Y;KEY_ZL -20760;25350 0;0
3141 KEY_Y;KEY_ZL -20760;25350 0;0
3142 KEY_Y;KEY_ZL -20760;25350 0;0
3143 KEY_Y;KEY_ZL -20760;25350 0;0
3144 KEY_X;KEY_ZL -20760;25350 0;0
3145 KEY_X;KEY_ZL -20760;25350 0;0
3146 KEY_X -32642;2855 0;0
3147 NONE -32642;2855 0;0
3148 NONE -32642;2855 0;0
3149 NONE -32642;2855 0;0
3150 NONE -32642;2855 0;0
3151 NONE -32642;2855 0;0
3152 NONE -32642;2855 0;0
3153 NONE -32642;2855 0;0
3154 NONE -32642;2855 0;0
3155 NONE -32642;2855 0;0
3156 NONE -32642;2855 0;0
3157 NONE -32642;2855 0;0
3158 NONE -32642;2855 0;0
3159 NONE -32642;2855 0;0
3160 NONE -32642;2855 0;0
3161 NONE -32642;2855 0;0
3162 NONE -32642;2855 0;0
3163 NONE -32642;2855 0;0
3164 NONE -32642;2855 0;0
3165 NONE -32642;2855 0;0
3166 NONE -32642;2855 0;0
3167 NONE -32642;2855 0;0
3168 NONE -32642;2855 0;0
3169 NONE -32642;2855 0;0
3170 NONE -32642;2855 0;0
3171 NONE -32642;2855 0;0
3172 NONE -32642;2855 0;0
3173 NONE -32642;2855 0;0
3174 NONE -32642;2855 0;0
3175 NONE -32642;2855 0;0
3176 NONE -32642;2855 0;0
3177 NONE -32642;2855 0;0
3178 NONE -32642;2855 0;0
3179 NONE -32642;2855 0;0
3180 NONE -32642;2855 0;0
3181 NONE -32642;2855 0;0
3182 NONE -32642;2855 0;0
3183 NONE -32642;2855 0;0
3184 NONE -32642;2855 0;0
3185 NONE -32642;2855 0;0
3186 NONE -32642;2855 0;0
3187 NONE -32642;2855 0;0
3188 NONE -32642;2855 0;0
3189 NONE -32642;2855 0;0
3190 NONE -32642;2855 0;0
3191 NONE -32642;2855 0;0
3192 NONE -32642;2855 0;0
3193 NONE -32642;2855 0;0
3194 NONE -32642;2855 0;0
3195 NONE -32642;2855 0;0
3196 NONE -32642;2855 0;0
3197 NONE -32642;2855 0;0
3198 NONE -32642;2855 0;0
3199 NONE -32642;2855 0;0
3200 NONE -32642;2855 0;0
3201 NONE -32642;2855 0;0
3202 NONE -32642;2855 0;0
3203 NONE -32642;2855 0;0
3204 NONE -32642;2855 0;0
3205 NONE -32642;2855 0;0
3206 NONE -32642;2855 0;0
3207 NONE -32642;2855 0;0
3208 NONE -32642;2855 0;0
3209 KEY_L;KEY_DUP -32747;1143 0;0
3210 NONE -28377;16383 0;0
3211 NONE -28377;16383 0;0
3212 NONE -28377;16383 0;0
3213 NONE -28377;16383 0;0
3214 NONE -28377;16383 0;0
3215 NONE -28377;16383 0;0
3216 NONE -28377;16383 0;0
3217 KEY_ZL -28377;16383 0;0
3218 KEY_Y;KEY_ZL 0;0 0;0
3219 KEY_Y 0;0 0;0
3220 KEY_Y 0;0 0;0
3221 KEY_Y 0;0 0;0
3222 KEY_Y 0;0 0;0
3223 KEY_Y 0;0 0;0
3224 KEY_Y 0;0 0;0
3225 KEY_Y 0;0 0;0
3226 KEY_Y 0;0 0;0
3227 KEY_Y 0;0 0;0
3228 KEY_Y 0;0 0;0
3229 KEY_Y 0;0 0;0
3230 KEY_Y 0;0 0;0
3231 KEY_Y 0;0 0;0
3232 KEY_Y 0;0 0;0
3233 KEY_Y 0;0 0;0
3234 KEY_Y 0;0 0;0
3235 KEY_Y 0;0 0;0
3236 KEY_Y 0;0 0;0
3237 KEY_Y 0;0 0;0
3238 KEY_Y 0;0 0;0
3239 KEY_Y 0;0 0;0
3240 KEY_Y 0;0 0;0
3241 KEY_Y 0;0 0;0
3242 KEY_Y 0;0 0;0
3243 KEY_Y 0;0 0;0
3244 KEY_Y 0;0 0;0
3245 KEY_Y 0;0 0;0
3246 KEY_Y -27263;18175 0;0
3247 NONE -27263;18175 0;0
3248 NONE -27263;18175 0;0
3249 NONE -27263;18175 0;0
3250 NONE -27263;18175 0;0
3251 NONE -27263;18175 0;0
3252 NONE -27263;18175 0;0
3253 NONE -27263;18175 0;0
3254 NONE -27263;18175 0;0
3255 NONE -27263;18175 0;0
3256 NONE -27263;18175 0;0
3257 NONE -27263;18175 0;0
3258 NONE -27263;18175 0;0
3259 NONE -27263;18175 0;0
3260 NONE -27263;18175 0;0
3261 NONE -27263;18175 0;0
3262 NONE -27263;18175 0;0
3263 NONE -27263;18175 0;0
3264 NONE -27263;18175 0;0
3265 NONE -27263;18175 0;0
3266 NONE -27263;18175 0;0
3267 NONE -27263;18175 0;0
3268 NONE -27263;18175 0;0
3269 NONE -27263;18175 0;0
3270 NONE -27263;18175 0;0
3271 KEY_ZL -27263;18175 0;0
3272 KEY_Y;KEY_ZL -27263;18175 0;0
3273 NONE -27263;18175 0;0
3274 NONE -27263;18175 0;0
3275 NONE -27263;18175 0;0
3276 NONE -27263;18175 0;0
3277 NONE -27263;18175 0;0
3278 NONE -27263;18175 0;0
3279 NONE -27263;18175 0;0
3280 NONE -27263;18175 0;0
3281 NONE -27263;18175 0;0
3282 NONE -27263;18175 0;0
3283 NONE -27263;18175 0;0
3284 NONE -27263;18175 0;0
3285 KEY_A -27263;18175 0;0
3286 NONE -27263;18175 0;0
3287 NONE -27263;18175 0;0
3288 NONE -27263;18175 0;0
3289 NONE -27263;18175 0;0
3290 NONE 17285;27836 0;0
3291 NONE 17285;27836 0;0
3292 NONE 17285;27836 0;0
3293 NONE 17285;27836 0;0
3294 NONE 17285;27836 0;0
3295 NONE 17285;27836 0;0
3296 NONE 17285;27836 0;0
3297 NONE 17285;27836 0;0
3298 NONE 17285;27836 0;0
3299 NONE 17285;27836 0;0
3300 NONE 17285;27836 0;0
3301 NONE 17285;27836 0;0
3302 NONE 0;0 0;0
3303 NONE 0;0 0;0
3304 NONE 0;0 0;0
3305 NONE 0;0 0;0
3306 NONE 0;0 0;0
3307 NONE 0;0 0;0
3308 NONE 0;0 0;0
3309 NONE 0;0 0;0
3310 NONE 0;0 0;0
3311 NONE 0;0 0;0
3312 NONE 0;0 0;0
3313 NONE 0;0 0;0
3314 NONE 16383;-28377 0;0
3315 NONE 16383;-28377 0;0
3316 NONE 0;32767 0;0
3317 NONE -28377;-16383 0;0
3318 NONE 28377;-16383 0;0
3319 NONE 0;32767 0;0
3320 NONE -28377;-16383 0;0
3321 NONE 28377;-16383 0;0
3322 NONE 0;32767 0;0
3323 NONE -28377;-16383 0;0
3324 NONE 28377;-16383 0;0
3325 NONE 0;32767 0;0
3326 NONE -28377;-16383 0;0
3327 NONE 28377;-16383 0;0
3328 NONE 0;32767 0;0
3329 NONE -28377;-16383 0;0
3330 NONE 28377;-16383 0;0
3331 NONE 0;32767 0;0
3332 KEY_A 0;32767 0;0
3333 KEY_ZL 0;32767 0;0
3334 KEY_ZL -571;-32762 0;0
3335 KEY_ZL -571;-32762 0;0
3336 KEY_ZL -571;-32762 0;0
3337 KEY_ZL -571;-32762 0;0
3338 KEY_ZL -571;-32762 0;0
3339 KEY_ZL -571;-32762 0;0
3340 KEY_ZL -571;-32762 0;0
3341 KEY_ZL -571;-32762 0;0
3342 KEY_ZL -571;-32762 0;0
3343 KEY_ZL -571;-32762 0;0
3344 KEY_ZL -571;-32762 0;0
3345 KEY_ZL -571;-32762 0;0
3346 KEY_ZL -571;-32762 0;0
3347 KEY_ZL -571;-32762 0;0
3348 KEY_ZL -571;-32762 0;0
3349 KEY_ZL -571;-32762 0;0
3350 KEY_ZL -571;-32762 0;0
3351 KEY_ZL;KEY_R -571;-32762 0;0
3352 KEY_ZL 0;0 0;0
3353 KEY_ZL 0;0 0;0
3354 KEY_ZL 0;0 0;0
3355 KEY_ZL 0;0 0;0
3356 KEY_ZL 0;0 0;0
3357 KEY_ZL 0;0 0;0
3358 KEY_ZL 0;0 0;0
3359 KEY_ZL 0;0 0;0
3360 KEY_ZL 0;0 0;0
3361 KEY_ZL 0;0 0;0
3362 KEY_ZL 0;0 0;0
3363 KEY_ZL 0;0 0;0
3364 KEY_ZL 0;0 0;0
3365 KEY_ZL 0;0 0;0
3366 KEY_ZL 0;0 0;0
3367 KEY_ZL 0;0 0;0
3368 KEY_ZL 0;0 0;0
3369 KEY_ZL 0;0 0;0
3370 KEY_ZL 0;0 0;0
3371 KEY_ZL 0;0 0;0
3372 KEY_A 0;0 0;-32767
3373 NONE 0;0 0;-32767
3374 NONE 0;0 0;-32767
3375 NONE 0;0 0;-32767
3376 NONE 0;0 0;-32767
3377 NONE 0;0 0;-32767
3378 NONE 0;0 0;-32767
3379 KEY_L;KEY_DUP 0;0 0;-32767
3380 NONE -23768;-22555 0;-32767
3381 NONE 0;0 0;-32767
3382 NONE 0;0 0;-32767
3383 NONE 0;0 0;-32767
3384 NONE 0;0 0;-32767
3385 NONE 0;0 0;-32767
3386 NONE 0;0 0;-32767
3387 NONE 0;0 0;-32767
3388 NONE 0;0 0;-32767
3389 NONE 0;0 0;-32767
3390 KEY_ZL 0;0 32767;0
3391 KEY_ZL 0;0 32767;0
3392 KEY_ZL 0;0 32767;0
3393 KEY_ZL 0;0 32767;0
3394 KEY_ZL 0;0 32767;0
3395 KEY_ZL 0;0 32767;0
3396 KEY_ZL 0;0 32767;0
3397 KEY_ZL 0;0 32767;0
3398 KEY_ZL 0;0 32767;0
3399 KEY_ZL 0;0 32767;0
3400 KEY_ZL 0;0 32767;0
3401 KEY_ZL 0;0 32767;0
3402 KEY_ZL 0;0 32767;0
3403 KEY_ZL 0;0 32767;0
3404 KEY_ZL 0;0 32767;0
3405 KEY_ZL 0;0 32767;0
3406 KEY_ZL 0;0 32767;0
3407 KEY_ZL 0;0 32767;0
3408 KEY_ZL 0;0 32767;0
3409 KEY_ZL 0;0 32767;0
3410 KEY_ZL 0;0 32767;0
3411 KEY_ZL 0;0 32767;0
3412 KEY_ZL 0;0 32767;0
3413 KEY_ZL 0;0 32767;0
3414 KEY_ZL 0;0 32767;0
3415 NONE 0;0 0;0
3416 NONE 0;0 0;0
3417 NONE 0;0 0;0
3418 NONE 0;0 0;0
3419 NONE 0;0 0;0
3420 NONE 0;0 0;0
3421 NONE 0;0 0;0
3422 NONE 0;0 0;0
3423 NONE 0;0 0;0
3424 NONE 0;0 0;0
3425 NONE 0;0 0;0
3426 NONE 0;0 0;0
3427 NONE 0;0 0;0
3428 NONE 0;0 0;0
3429 NONE 0;0 0;0
3430 NONE 0;0 0;0
3431 NONE 0;0 0;0
3432 NONE 0;0 0;0
3433 NONE 0;0 0;0
3434 NONE 0;0 0;0
3435 NONE 0;0 0;0
3436 NONE 0;0 0;0
3437 NONE 0;0 0;0
3438 NONE 0;0 0;0
3439 NONE 0;0 0;0
3440 NONE 0;0 0;0
3441 NONE 0;0 0;0
3442 NONE 0;0 0;0
3443 NONE 0;0 0;0
3444 NONE 0;0 0;0
3445 NONE 0;0 0;0
3446 NONE 0;0 0;0
3447 NONE 0;0 0;0
3448 NONE 0;0 0;0
3449 NONE 0;0 0;0
3450 NONE 0;0 0;0
3451 NONE 0;0 0;0
3452 NONE 0;0 0;0
3453 NONE 0;0 0;0
3454 NONE 0;0 0;0
3455 NONE 0;0 0;0
3456 NONE 0;0 0;0
3457 NONE 0;0 0;0
3458 NONE 0;0 0;0
3459 NONE 0;0 0;0
3460 NONE 0;0 0;0
3461 NONE 0;0 0;0
3462 NONE 0;0 0;0
3463 NONE 0;0 0;0
3464 NONE 0;0 0;0
3465 NONE 0;0 0;0
3466 NONE 0;0 0;0
3467 NONE 0;0 0;0
3468 NONE 0;0 0;0
3469 NONE 0;0 0;0
3470 NONE 0;0 0;0
3471 NONE 0;0 0;0
3472 NONE 0;0 0;0
3473 NONE 0;0 0;0
3474 NONE 0;0 0;0
3475 NONE 0;0 0;0
3476 NONE 0;0 0;0
3477 NONE 0;0 0;0
3478 NONE 0;0 0;0
3479 NONE 0;0 0;0
3480 NONE 0;0 0;0
3481 NONE 0;0 0;0
3482 NONE 0;0 0;0
3483 NONE 0;0 0;0
3484 NONE 0;0 0;0
3485 NONE 0;0 0;0
3486 NONE 0;0 0;0
3487 NONE 0;0 0;0
3488 NONE 0;0 0;0
3489 NONE 0;0 0;0
3490 NONE 0;0 0;0
3491 NONE 0;0 0;0
3492 NONE 0;0 0;0
3493 NONE 0;0 0;0
3494 NONE 0;0 0;0
3495 NONE 0;0 0;0
3496 NONE 0;0 0;0
3497 NONE 0;0 0;0
3498 NONE 0;0 0;0
3499 NONE 0;0 0;0
3500 NONE 0;0 0;0
3501 NONE 0;0 0;0
3502 NONE 0;0 0;0
3503 NONE 0;0 0;0
3504 NONE 0;0 0;0
3505 NONE 0;0 0;0
3506 NONE 0;0 0;0
3507 NONE 0;0 0;0
3508 NONE 0;0 0;0
3509 NONE 0;0 0;0
3510 NONE 0;0 0;0
3511 NONE 0;0 0;0
3512 NONE 0;0 0;0
3513 NONE 0;0 0;0
3514 NONE 0;0 0;0
3515 NONE 0;0 0;0
3516 NONE 0;0 0;0
3517 NONE 0;0 0;0
3518 NONE 0;0 0;0
3519 NONE 0;0 0;0
3520 NONE 0;0 0;0
3521 NONE 0;0 0;0
3522 NONE 0;0 0;0
3523 NONE 0;0 0;0
3524 NONE 0;0 0;0
3525 NONE 0;0 0;0
3526 NONE 0;0 0;0
3527 NONE 0;0 0;0
3528 NONE 0;0 0;0
3529 NONE 0;0 0;0
3530 NONE 0;0 0;0
3531 NONE 0;0 0;0
3532 NONE 0;0 0;0
3533 NONE 0;0 0;0
3534 NONE 0;0 0;0
3535 NONE 0;0 0;0
3536 NONE 0;0 0;0
3537 NONE 0;0 0;0
3538 NONE 0;0 0;0
3539 NONE 0;0 0;0
3540 NONE 0;0 0;0
3541 NONE 0;0 0;0
3542 NONE 0;0 0;0
3543 NONE 0;0 0;0
3544 NONE 0;0 0;0
3545 NONE 0;0 0;0
3546 NONE 0;0 0;0
3547 NONE 0;0 0;0
3548 NONE 0;0 0;0
3549 NONE 0;0 0;0
3550 NONE 0;0 0;0
3551 NONE 0;0 0;0
3552 NONE 0;0 0;0
3553 NONE 0;0 0;0
3554 NONE 0;0 0;0
3555 NONE 0;0 0;0
3556 NONE 0;0 0;0
3557 NONE 0;0 0;0
3558 NONE 0;0 0;0
3559 NONE 0;0 0;0
3560 NONE 0;0 0;0
3561 NONE 0;0 0;0
3562 NONE 0;0 0;0
3563 NONE 0;0 0;0
3564 NONE 0;0 0;0
3565 NONE 0;0 0;0
3566 NONE 0;0 0;0
3567 NONE 0;0 0;0
3568 NONE 0;0 0;0
3569 NONE 0;0 0;0
3570 NONE 0;0 0;0
3571 NONE 0;0 0;0
3572 NONE 0;0 0;0
3573 NONE 0;0 0;0
3574 NONE 0;0 0;0
3575 NONE 0;0 0;0
3576 NONE 0;0 0;0
3577 NONE 0;0 0;0
3578 NONE 0;0 0;0
3579 NONE 0;0 0;0
3580 NONE 0;0 0;0
3581 NONE 0;0 0;0
3582 NONE 0;0 0;0
3583 NONE 0;0 0;0
3584 NONE 0;0 0;0
3585 NONE 0;0 0;0
3586 NONE 0;0 0;0
3587 NONE 0;0 0;0
3588 NONE 0;0 0;0
3589 NONE 0;0 0;0
3590 NONE 0;0 0;0
3591 NONE 0;0 0;0
3592 NONE 0;0 0;0
3593 NONE 0;0 0;0
3594 NONE 0;0 0;0
3595 NONE 0;0 0;0
3596 NONE 0;0 0;0
3597 NONE 0;0 0;0
3598 NONE 0;0 0;0
3599 NONE 0;0 0;0
3600 NONE 0;0 0;0
3601 NONE 0;0 0;0
3602 NONE 0;0 0;0
3603 NONE 0;0 0;0
3604 NONE 0;0 0;0
3605 NONE 0;0 0;0
3606 NONE 0;0 0;0
3607 NONE 0;0 0;0
3608 NONE 0;0 0;0
3609 NONE 0;0 0;0
3610 NONE 0;0 0;0
3611 NONE 0;0 0;0
3612 NONE 0;0 0;0
3613 NONE 0;0 0;0
3614 NONE 0;0 0;0
3615 NONE 0;0 0;0
3616 NONE 0;0 0;0
3617 NONE 0;0 0;0
3618 NONE 0;0 0;0
3619 NONE 0;0 0;0
3620 NONE 0;0 0;0
3621 NONE 0;0 0;0
3622 NONE 0;0 0;0
3623 NONE 0;0 0;0
3624 NONE 0;0 0;0
3625 KEY_ZL 8834;-31553 0;0
3626 KEY_Y;KEY_ZL 8834;-31553 0;0
3627 KEY_Y;KEY_ZL 8834;-31553 0;-32767
3628 KEY_Y;KEY_ZL 8834;-31553 0;-32767
3629 KEY_Y;KEY_ZL 8834;-31553 0;-32767
3630 KEY_Y;KEY_ZL 8834;-31553 0;-32767
3631 KEY_Y;KEY_ZL 8834;-31553 0;-32767
3632 KEY_Y;KEY_ZL 8834;-31553 0;-32767
3633 KEY_Y;KEY_ZL 8834;-31553 0;-32767
3634 KEY_Y;KEY_ZL 8834;-31553 0;-32767
3635 KEY_Y;KEY_ZL 8834;-31553 0;-32767
3636 KEY_Y;KEY_ZL 8834;-31553 0;-32767
3637 KEY_Y;KEY_ZL 8834;-31553 0;-32767
3638 KEY_Y;KEY_ZL 8834;-31553 0;-32767
3639 KEY_Y;KEY_ZL 8834;-31553 0;-32767
3640 KEY_Y;KEY_ZL 8834;-31553 0;-32767
3641 KEY_Y;KEY_ZL 8834;-31553 0;-32767
3642 KEY_Y;KEY_ZL 8834;-31553 0;-32767
3643 KEY_Y;KEY_ZL 8834;-31553 0;-32767
3644 KEY_Y;KEY_ZL 8834;-31553 0;-32767
3645 KEY_Y;KEY_ZL 8834;-31553 0;-32767
3646 KEY_Y;KEY_ZL 8834;-31553 0;-32767
3647 KEY_Y;KEY_ZL 8834;-31553 0;-32767
3648 KEY_Y;KEY_ZL 8834;-31553 0;-32767
3649 KEY_Y;KEY_ZL 8834;-31553 0;-32767
3650 KEY_Y;KEY_ZL 8834;-31553 0;-32767
3651 KEY_Y;KEY_ZL 8834;-31553 0;-32767
3652 KEY_Y;KEY_ZL 8834;-31553 0;-32767
3653 KEY_X;KEY_ZL 8834;-31553 0;-32767
3654 KEY_X 32767;0 0;0
3655 KEY_X 32767;0 0;0
3656 NONE 32767;0 0;0
3657 NONE 32767;0 0;0
3658 NONE 32767;0 0;0
3659 NONE 32767;0 0;0
3660 NONE 32767;0 0;0
3661 NONE 32767;0 0;0
3662 NONE 32767;0 0;0
3663 NONE 32767;0 0;0
3664 NONE 32767;0 0;0
3665 NONE 32767;0 0;0
3666 NONE 32767;0 0;0
3667 NONE 32767;0 0;0
3668 NONE 32767;0 0;0
3669 NONE 32767;0 0;0
3670 NONE 32767;0 0;0
3671 NONE 32767;0 0;0
3672 NONE 32767;0 0;0
3673 NONE 32767;0 0;0
3674 NONE 32767;0 0;0
3675 NONE 32767;0 0;0
3676 NONE 32767;0 0;0
3677 NONE 32767;0 0;0
3678 NONE 32767;0 0;0
3679 NONE 32767;0 0;0
3680 NONE 32767;0 0;0
3681 NONE 32767;0 0;0
3682 NONE 32767;0 0;0
3683 NONE 32767;0 0;0
3684 NONE 32767;0 0;0
3685 NONE 32767;0 0;0
3686 NONE 32767;0 0;0
3687 NONE 32767;0 0;0
3688 NONE 32767;0 0;0
3689 NONE 32767;0 0;0
3690 NONE 32767;0 0;0
3691 NONE 32767;0 0;0
3692 NONE 32767;0 0;0
3693 NONE 32767;0 0;0
3694 NONE 32767;0 0;0
3695 NONE 32767;0 0;0
3696 NONE 32767;0 0;0
3697 NONE 32767;0 0;0
3698 NONE 32767;0 0;0
3699 NONE 32767;0 0;0
3700 NONE 32767;0 0;0
3701 NONE 32767;0 0;0
3702 NONE 32767;0 0;0
3703 NONE 32767;0 0;0
3704 NONE 32767;0 0;0
3705 NONE 32767;0 0;0
3706 NONE 32767;0 0;0
3707 NONE 32767;0 0;0
3708 NONE 32767;0 0;0
3709 NONE 32767;0 0;0
3710 NONE 32767;0 0;0
3711 NONE 32767;0 0;0
3712 NONE 32767;0 0;0
3713 NONE 32767;0 0;0
3714 NONE 32767;0 0;0
3715 NONE 32767;0 0;0
3716 NONE 32767;0 0;0
3717 NONE 32767;0 0;0
3718 NONE 32767;0 0;0
3719 NONE 32767;0 0;0
3720 NONE 32767;0 0;0
3721 NONE 32767;0 0;0
3722 NONE 32767;0 0;0
3723 NONE 32767;0 0;0
3724 NONE 32767;0 0;0
3725 NONE 32767;0 0;0
3726 NONE 32767;0 0;0
3727 NONE 32767;0 0;0
3728 NONE 32767;0 0;0
3729 NONE 32767;0 0;0
3730 NONE 32767;0 0;0
3731 NONE 32767;0 0;0
3732 NONE 32767;0 0;0
3733 NONE 32767;0 0;0
3734 NONE 32767;0 0;0
3735 NONE 32767;0 0;0
3736 NONE 32767;0 0;0
3737 NONE 32767;0 0;0
3738 NONE 32767;0 0;0
3739 NONE 32767;0 0;0
3740 NONE 32767;0 0;0
3741 NONE 32767;0 0;0
3742 NONE 32767;0 0;0
3743 NONE 32767;0 0;0
3744 NONE 32767;0 0;0
3745 NONE 32767;0 0;0
3746 NONE 32681;2367 0;0
3747 NONE 32681;2367 0;0
3748 NONE -3121;-1802 0;0
3749 NONE -3121;-1802 0;0
3750 KEY_ZL -3121;-1802 0;0
3751 KEY_Y;KEY_ZL;KEY_R 0;0 0;0
3752 KEY_ZL 0;0 0;0
3753 KEY_ZL 0;0 0;0
3754 KEY_ZL 0;0 0;0
3755 KEY_ZL 0;0 0;0
3756 KEY_ZL 0;0 0;0
3757 KEY_ZL 0;0 0;0
3758 KEY_ZL 0;0 0;0
3759 KEY_ZL 0;0 0;0
3760 KEY_ZL 0;0 0;0
3761 KEY_ZL 0;0 0;0
3762 KEY_ZL 0;0 0;0
3763 KEY_ZL 0;0 0;0
3764 KEY_ZL 0;0 0;0
3765 KEY_ZL 0;0 0;0
3766 KEY_ZL 0;0 0;0
3767 KEY_ZL 0;0 0;0
3768 KEY_ZL 0;0 0;0
3769 KEY_ZL 0;0 0;0
3770 KEY_ZL 0;0 0;0
3771 KEY_ZL;KEY_L 0;0 0;-32767
3772 KEY_ZL 0;0 0;-32767
3773 KEY_ZL 0;0 0;-32767
3774 KEY_ZL 0;0 0;-32767
3775 KEY_ZL 0;0 0;-32767
3776 KEY_ZL 0;0 0;-32767
3777 KEY_ZL 0;0 0;-32767
3778 KEY_ZL 0;0 0;-32767
3779 KEY_ZL 0;0 0;-32767
3780 KEY_ZL 0;0 0;-32767
3781 KEY_ZL 0;0 0;-32767
3782 KEY_ZL 0;0 0;-32767
3783 KEY_ZL 0;0 0;-32767
3784 KEY_ZL 0;0 0;-32767
3785 KEY_ZL 0;0 0;-32767
3786 KEY_ZL 0;0 0;-32767
3787 KEY_ZL;KEY_L 0;0 0;-32767
3788 KEY_ZL 0;0 0;-32767
3789 KEY_ZL 0;0 0;-32767
3790 KEY_ZL 0;0 0;-32767
3791 KEY_ZL 0;0 0;-32767
3792 KEY_ZL 0;0 0;-32767
3793 KEY_ZL 0;0 0;-32767
3794 KEY_ZL 0;0 0;-32767
3795 KEY_ZL 0;0 0;-32767
3796 KEY_ZL 0;0 0;-32767
3797 KEY_ZL 0;0 0;-32767
3798 KEY_ZL 0;0 0;-32767
3799 KEY_ZL 0;0 0;-32767
3800 KEY_ZL 0;0 0;-32767
3801 KEY_ZL 0;0 0;-32767
3802 KEY_ZL 0;0 0;-32767
3803 KEY_ZL 0;0 0;-32767
3804 KEY_ZL 0;0 0;-32767
3805 KEY_ZL 0;0 0;-32767
3806 KEY_ZL 0;0 0;-32767
3807 KEY_ZL 0;0 0;-32767
3808 KEY_ZL 0;0 0;-32767
3809 KEY_ZL 0;0 0;-32767
3810 KEY_ZL 0;0 0;-32767
3811 KEY_ZL 0;0 0;-32767
3812 KEY_ZL 0;0 0;-32767
3813 KEY_ZL 0;0 0;-32767
3814 KEY_A;KEY_DRIGHT 0;0 0;-32767
3815 NONE 32642;2855 0;-32767
3816 NONE 0;32767 0;-32767
3817 NONE 0;32767 0;-32767
3818 NONE 0;32767 0;-32767
3819 NONE 0;32767 0;-32767
3820 NONE 0;32767 0;-32767
3821 NONE 0;32767 0;-32767
3822 NONE -17846;27480 0;-32767
3823 NONE -17846;27480 0;-32767
3824 NONE -17846;27480 0;-32767
3825 NONE -17846;27480 0;-32767
3826 NONE -17846;27480 0;-32767
3827 NONE -17846;27480 0;-32767
3828 NONE -17846;27480 0;-32767
3829 NONE 26841;18794 0;-32767
3830 NONE 26841;18794 0;-32767
3831 NONE 26841;18794 0;-32767
3832 NONE 26841;18794 0;-32767
3833 NONE 26841;18794 0;-32767
3834 NONE 26841;18794 0;-32767
3835 NONE 26841;18794 0;-32767
3836 NONE 26841;18794 0;-32767
3837 NONE 26841;18794 0;-32767
3838 NONE 26841;18794 0;-32767
3839 NONE 26841;18794 0;-32767
3840 NONE 26841;18794 0;-32767
3841 NONE 26841;18794 0;-32767
3842 NONE 26841;18794 0;-32767
3843 NONE 25100;-21062 0;-32767
3844 NONE 25100;-21062 0;-32767
3845 NONE 25100;-21062 0;-32767
3846 NONE 25100;-21062 0;-32767
3847 NONE 25100;-21062 0;-32767
3848 NONE 25100;-21062 0;-32767
3849 NONE 25100;-21062 0;-32767
3850 NONE 25100;-21062 0;-32767
3851 NONE 25100;-21062 0;-32767
3852 NONE 25100;-21062 0;-32767
3853 NONE 25100;-21062 0;-32767
3854 NONE 25100;-21062 0;-32767
3855 NONE 25100;-21062 0;-32767
3856 NONE 25100;-21062 0;-32767
3857 NONE 0;-32767 0;-32767
3858 NONE 0;-32767 0;-32767
3859 NONE 0;-32767 0;-32767
3860 NONE 0;-32767 0;-32767
3861 NONE 0;-32767 0;-32767
3862 NONE 0;-32767 0;-32767
3863 NONE 0;-32767 0;-32767
3864 NONE 0;-32767 0;-32767
3865 NONE 0;-32767 0;-32767
3866 NONE 0;-32767 0;-32767
3867 NONE 0;-32767 0;-32767
3868 KEY_B 0;-32767 0;-32767
3869 KEY_A 0;-32767 0;-32767
3870 KEY_B 0;-32767 0;-32767
3871 KEY_A 0;-32767 0;-32767
3872 KEY_B 0;-32767 0;-32767
3873 KEY_A 0;-32767 0;-32767
3874 KEY_B 0;-32767 0;-32767
3875 NONE 0;-32767 0;-32767
3876 NONE 0;-32767 0;-32767
3877 NONE 0;-32767 0;-32767
3878 NONE 0;-32767 0;-32767
3879 NONE 0;-32767 0;-32767
3880 NONE 0;-32767 0;-32767
3881 NONE 0;-32767 0;-32767
