0 NONE 0;0 0;0
1 NONE 0;0 0;0
2 KEY_A 0;0 0;0
3 KEY_A 0;0 0;0
4 NONE 0;0 0;0
5 NONE 0;0 0;0
6 NONE 0;0 0;0
7 NONE 0;0 0;0
8 NONE 0;0 0;0
9 NONE 0;0 0;0
10 NONE 0;0 0;0
11 NONE 0;0 0;0
12 NONE 0;0 0;0
13 NONE 0;0 0;0
14 NONE 0;0 0;0
15 NONE 0;0 0;0
16 NONE 0;0 0;0
17 NONE 0;0 0;0
18 NONE 0;0 0;0
19 NONE 0;0 0;0
20 NONE 0;0 0;0
21 NONE 0;0 0;0
22 NONE 0;0 0;0
23 NONE 0;0 0;0
24 NONE 0;0 0;0
25 NONE 0;0 0;0
26 NONE 0;0 0;0
27 NONE 0;0 0;0
28 NONE 0;0 0;0
29 NONE 0;0 0;0
30 NONE 0;0 0;0
31 NONE 0;0 0;0
32 NONE 0;0 0;0
33 NONE 0;0 0;0
34 NONE 0;0 0;0
35 NONE 0;0 0;0
36 NONE 0;0 0;0
37 NONE 0;0 0;0
38 NONE 0;0 0;0
39 NONE 0;0 0;0
40 NONE 0;0 0;0
41 NONE 0;0 0;0
42 NONE 0;0 0;0
43 NONE 0;0 0;0
44 NONE 0;0 0;0
45 NONE 0;0 0;0
46 NONE 0;0 0;0
47 NONE 0;0 0;0
48 NONE 0;0 0;0
49 NONE 0;0 0;0
50 NONE 0;0 0;0
51 NONE 0;0 0;0
52 NONE 0;0 0;0
53 NONE 0;0 0;0
54 NONE 0;0 0;0
55 NONE 0;0 0;0
56 NONE 0;0 0;0
57 NONE 0;0 0;0
58 NONE 0;0 0;0
59 NONE 0;0 0;0
60 NONE 0;0 0;0
61 NONE 0;0 0;0
62 NONE 0;0 0;0
63 NONE 0;0 0;0
64 NONE 0;0 0;0
65 NONE 0;0 0;0
66 NONE 0;0 0;0
67 NONE 0;0 0;0
68 NONE 0;0 0;0
69 NONE 0;0 0;0
70 NONE 0;0 0;0
71 NONE 0;0 0;0
72 NONE 0;0 0;0
73 NONE 0;0 0;0
74 NONE 0;0 0;0
75 NONE 0;0 0;0
76 NONE 0;0 0;0
77 NONE 0;0 0;0
78 NONE 0;0 0;0
79 NONE 0;0 0;0
80 NONE 0;0 0;0
81 NONE 0;0 0;0
82 NONE 0;0 0;0
83 NONE 0;0 0;0
84 NONE 0;0 0;0
85 NONE 0;0 0;0
86 NONE 0;0 0;0
87 NONE 0;0 0;0
88 NONE 0;0 0;0
89 NONE 0;0 0;0
90 NONE 0;0 0;0
91 NONE 0;0 0;0
92 NONE 0;0 0;0
93 NONE 0;0 0;0
94 NONE 0;0 0;0
95 NONE 0;0 0;0
96 NONE 0;0 0;0
97 NONE 0;0 0;0
98 NONE 0;0 0;0
99 NONE 0;0 0;0
100 NONE 0;0 0;0
101 NONE 0;0 0;0
102 NONE 0;0 0;0
103 NONE 0;0 0;0
104 NONE 0;0 0;0
105 NONE 0;0 0;0
106 NONE 0;0 0;0
107 NONE 0;0 0;0
108 NONE 0;0 0;0
109 NONE 0;0 0;0
110 NONE 0;0 0;0
111 NONE 0;0 0;0
112 NONE 0;0 0;0
113 NONE 0;0 0;0
114 NONE 0;0 0;0
115 NONE 0;0 0;0
116 NONE 0;0 0;0
117 NONE 0;0 0;0
118 NONE 0;0 0;0
119 NONE 0;0 0;0
120 NONE 0;0 0;0
121 NONE 0;0 0;0
122 NONE 0;0 0;0
123 NONE 0;0 0;0
124 NONE 0;0 0;0
125 NONE 0;0 0;0
126 NONE 0;0 0;0
127 NONE 0;0 0;0
128 NONE 0;0 0;0
129 NONE 0;0 0;0
130 NONE 0;0 0;0
131 NONE 0;0 0;0
132 NONE 0;0 0;0
133 NONE 0;0 0;0
134 NONE 0;0 0;0
135 NONE 0;0 0;0
136 NONE 0;0 0;0
137 NONE 0;0 0;0
138 NONE 0;0 0;0
139 NONE 0;0 0;0
140 NONE 0;0 0;0
141 NONE 0;0 0;0
142 NONE 0;0 0;0
143 NONE 0;0 0;0
144 NONE 0;0 0;0
145 NONE 0;0 0;0
146 NONE 0;0 0;0
147 NONE 0;0 0;0
148 NONE 0;0 0;0
149 NONE 0;0 0;0
150 NONE 0;0 0;0
151 NONE 0;0 0;0
152 NONE 0;0 0;0
153 NONE 0;0 0;0
154 NONE 0;0 0;0
155 NONE 0;0 0;0
156 NONE 0;0 0;0
157 NONE 0;0 0;0
158 NONE 0;0 0;0
159 NONE 0;0 0;0
160 NONE 0;0 0;0
161 NONE 0;0 0;0
162 NONE 0;0 0;0
163 NONE 0;0 0;0
164 NONE 0;0 0;0
165 NONE 0;0 0;0
166 NONE 0;0 0;0
167 NONE 0;0 0;0
168 NONE 0;0 0;0
169 NONE 0;0 0;0
170 NONE 0;0 0;0
171 NONE 0;0 0;0
172 NONE 0;0 0;0
173 NONE 0;0 0;0
174 NONE 0;0 0;0
175 NONE 0;0 0;0
176 NONE 0;0 0;0
177 NONE 0;0 0;0
178 NONE 0;0 0;0
179 NONE 0;0 0;0
180 NONE 0;0 0;0
181 NONE 0;0 0;0
182 NONE 0;0 0;0
183 NONE 0;0 0;0
184 NONE 0;0 0;0
185 NONE 0;0 0;0
186 NONE 0;0 0;0
187 NONE 0;0 0;0
188 NONE 0;0 0;0
189 NONE 0;0 0;0
190 NONE 0;0 0;0
191 NONE 0;0 0;0
192 NONE 0;0 0;0
193 NONE 0;0 0;0
194 NONE 0;0 0;0
195 NONE 0;0 0;0
196 NONE 0;0 0;0
197 NONE 0;0 0;0
198 NONE 0;0 0;0
199 NONE 0;0 0;0
200 NONE 0;0 0;0
201 NONE 0;0 0;0
202 NONE 0;0 0;0
203 NONE 0;0 0;0
204 NONE 0;0 0;0
205 NONE 0;0 0;0
206 NONE 0;0 0;0
207 NONE 0;0 0;0
208 NONE 0;0 0;0
209 NONE 0;0 0;0
210 NONE 0;0 0;0
211 NONE 0;0 0;0
212 NONE 0;0 0;0
213 NONE 0;0 0;0
214 NONE 0;0 0;0
215 NONE 0;0 0;0
216 NONE 0;0 0;0
217 NONE 0;0 0;0
218 NONE 0;0 0;0
219 NONE 0;0 0;0
220 NONE 0;0 0;0
221 NONE 0;0 0;0
222 NONE 0;0 0;0
223 NONE 0;0 0;0
224 NONE 0;0 0;0
225 NONE 0;0 0;0
226 NONE 0;0 0;0
227 NONE 0;0 0;0
228 NONE 0;0 0;0
229 NONE 0;0 0;0
230 NONE 0;0 0;0
231 NONE 0;0 0;0
232 NONE 0;0 0;0
233 NONE 0;0 0;0
234 NONE 0;0 0;0
235 NONE 0;0 0;0
236 NONE 0;0 0;0
237 NONE 0;0 0;0
238 NONE 0;0 0;0
239 NONE 0;0 0;0
240 NONE 0;0 0;0
241 NONE 0;0 0;0
242 NONE 0;0 0;0
243 NONE 0;0 0;0
244 NONE 0;0 0;0
245 NONE 0;0 0;0
246 NONE 0;0 0;0
247 NONE 0;0 0;0
248 KEY_L 0;0 0;0
249 NONE 32767;0 0;0
250 NONE -16383;28377 0;0
251 NONE -16383;-28377 0;0
252 NONE 32767;0 0;0
253 NONE -16383;28377 0;0
254 NONE -16383;-28377 0;0
255 NONE 32767;0 0;0
256 NONE -16383;28377 0;0
257 NONE -16383;-28377 0;0
258 NONE 32767;0 0;0
259 NONE -16383;28377 0;0
260 NONE -16383;-28377 0;0
261 NONE 32767;0 0;0
262 NONE -16383;28377 0;0
263 NONE -16383;-28377 0;0
264 NONE 32767;0 0;0
265 NONE -16383;28377 0;0
266 NONE -16383;-28377 0;0
267 NONE 32767;0 0;0
268 NONE -16383;28377 0;0
269 NONE -16383;-28377 0;0
270 NONE 32767;0 0;0
271 NONE -16383;28377 0;0
272 NONE -16383;-28377 0;0
273 NONE 32767;0 0;0
274 NONE -16383;28377 0;0
275 NONE -16383;-28377 0;0
276 NONE 32767;0 0;0
277 NONE -16383;28377 0;0
278 NONE -16383;-28377 0;0
279 NONE 32767;0 0;0
280 NONE -16383;28377 0;0
281 NONE -16383;-28377 0;0
282 NONE 32767;0 0;0
283 NONE -16383;28377 0;0
284 NONE -16383;-28377 0;0
285 NONE 32767;0 0;0
286 NONE -16383;28377 0;0
287 NONE -16383;-28377 0;0
288 NONE 32627;0 0;0
289 KEY_A -28789;15631 0;0
290 KEY_ZL -28789;15631 0;0
291 KEY_ZL -28789;15631 0;0
292 KEY_ZL -28789;15631 0;0
293 KEY_ZL -28789;15631 0;0
294 KEY_ZL -28789;15631 0;0
295 KEY_ZL -28789;15631 0;0
296 KEY_ZL -28789;15631 0;0
297 KEY_Y;KEY_ZL -28789;15631 0;0
298 KEY_ZL;KEY_R -28789;15631 0;0
299 KEY_ZL 0;32758 0;0
300 KEY_ZL 0;32758 0;0
301 KEY_ZL 0;32758 0;0
302 KEY_ZL 0;32758 0;0
303 KEY_ZL 0;32758 0;0
304 KEY_ZL 0;32758 0;0
305 KEY_ZL 0;32758 0;0
306 KEY_ZL 0;32758 0;0
307 KEY_ZL 0;32758 0;0
308 KEY_ZL 0;32758 0;0
309 KEY_ZL 0;32758 0;0
310 KEY_ZL 0;32758 0;0
311 KEY_ZL 0;32758 0;0
312 KEY_ZL 0;32757 0;0
313 KEY_ZL 0;32757 0;0
314 KEY_ZL 0;32757 0;0
315 KEY_ZL 0;32757 0;0
316 KEY_ZL 0;32757 0;0
317 KEY_ZL 0;32757 0;0
318 KEY_ZL 16508;28275 0;0
319 KEY_ZL 16508;28275 0;0
320 KEY_ZL 16508;28275 0;0
321 KEY_ZL 16508;28275 0;0
322 KEY_ZL 16508;28275 0;0
323 KEY_ZL 16508;28275 0;0
324 KEY_ZL 16508;28275 0;0
325 KEY_ZL 16508;28275 0;0
326 KEY_ZL 16508;28275 0;0
327 KEY_ZL 16508;28275 0;0
328 KEY_ZL 16508;28275 0;0
329 KEY_ZL 16508;28275 0;0
330 KEY_ZL 16508;28275 0;0
331 KEY_ZL 16508;28275 0;0
332 KEY_ZL;KEY_L 16508;28275 0;0
333 KEY_ZL 16508;28275 0;0
334 KEY_ZL 16508;28275 0;0
335 KEY_ZL 16508;28275 0;0
336 KEY_ZL 16508;28275 0;0
337 KEY_ZL 16508;28275 0;0
338 KEY_ZL 16508;28275 0;0
339 KEY_ZL 16508;28275 0;0
340 KEY_ZL 16508;28275 0;0
341 KEY_ZL 16508;28275 0;0
342 KEY_ZL 16508;28275 0;0
343 KEY_ZL 16508;28275 0;0
344 KEY_ZL 16508;28275 0;0
345 KEY_ZL 16508;28275 0;0
346 KEY_ZL 16508;28275 0;0
347 KEY_ZL 16508;28275 0;0
348 KEY_ZL;KEY_L 16508;28275 0;0
349 KEY_ZL;KEY_L 16508;28275 0;0
350 KEY_ZL 16508;28275 0;0
351 KEY_ZL 16508;28275 0;0
352 KEY_ZL 16508;28275 0;0
353 KEY_ZL 16508;28275 0;0
354 KEY_ZL 16508;28275 0;0
355 KEY_ZL 16508;28275 0;0
356 KEY_ZL 16508;28275 0;0
357 KEY_ZL 16508;28275 0;0
358 KEY_ZL 16508;28275 0;0
359 KEY_ZL 16508;28275 0;0
360 KEY_ZL 16508;28275 0;0
361 KEY_ZL 16508;28275 0;0
362 KEY_ZL 16508;28275 0;0
363 KEY_ZL 16508;28275 0;0
364 KEY_ZL 16508;28275 0;0
365 KEY_ZL;KEY_L 16508;28275 0;0
366 KEY_ZL;KEY_L 16508;28275 0;0
367 KEY_ZL 16508;28275 0;0
368 KEY_ZL 16508;28275 0;0
369 KEY_ZL 16508;28275 0;0
370 KEY_ZL 16508;28275 0;0
371 KEY_ZL 16508;28275 0;0
372 KEY_ZL 16508;28275 0;0
373 KEY_ZL 16508;28275 0;0
374 KEY_ZL 16508;28275 0;0
375 KEY_ZL 16508;28275 0;0
376 KEY_ZL 16508;28275 0;0
377 KEY_ZL 16508;28275 0;0
378 KEY_ZL 16508;28275 0;0
379 KEY_ZL 16508;28275 0;0
380 KEY_ZL 16508;28275 0;0
381 KEY_ZL;KEY_L 16508;28275 0;0
382 KEY_ZL;KEY_L 16508;28275 0;0
383 KEY_ZL 16508;28275 0;0
384 KEY_ZL 16508;28275 0;0
385 KEY_ZL 16508;28275 0;0
386 KEY_ZL 16508;28275 0;0
387 KEY_ZL 16508;28275 0;0
388 KEY_ZL 16508;28275 0;0
389 KEY_ZL 16508;28275 0;0
390 KEY_ZL 16508;28275 0;0
391 KEY_ZL 16508;28275 0;0
392 KEY_A;KEY_ZL;KEY_DLEFT 6502;32107 0;0
393 KEY_A;KEY_ZL;KEY_DLEFT 6502;32107 0;0
394 KEY_ZL 6502;32107 0;0
395 KEY_ZL 6502;32107 0;0
396 KEY_ZL 6502;32107 0;0
397 KEY_ZL 6502;32107 0;0
398 KEY_ZL 6502;32107 0;0
399 KEY_ZL 6502;32107 0;0
400 KEY_ZL 6502;32107 0;0
401 KEY_ZL 6502;32107 0;0
402 KEY_ZL 6502;32107 0;0
403 KEY_ZL 6502;32107 0;0
404 KEY_ZL -2855;32634 0;0
405 KEY_ZL -2855;32634 0;0
406 KEY_ZL -2855;32634 0;0
407 KEY_ZL -2855;32634 0;0
408 KEY_ZL -2855;32634 0;0
409 KEY_ZL -2855;32633 0;0
410 KEY_ZL -2855;32633 0;0
411 KEY_ZL -2855;32633 0;0
412 KEY_ZL -2855;32633 0;0
413 KEY_ZL -2855;32633 0;0
414 KEY_ZL -2855;32633 0;0
415 KEY_ZL -2855;32633 0;0
416 KEY_ZL -2855;32633 0;0
417 KEY_ZL -2855;32633 0;0
418 KEY_ZL -2855;32633 0;0
419 KEY_ZL -2855;32633 0;0
420 KEY_ZL -2855;32633 0;0
421 KEY_ZL -2855;32633 0;0
422 KEY_ZL -2855;32633 0;0
423 KEY_ZL -2855;32633 0;0
424 KEY_ZL -2855;32633 0;0
425 KEY_ZL;KEY_R -2855;32633 0;0
426 KEY_ZL -2855;32633 0;0
427 KEY_ZL -2855;32633 0;0
428 KEY_ZL -2855;32633 0;0
429 KEY_ZL -2855;32633 0;0
430 KEY_ZL -2855;32633 0;0
431 KEY_ZL -2855;32633 0;0
432 KEY_ZL -2855;32633 0;0
433 KEY_ZL -2855;32633 0;0
434 KEY_ZL -2855;32633 0;0
435 KEY_ZL 0;32757 0;0
436 KEY_ZL 0;32757 0;0
437 KEY_ZL 0;32757 0;0
438 KEY_ZL 0;32757 0;0
439 KEY_ZL 0;32757 0;0
440 KEY_ZL 0;32757 0;0
441 KEY_ZL 0;32757 0;0
442 KEY_ZL 0;32757 0;0
443 KEY_ZL 0;32757 0;0
444 KEY_ZL 0;32757 0;0
445 KEY_ZL 0;32757 0;0
446 KEY_ZL 0;32757 0;0
447 KEY_ZL 0;32757 0;0
448 KEY_ZL 0;32757 0;0
449 KEY_ZL 0;32757 0;0
450 KEY_ZL 0;32756 0;0
451 NONE 0;32767 0;0
452 NONE 0;32767 0;0
453 NONE 0;32767 0;0
454 NONE 0;32767 0;0
455 NONE 0;32767 0;0
456 NONE 0;32767 0;0
457 NONE 0;32767 0;0
458 NONE 0;32767 0;0
459 NONE 0;32767 0;0
460 NONE 0;32767 0;0
461 NONE 0;32767 0;0
462 NONE 0;32767 0;0
463 NONE 0;32767 0;0
464 NONE 0;32767 0;0
465 NONE 0;32767 0;0
466 NONE 0;32767 0;0
467 NONE 0;32767 0;0
468 NONE 0;32767 0;0
469 NONE 0;32767 0;0
470 NONE 0;32767 0;0
471 NONE 0;32767 0;0
472 NONE 0;32767 0;0
473 NONE 0;32767 0;0
474 NONE 0;32767 0;0
475 NONE 0;32767 0;0
476 NONE 0;32767 0;0
477 NONE 0;32767 0;0
478 NONE 0;32767 0;0
479 NONE 0;32767 0;0
480 NONE 0;32767 0;0
481 NONE 0;32767 0;0
482 NONE 0;32767 0;0
483 NONE 0;32767 0;0
484 NONE 0;32767 0;0
485 NONE 0;32767 0;0
486 NONE 0;32767 0;0
487 NONE 0;32767 0;0
488 NONE 0;32767 0;0
489 NONE 0;32767 0;0
490 NONE 0;32767 0;0
491 NONE 0;32767 0;0
492 NONE 0;32767 0;0
493 NONE 0;32767 0;0
494 NONE 0;32767 0;0
495 NONE 0;32767 0;0
496 NONE 0;32767 0;0
497 NONE 0;32767 0;0
498 NONE 0;32767 0;0
499 NONE 0;32767 0;0
500 NONE 0;32767 0;0
501 NONE 0;32767 0;0
502 NONE 0;32767 0;0
503 NONE 0;0 0;0
504 NONE 0;0 0;0
505 NONE 0;0 0;0
506 NONE 0;0 0;0
507 NONE 0;0 0;0
508 NONE 0;0 0;0
509 NONE 0;0 0;0
510 NONE 0;0 0;0
511 NONE 0;0 0;0
512 NONE 0;0 0;0
513 NONE 0;0 0;0
514 NONE 0;0 0;0
515 NONE 0;0 0;0
516 NONE 0;0 0;0
517 NONE 0;0 0;0
518 NONE 0;0 0;0
519 NONE 0;0 0;0
520 NONE 0;0 0;0
521 NONE 0;0 0;0
522 NONE 0;0 0;0
523 NONE 0;0 0;0
524 NONE 0;0 0;0
525 NONE 0;0 0;0
526 NONE 0;0 0;0
527 NONE 0;0 0;0
528 NONE 0;0 0;0
529 NONE 0;0 0;0
530 NONE 0;0 0;0
531 NONE 0;0 0;0
532 NONE 0;0 0;0
533 NONE 0;0 0;0
534 NONE 0;0 0;0
535 NONE 0;0 0;0
536 NONE 0;0 0;0
537 NONE 0;0 0;0
538 NONE 0;0 0;0
539 NONE 0;0 0;0
540 NONE 0;0 0;0
541 NONE 0;0 0;0
542 NONE 0;0 0;0
543 NONE 0;0 0;0
544 NONE 0;0 0;0
545 NONE 0;0 0;0
546 NONE 0;0 0;0
547 NONE 0;0 0;0
548 NONE 0;0 0;0
549 NONE 0;0 0;0
550 NONE 0;0 0;0
551 NONE 0;0 0;0
552 NONE 0;0 0;0
553 NONE 0;0 0;0
554 NONE 0;0 0;0
555 NONE 0;0 0;0
556 NONE 0;0 0;0
557 NONE 0;0 0;0
558 NONE 0;0 0;0
559 NONE 0;0 0;0
560 NONE 0;0 0;0
561 NONE 0;0 0;0
562 NONE 0;0 0;0
563 NONE 0;0 0;0
564 NONE 0;0 0;0
565 NONE 0;0 0;0
566 NONE 0;0 0;0
567 NONE 0;0 0;0
568 NONE 0;0 0;0
569 NONE 0;0 0;0
570 NONE 0;0 0;0
571 NONE 0;0 0;0
572 NONE 0;0 0;0
573 NONE 0;0 0;0
574 NONE 0;0 0;0
575 NONE 0;0 0;0
576 NONE 0;0 0;0
577 NONE 0;0 0;0
578 NONE 0;0 0;0
579 NONE 0;0 0;0
580 NONE 0;0 0;0
581 NONE 0;0 0;0
582 NONE 0;0 0;0
583 NONE 0;0 0;0
584 NONE 0;0 0;0
585 NONE 0;0 0;0
586 NONE 0;0 0;0
587 NONE 0;0 0;0
588 NONE 0;0 0;0
589 NONE 0;0 0;0
590 NONE 0;0 0;0
591 NONE 0;0 0;0
592 NONE 0;0 0;0
593 NONE 0;0 0;0
594 NONE 0;0 0;0
595 NONE 0;0 0;0
596 NONE 0;0 0;0
597 NONE 0;0 0;0
598 NONE 0;0 0;0
599 NONE 0;0 0;0
600 NONE 0;0 0;0
601 NONE 0;0 0;0
602 NONE 0;0 0;0
603 NONE 0;0 0;0
604 NONE 0;0 0;0
605 NONE 0;0 0;0
606 NONE 0;0 0;0
607 NONE 0;0 0;0
608 NONE 0;0 0;0
609 NONE 0;0 0;0
610 NONE 0;0 0;0
611 NONE 0;0 0;0
612 NONE 0;0 0;0
613 NONE 0;0 0;0
614 NONE 0;0 0;0
615 NONE 0;0 0;0
616 NONE 0;0 0;0
617 NONE 0;0 0;0
618 NONE 0;0 0;0
619 NONE 0;0 0;0
620 NONE 0;0 0;0
621 NONE 0;0 0;0
622 NONE 0;0 0;0
623 NONE 0;0 0;0
624 NONE 0;0 0;0
625 NONE 0;0 0;0
626 NONE 0;0 0;0
627 NONE 0;0 0;0
628 NONE 0;0 0;0
629 NONE 0;0 0;0
630 NONE 0;0 0;0
631 NONE 0;0 0;0
632 NONE 0;0 0;0
633 NONE 0;0 0;0
634 NONE 0;0 0;0
635 NONE 0;0 0;0
636 NONE 0;0 0;0
637 NONE 0;0 0;0
638 NONE 0;0 0;0
639 NONE 0;0 0;0
640 NONE 0;0 0;0
641 NONE 0;0 0;0
642 NONE 0;0 0;0
643 NONE 0;0 0;0
644 NONE 0;0 0;0
645 NONE 0;0 0;0
646 NONE 0;0 0;0
647 NONE 0;0 0;0
648 NONE 0;0 0;0
649 NONE 0;0 0;0
650 NONE 0;0 0;0
651 NONE 0;0 0;0
652 NONE 0;0 0;0
653 NONE 0;0 0;0
654 NONE 0;0 0;0
655 NONE 0;0 0;0
656 NONE 0;0 0;0
657 NONE 0;0 0;0
658 NONE 0;0 0;0
659 NONE 0;0 0;0
660 NONE 0;0 0;0
661 NONE 0;0 0;0
662 NONE 0;0 0;0
663 NONE 0;32767 0;0
664 NONE 0;32767 0;0
665 NONE 0;32767 0;0
666 NONE 0;32767 0;0
667 NONE 0;32767 0;0
668 NONE 0;32767 0;0
669 NONE 0;32767 0;0
670 NONE 0;32767 0;0
671 NONE 0;32767 0;0
672 NONE 0;32767 0;0
673 NONE 0;32767 0;0
674 NONE 0;32767 0;0
675 NONE 0;32767 0;0
676 NONE 0;32767 0;0
677 NONE 0;32767 0;0
678 NONE 0;32767 0;0
679 NONE 0;32767 0;0
680 NONE 0;32767 0;0
681 NONE 0;32767 0;0
682 NONE 0;32767 0;0
683 NONE 0;32767 0;0
684 NONE 0;32767 0;0
685 NONE 0;32767 0;0
686 NONE 0;32767 0;0
687 NONE 0;32767 0;0
688 NONE 0;32767 0;0
689 NONE 0;32767 0;0
690 NONE 0;32767 0;0
691 NONE 0;32767 0;0
692 NONE 0;32767 0;0
693 KEY_R 0;0 0;0
694 NONE 0;0 0;0
695 NONE 0;0 0;0
696 NONE 0;0 0;0
697 NONE 0;0 0;0
698 NONE 0;0 0;0
699 NONE 0;0 0;0
700 NONE 0;0 0;0
701 NONE 0;0 0;0
702 NONE 0;0 0;0
703 NONE 0;0 0;0
704 NONE 0;0 0;0
705 NONE 0;0 0;0
706 NONE 0;0 0;0
707 NONE 0;0 0;0
708 NONE 0;0 0;0
709 NONE 0;0 0;0
710 NONE 0;0 0;0
711 NONE 0;0 0;0
712 NONE 0;0 0;0
713 NONE 0;0 0;0
714 NONE 0;0 32767;0
715 NONE 0;0 32767;0
716 NONE 0;0 32767;0
717 NONE 0;0 32767;0
718 NONE 0;0 32767;0
719 NONE 0;0 32767;0
720 NONE 0;0 32767;0
721 NONE 0;0 32767;0
722 NONE 0;0 32767;0
723 NONE 0;0 32767;0
724 NONE 0;0 32767;0
725 NONE 0;0 32767;0
726 NONE 0;0 32767;0
727 NONE 0;0 32767;0
728 NONE 0;0 0;0
729 NONE 0;0 0;0
730 NONE 0;0 0;0
731 NONE 0;0 0;0
732 NONE 0;0 0;0
733 NONE 0;0 0;0
734 NONE 0;0 0;0
735 NONE 0;0 0;0
736 NONE 0;0 0;0
737 NONE 0;0 0;0
738 NONE 0;0 0;0
739 NONE 0;0 0;0
740 NONE 0;0 0;0
741 NONE 0;0 0;0
742 NONE 0;0 0;0
743 NONE 0;0 0;0
744 NONE 0;0 0;0
745 NONE 0;0 0;0
746 NONE 0;0 0;0
747 NONE 0;0 0;0
748 NONE 0;0 0;0
749 NONE 0;0 0;0
750 NONE 0;0 0;0
751 NONE 0;0 0;0
752 NONE 0;0 0;0
753 NONE 0;0 0;0
754 NONE 0;0 0;0
755 NONE 0;0 0;0
756 NONE 0;0 0;0
757 NONE 0;0 0;0
758 NONE 0;0 0;0
759 NONE 0;0 0;0
760 NONE 0;0 0;0
761 NONE 0;0 0;0
762 NONE 0;0 0;0
763 NONE 0;0 0;0
764 NONE 0;0 0;0
765 NONE 0;0 0;0
766 NONE 0;0 0;0
767 NONE 0;0 0;0
768 NONE 0;0 0;0
769 NONE 0;0 0;0
770 NONE 0;0 0;0
771 NONE 0;0 0;0
772 NONE 0;0 0;0
773 NONE 0;0 0;0
774 NONE 0;0 0;0
775 NONE 0;0 0;0
776 NONE 0;0 0;0
777 NONE 0;0 0;0
778 NONE 0;0 0;0
779 NONE 0;0 0;0
780 NONE 0;0 0;0
781 NONE 0;0 0;0
782 NONE 0;0 0;0
783 NONE 0;0 0;0
784 NONE 0;0 0;0
785 NONE 0;0 0;0
786 NONE 0;0 0;0
787 NONE 0;0 0;0
788 NONE 0;0 0;0
789 NONE 0;0 0;0
790 NONE 0;0 0;0
791 NONE 0;0 0;0
792 NONE 0;0 0;0
793 NONE 0;0 0;0
794 NONE 0;0 0;0
795 NONE 0;0 0;0
796 NONE 0;0 0;0
797 NONE 0;0 0;0
798 NONE 0;0 0;0
799 NONE 0;0 0;0
800 NONE 0;0 0;0
801 NONE 0;0 0;0
802 NONE 0;0 0;0
803 NONE 0;0 0;0
804 NONE 0;0 0;0
805 NONE 0;0 0;0
806 NONE 0;0 0;0
807 NONE 0;0 0;0
808 NONE 0;0 0;0
809 NONE 0;0 0;0
810 NONE 0;0 0;0
811 NONE 0;0 0;0
812 NONE 0;0 0;0
813 NONE 0;0 0;0
814 NONE 0;0 0;0
815 NONE 0;0 0;0
816 NONE 0;0 0;0
817 NONE 0;0 0;0
818 NONE 0;0 0;0
819 NONE 0;0 0;0
820 NONE 0;0 0;0
821 NONE 0;0 0;0
822 NONE 0;0 0;0
823 NONE 0;0 0;0
824 NONE 0;0 0;0
825 NONE 0;0 0;0
826 NONE 0;0 0;0
827 NONE 0;0 0;0
828 NONE 0;0 0;0
829 NONE 0;0 0;0
830 NONE 0;0 0;0
831 NONE 0;0 0;0
832 NONE 0;0 0;0
833 NONE 0;0 0;0
834 NONE 0;0 0;0
835 NONE 0;0 0;0
836 NONE 0;0 0;0
837 NONE 0;0 0;0
838 NONE 0;0 0;0
839 NONE 0;0 0;0
840 NONE 0;0 0;0
841 NONE 0;0 0;0
842 NONE 0;0 0;0
843 NONE 0;0 0;0
844 NONE 0;0 0;0
845 NONE 0;0 0;0
846 NONE 0;0 0;0
847 NONE 0;0 0;0
848 NONE 0;0 0;0
849 NONE 0;0 0;0
850 NONE 0;0 0;0
851 NONE 0;0 0;0
852 NONE 0;0 0;0
853 NONE 0;0 0;0
854 NONE 0;0 0;0
855 NONE 0;0 0;0
856 NONE 0;0 0;0
857 NONE 0;0 0;0
858 NONE 0;0 0;0
859 NONE 0;0 0;0
860 NONE 0;0 0;0
861 NONE 0;0 0;0
862 NONE 0;0 0;0
863 NONE 0;0 0;0
864 NONE 0;0 0;0
865 NONE 0;0 0;0
866 NONE 0;0 0;0
867 NONE 0;0 0;0
868 NONE 0;0 0;0
869 NONE 0;0 0;0
870 NONE 0;0 0;0
871 NONE 0;0 0;0
872 NONE 0;0 0;0
873 NONE 0;0 0;0
874 NONE 0;0 0;0
875 NONE 0;0 0;0
876 NONE 0;0 0;0
877 NONE 0;0 0;0
878 NONE 0;0 0;0
879 NONE 0;0 0;0
880 NONE 0;0 0;0
881 NONE 0;0 0;0
882 NONE 0;0 0;0
883 NONE 0;0 0;0
884 NONE 0;0 0;0
885 NONE 0;0 0;0
886 NONE 0;0 0;0
887 NONE 0;0 0;0
888 NONE 0;0 0;0
889 NONE 0;0 0;0
890 NONE 0;0 0;0
891 NONE 0;0 0;0
892 NONE 0;0 0;0
893 NONE 0;0 0;0
894 NONE 0;0 0;0
895 NONE 0;0 0;0
896 NONE 0;0 0;0
897 NONE 0;0 0;0
898 NONE 0;0 0;0
899 NONE 0;0 0;0
900 NONE 0;0 0;0
901 NONE 0;0 0;0
902 NONE 0;0 0;0
903 NONE 0;0 0;0
904 NONE 0;0 0;0
905 NONE 0;0 0;0
906 NONE 0;0 0;0
907 NONE 0;0 0;0
908 NONE 0;0 0;0
909 NONE 0;0 0;0
910 NONE 0;0 0;0
911 NONE 0;0 0;0
912 NONE 0;0 0;0
913 NONE 0;0 0;0
914 NONE 0;0 0;0
915 NONE 0;0 0;0
916 NONE 0;0 0;0
917 NONE 0;0 0;0
918 NONE 0;0 0;0
919 NONE 0;0 0;0
920 NONE 0;0 0;0
921 NONE 0;0 0;0
922 NONE 0;0 0;0
923 NONE 0;0 0;0
924 NONE 0;0 0;0
925 NONE 0;0 0;0
926 NONE 0;0 0;0
927 NONE 0;0 0;0
928 NONE 0;0 0;0
929 NONE 0;0 0;0
930 NONE 0;0 0;0
931 NONE 0;0 0;0
932 NONE 0;0 0;0
933 NONE 0;0 0;0
934 NONE 0;0 0;0
935 NONE 0;0 0;0
936 KEY_ZL 6252;32164 0;0
937 KEY_ZR 6252;32164 0;0
938 KEY_Y;KEY_ZR 6252;32164 0;0
939 KEY_ZR 0;0 0;0
940 KEY_ZR 0;0 0;0
941 KEY_ZR 0;0 0;0
942 KEY_ZR 0;0 0;0
943 KEY_ZR 0;0 0;0
944 KEY_ZR 0;0 0;0
945 KEY_ZR 0;0 0;0
946 KEY_ZR 0;0 0;0
947 KEY_ZR 0;0 0;0
948 KEY_ZR 0;0 0;0
949 KEY_ZR 0;0 0;0
950 KEY_ZR 0;0 0;0
951 KEY_ZR 0;0 0;0
952 KEY_ZR 0;0 0;0
953 KEY_ZR 0;0 0;0
954 KEY_ZR 0;0 0;0
955 KEY_ZR 0;0 0;0
956 KEY_ZR 0;0 0;0
957 KEY_ZR 0;0 0;0
958 KEY_ZR 0;0 0;0
959 KEY_ZR 0;0 0;0
960 KEY_ZR 0;0 0;0
961 KEY_ZR 0;0 0;0
962 KEY_ZR 0;0 0;0
963 KEY_ZR 0;0 0;0
964 KEY_ZR 0;0 0;0
965 KEY_ZR 0;0 0;0
966 KEY_ZR 0;0 0;0
967 KEY_ZR 0;0 0;0
968 KEY_ZR;KEY_L 0;0 0;0
969 KEY_ZR 0;0 0;0
970 KEY_ZR 0;0 0;0
971 KEY_ZR 0;0 0;0
972 KEY_ZR 0;0 0;0
973 KEY_ZR 0;0 0;0
974 KEY_ZR 0;0 0;0
975 KEY_ZR 0;0 0;0
976 KEY_ZR 0;0 0;0
977 KEY_ZR 0;0 0;0
978 KEY_ZR 0;0 0;0
979 KEY_ZR 0;0 0;0
980 KEY_ZR 0;0 0;0
981 KEY_ZR 0;0 0;0
982 KEY_ZR 0;0 0;0
983 KEY_ZR;KEY_L -32767;0 0;0
984 KEY_ZR -32767;0 0;0
985 KEY_ZR -32767;0 0;0
986 KEY_ZR -32767;0 0;0
987 KEY_ZR -32767;0 0;0
988 KEY_ZR -32767;0 0;0
989 KEY_ZR -32767;0 0;0
990 KEY_ZR -32767;0 0;0
991 KEY_ZR -32767;0 0;0
992 KEY_ZR -32767;0 0;0
993 KEY_ZR -32767;0 0;0
994 KEY_ZR -32767;0 0;0
995 KEY_ZR -32767;0 0;0
996 KEY_ZR -32767;0 0;0
997 KEY_ZR -32767;0 0;0
998 KEY_ZR -32767;0 0;0
999 KEY_ZR;KEY_L -32767;0 0;0
1000 KEY_ZR -32767;0 0;0
1001 KEY_ZR -32767;0 0;0
1002 KEY_ZR -32767;0 0;0
1003 KEY_ZR -32767;0 0;0
1004 KEY_ZR -32767;0 0;0
1005 KEY_ZR -32767;0 0;0
1006 KEY_ZR -32767;0 0;0
1007 KEY_ZR -32767;0 0;0
1008 KEY_ZR -32767;0 0;0
1009 KEY_ZR -32767;0 0;0
1010 KEY_ZR -32767;0 0;0
1011 KEY_ZR -32767;0 0;0
1012 KEY_ZR -32767;0 0;0
1013 KEY_ZR -32767;0 0;0
1014 KEY_ZR -32767;0 0;0
1015 KEY_ZR -32767;0 0;0
1016 KEY_ZR -32767;0 0;0
1017 KEY_ZR -32767;0 0;0
1018 KEY_ZR -32767;0 0;0
1019 KEY_ZR -32767;0 0;0
1020 KEY_ZR -32767;0 0;0
1021 KEY_ZR -32767;0 0;0
1022 KEY_ZR -32767;0 0;0
1023 KEY_ZR -32767;0 0;0
1024 KEY_ZR -32767;0 0;0
1025 KEY_ZR;KEY_L -32767;0 0;0
1026 KEY_ZR -32767;0 0;0
1027 KEY_ZR -32767;0 0;0
1028 KEY_ZR -32767;0 0;0
1029 KEY_ZR -32767;0 0;0
1030 KEY_ZR -32767;0 0;0
1031 KEY_ZR -32767;0 0;0
1032 KEY_ZR -32767;0 0;0
1033 KEY_ZR -32767;0 0;0
1034 KEY_ZR -32767;0 0;0
1035 KEY_ZR -32767;0 0;0
1036 KEY_ZR -32767;0 0;0
1037 KEY_ZR -32767;0 0;0
1038 KEY_ZR -32767;0 0;0
1039 KEY_ZR -32767;0 0;0
1040 KEY_ZR -32767;0 0;0
1041 KEY_ZR -32767;0 0;0
1042 KEY_ZR;KEY_L -32767;0 0;0
1043 KEY_ZR -32767;0 0;0
1044 KEY_ZR -32767;0 0;0
1045 KEY_ZR -32767;0 0;0
1046 KEY_ZR -32767;0 0;0
1047 KEY_ZR -32767;0 0;0
1048 KEY_ZR -32767;0 0;0
1049 KEY_ZR -32767;0 0;0
1050 KEY_ZR -32767;0 0;0
1051 KEY_ZR -32767;0 0;0
1052 KEY_ZR -32767;0 0;0
1053 KEY_ZR -32767;0 0;0
1054 KEY_ZR -32767;0 0;0
1055 KEY_ZR -32767;0 0;0
1056 KEY_ZR -32767;0 0;0
1057 KEY_ZR -32767;0 0;0
1058 KEY_ZR;KEY_L -32767;0 0;0
1059 KEY_ZR -32767;0 0;0
1060 KEY_ZR -32767;0 0;0
1061 KEY_ZR -32767;0 0;0
1062 KEY_ZR -32767;0 0;0
1063 KEY_ZR -32767;0 0;0
1064 KEY_ZR -32767;0 0;0
1065 KEY_ZR -32767;0 0;0
1066 KEY_ZR -32767;0 0;0
1067 KEY_ZR -32767;0 0;0
1068 KEY_ZR -32767;0 0;0
1069 KEY_ZR -32767;0 0;0
1070 KEY_ZR -32767;0 0;0
1071 KEY_ZR -32767;0 0;0
1072 KEY_ZR -32767;0 0;0
1073 KEY_ZR -32767;0 0;0
1074 KEY_ZR;KEY_L -32767;0 0;0
1075 KEY_ZR -32767;0 0;0
1076 KEY_ZR -32767;0 0;0
1077 KEY_ZR -32767;0 0;0
1078 KEY_ZR -32767;0 0;0
1079 KEY_ZR -32767;0 0;0
1080 KEY_ZR -32767;0 0;0
1081 KEY_ZR -32767;0 0;0
1082 KEY_ZR -32767;0 0;0
1083 KEY_ZR -32767;0 0;0
1084 KEY_ZR -32767;0 0;0
1085 KEY_ZR -32767;0 0;0
1086 KEY_ZR -32767;0 0;0
1087 KEY_ZR -32767;0 0;0
1088 KEY_ZR -32767;0 0;0
1089 KEY_ZR -32767;0 0;0
1090 KEY_ZR;KEY_R;KEY_L -32767;0 0;0
1091 KEY_ZR -32767;0 0;0
1092 KEY_ZR -32767;0 0;0
1093 KEY_ZR -32767;0 0;0
1094 KEY_ZR -32767;0 0;0
1095 KEY_ZR -32767;0 0;0
1096 KEY_ZR -32767;0 0;0
1097 KEY_ZR -32767;0 0;0
1098 KEY_ZR -32767;0 0;0
1099 KEY_ZR -32767;0 0;0
1100 KEY_ZR -32767;0 0;0
1101 KEY_ZR -32767;0 0;0
1102 KEY_ZR -32767;0 0;0
1103 KEY_ZR -32767;0 0;0
1104 KEY_ZR -32767;0 0;0
1105 KEY_ZR -32767;0 0;0
1106 KEY_A;KEY_DRIGHT -2855;32642 0;0
1107 NONE -2855;32642 0;0
1108 NONE -2855;32642 0;0
1109 NONE -2855;32642 0;0
1110 NONE -2855;32642 0;0
1111 NONE -2855;32642 0;0
1112 NONE -2855;32642 0;0
1113 NONE -2855;32642 0;0
1114 KEY_A -2855;32642 0;0
1115 KEY_A -2855;32642 0;0
1116 KEY_A -2855;32642 0;0
1117 KEY_A -2855;32642 0;0
1118 KEY_A -2855;32642 0;0
1119 KEY_A -2855;32642 0;0
1120 KEY_A -2855;32642 0;0
1121 KEY_A -2855;32642 0;0
1122 KEY_A -2855;32642 0;0
1123 KEY_A;KEY_DRIGHT -2855;32642 0;0
1124 KEY_A;KEY_DRIGHT -2855;32642 0;0
1125 KEY_A;KEY_DRIGHT -2855;32642 0;0
1126 KEY_A;KEY_DRIGHT -2855;32642 0;0
1127 KEY_A;KEY_DRIGHT -2855;32642 0;0
1128 KEY_A;KEY_DRIGHT -2855;32642 0;0
1129 KEY_A;KEY_DRIGHT -2855;32642 0;0
1130 KEY_A;KEY_DRIGHT -2855;32642 0;0
1131 KEY_A;KEY_DRIGHT -2855;32642 0;0
1132 KEY_A;KEY_DRIGHT -2855;32642 0;0
1133 KEY_A;KEY_DRIGHT -2855;32642 0;0
1134 KEY_A;KEY_DRIGHT -2855;32642 0;0
1135 KEY_A;KEY_DRIGHT -2855;32642 0;0
1136 KEY_A;KEY_DRIGHT -2855;32642 0;0
1137 KEY_A;KEY_DRIGHT -2855;32642 0;0
1138 KEY_A;KEY_DRIGHT -2855;32642 0;0
1139 KEY_A;KEY_DRIGHT -2855;32642 0;0
1140 KEY_A;KEY_DRIGHT -2855;32642 0;0
1141 KEY_A;KEY_DRIGHT -2855;32642 0;0
1142 KEY_A;KEY_DRIGHT -2855;32642 0;0
1143 KEY_A;KEY_DRIGHT -2855;32642 0;0
1144 NONE 28377;16383 0;0
1145 NONE 28377;16383 0;0
1146 NONE 28377;16383 0;0
1147 NONE 28377;16383 0;0
1148 NONE 28377;16383 0;0
1149 NONE 28377;16383 0;0
1150 NONE 28377;16383 0;0
1151 NONE 28377;16383 0;0
1152 NONE 28377;16383 0;0
1153 NONE 28377;16383 0;0
1154 NONE 28377;16383 0;0
1155 NONE 28377;16383 0;0
1156 NONE 28377;16383 0;0
1157 NONE 28377;16383 0;0
1158 NONE 28377;16383 0;0
1159 NONE 28377;16383 0;0
1160 NONE 28377;16383 0;0
1161 NONE 28377;16383 0;0
1162 NONE 28377;16383 0;0
1163 NONE 28377;16383 0;0
1164 NONE 28377;16383 0;0
1165 NONE 28377;16383 0;0
1166 NONE 28377;16383 0;0
1167 NONE 28377;16383 0;0
1168 NONE 28377;16383 0;0
1169 NONE 28377;16383 0;0
1170 NONE 28377;16383 0;0
1171 NONE 28377;16383 0;0
1172 NONE 28377;16383 0;0
1173 NONE 28377;16383 0;0
1174 NONE 28377;16383 0;0
1175 NONE 28377;16383 0;0
1176 NONE 28377;16383 0;0
1177 NONE 28377;16383 0;0
1178 NONE 28377;16383 0;0
1179 NONE 28377;16383 0;0
1180 NONE 28377;16383 0;0
1181 NONE 28377;16383 0;0
1182 NONE 28377;16383 0;0
1183 NONE 28377;16383 0;0
1184 NONE 28377;16383 0;0
1185 NONE 28377;16383 0;0
1186 NONE 28377;16383 0;0
1187 NONE 28377;16383 0;0
1188 NONE 28377;16383 0;0
1189 NONE 28377;16383 0;0
1190 NONE 28377;16383 0;0
1191 NONE 28377;16383 0;0
1192 NONE 28377;16383 0;0
1193 NONE 28377;16383 0;0
1194 NONE 28377;16383 0;0
1195 NONE 28377;16383 0;0
1196 NONE 28377;16383 0;0
1197 NONE 28377;16383 0;0
1198 NONE 28377;16383 0;0
1199 NONE 28377;16383 0;0
1200 NONE 28377;16383 0;0
1201 NONE 28377;16383 0;0
1202 NONE 28377;16383 0;0
1203 NONE 28377;16383 0;0
1204 NONE 28377;16383 0;0
1205 NONE 28377;16383 0;0
1206 NONE 28377;16383 0;0
1207 NONE 28377;16383 0;0
1208 NONE 28377;16383 0;0
1209 NONE 28377;16383 0;0
1210 NONE 28377;16383 0;0
1211 NONE 28377;16383 0;0
1212 NONE 28377;16383 0;0
1213 NONE 28377;16383 0;0
1214 KEY_R 0;0 0;0
1215 NONE 0;0 0;0
1216 NONE 0;0 0;0
1217 NONE 0;0 0;0
1218 NONE 0;0 0;0
1219 NONE 0;0 0;0
1220 NONE 0;0 0;0
1221 NONE 0;0 0;0
1222 NONE 0;0 0;0
1223 NONE 0;0 0;0
1224 NONE 0;0 0;0
1225 NONE 0;0 0;0
1226 NONE 0;0 0;0
1227 NONE 0;0 0;0
1228 NONE 0;0 0;0
1229 NONE 0;0 0;0
1230 NONE 0;0 0;0
1231 NONE 0;0 0;0
1232 NONE 0;0 0;0
1233 NONE 0;0 0;0
1234 NONE 0;0 0;0
1235 NONE 0;0 0;-32767
1236 NONE 0;0 0;-32767
1237 NONE 0;0 0;-32767
1238 NONE 0;0 0;-32767
1239 NONE 0;0 0;-32767
1240 NONE 0;0 0;-32767
1241 NONE 0;0 0;-32767
1242 NONE 0;0 0;-32767
1243 NONE 0;0 0;0
1244 NONE 0;0 0;0
1245 NONE 0;0 0;0
1246 NONE 0;0 0;0
1247 NONE 0;0 0;0
1248 NONE 0;0 0;0
1249 NONE 0;0 0;0
1250 NONE 0;0 0;0
1251 NONE 0;0 0;0
1252 NONE 0;0 0;0
1253 NONE 0;0 0;0
1254 NONE 0;0 0;0
1255 NONE 0;0 0;0
1256 NONE 0;0 0;0
1257 NONE 0;0 0;0
1258 NONE 0;0 0;0
1259 NONE 0;0 0;0
1260 NONE 0;0 0;0
1261 NONE 0;0 0;0
1262 NONE 0;0 0;0
1263 NONE 0;0 0;0
1264 NONE 0;0 0;0
1265 NONE 0;0 0;0
1266 NONE 0;0 0;0
1267 NONE 0;0 0;0
1268 NONE 0;0 0;0
1269 NONE 0;0 0;0
1270 NONE 0;0 0;0
1271 NONE 0;0 0;0
1272 NONE 0;0 0;0
1273 NONE 0;0 0;0
1274 NONE 0;0 0;0
1275 NONE 0;0 0;0
1276 NONE 0;0 0;0
1277 NONE 0;0 0;0
1278 NONE 0;0 0;0
1279 NONE 0;0 0;0
1280 NONE 0;0 0;0
1281 NONE 0;0 0;0
1282 NONE 0;0 0;0
1283 NONE 0;0 0;0
1284 NONE 0;0 0;0
1285 NONE 0;0 0;0
1286 NONE 0;0 0;0
1287 NONE 0;0 0;0
1288 NONE 0;0 0;0
1289 NONE 0;0 0;0
1290 NONE 0;0 0;0
1291 NONE 0;0 0;0
1292 NONE 0;0 0;0
1293 NONE 0;0 0;0
1294 NONE 0;0 0;0
1295 NONE 0;0 0;0
1296 NONE 0;0 0;0
1297 NONE 0;0 0;0
1298 NONE 0;0 0;0
1299 NONE 0;0 0;0
1300 NONE 0;0 0;0
1301 NONE 0;0 0;0
1302 NONE 0;0 0;0
1303 NONE 0;0 0;0
1304 NONE 0;0 0;0
1305 NONE 0;0 0;0
1306 NONE 0;0 0;0
1307 NONE 0;0 0;0
1308 NONE 0;0 0;0
1309 NONE 0;0 0;0
1310 NONE 0;0 0;0
1311 NONE 0;0 0;0
1312 NONE 0;0 0;0
1313 NONE 0;0 0;0
1314 NONE 0;0 0;0
1315 NONE 0;0 0;0
1316 NONE 0;0 0;0
1317 NONE 0;0 0;0
1318 NONE 0;0 0;0
1319 NONE 0;0 0;0
1320 NONE 0;0 0;0
1321 NONE 0;0 0;0
1322 NONE 0;0 0;0
1323 NONE 0;0 0;0
1324 NONE 0;0 0;0
1325 NONE 0;0 0;0
1326 NONE 0;0 0;0
1327 NONE 0;0 0;0
1328 NONE 0;0 0;0
1329 NONE 0;0 0;0
1330 NONE 0;0 0;0
1331 NONE 0;0 0;0
1332 NONE 0;0 0;0
1333 NONE 0;0 0;0
1334 NONE 0;0 0;0
1335 NONE 0;0 0;0
1336 NONE 0;0 0;0
1337 NONE 0;0 0;0
1338 NONE 0;0 0;0
1339 NONE 0;0 0;0
1340 NONE 0;0 0;0
1341 NONE 0;0 0;0
1342 NONE 0;0 0;0
1343 NONE 0;0 0;0
1344 NONE 0;0 0;0
1345 NONE 0;0 0;0
1346 NONE 0;0 0;0
1347 NONE 0;0 0;0
1348 NONE 0;0 0;0
1349 NONE 0;0 0;0
1350 NONE 0;0 0;0
1351 NONE 0;0 0;0
1352 NONE 0;0 0;0
1353 NONE 0;0 0;0
1354 NONE 0;0 0;0
1355 NONE 0;0 0;0
1356 NONE 0;0 0;0
1357 NONE 0;0 0;0
1358 NONE 0;0 0;0
1359 NONE 0;0 0;0
1360 NONE 0;0 0;0
1361 NONE 0;0 0;0
1362 NONE 0;0 0;0
1363 NONE 0;0 0;0
1364 NONE 0;0 0;0
1365 NONE 0;0 0;0
1366 NONE 0;0 0;0
1367 NONE 0;0 0;0
1368 NONE 0;0 0;0
1369 NONE 0;0 0;0
1370 NONE 0;0 0;0
1371 NONE 0;0 0;0
1372 NONE 0;0 0;0
1373 KEY_ZR -18794;-26841 0;0
1374 KEY_Y;KEY_ZR -18794;-26841 0;0
1375 NONE -13847;29696 0;0
1376 NONE -13847;29696 0;0
1377 NONE -13847;29696 0;0
1378 NONE -13847;29696 0;0
1379 NONE -13847;29696 0;0
1380 NONE -13847;29696 0;0
1381 NONE -13847;29696 0;0
1382 NONE -13847;29696 0;0
1383 NONE -13847;29696 0;0
1384 NONE -13847;29696 0;0
1385 NONE -13847;29696 0;0
1386 NONE -13847;29696 0;0
1387 NONE -13847;29696 0;0
1388 NONE -13847;29696 0;0
1389 NONE -13847;29696 0;0
1390 NONE -13847;29696 0;0
1391 NONE -13847;29696 0;0
1392 NONE -13847;29696 0;0
1393 NONE -13847;29696 0;0
1394 NONE -13847;29696 0;0
1395 NONE -13847;29696 0;0
1396 NONE -13847;29696 0;0
1397 NONE -13847;29696 0;0
1398 NONE -13847;29696 0;0
1399 NONE -13847;29696 0;0
1400 NONE -13847;29696 0;0
1401 NONE -13847;29696 0;0
1402 NONE -13847;29696 0;0
1403 NONE -13847;29696 0;0
1404 NONE -13847;29696 0;0
1405 NONE -13847;29696 0;0
1406 NONE -13847;29696 0;0
1407 KEY_DLEFT -13847;29696 0;0
1408 KEY_DLEFT -13847;29696 0;0
1409 KEY_DLEFT -13847;29696 0;0
1410 KEY_DLEFT -13847;29696 0;0
1411 KEY_DLEFT -13847;29696 0;0
1412 KEY_DLEFT -13847;29696 0;0
1413 KEY_DLEFT -13847;29696 0;0
1414 KEY_A;KEY_DLEFT -13847;29696 0;0
1415 KEY_DLEFT -13847;29696 0;0
1416 KEY_DLEFT -13847;29696 0;0
1417 KEY_DLEFT -13847;29696 0;0
1418 KEY_DLEFT -13847;29696 0;0
1419 KEY_DLEFT -13847;29696 0;0
1420 KEY_DLEFT -13847;29696 0;0
1421 KEY_DLEFT -13847;29696 0;0
1422 KEY_DLEFT -13847;29696 0;0
1423 KEY_DLEFT -13847;29696 0;0
1424 KEY_DLEFT -13847;29696 0;0
1425 KEY_DLEFT -13847;29696 0;0
1426 KEY_DLEFT -13847;29696 0;0
1427 KEY_DLEFT -13847;29696 0;0
1428 KEY_DLEFT -13847;29696 0;0
1429 KEY_DLEFT -13847;29696 0;0
1430 KEY_DLEFT -13847;29696 0;0
1431 KEY_DLEFT -13847;29696 0;0
1432 KEY_DLEFT -13847;29696 0;0
1433 KEY_DLEFT -13847;29696 0;0
1434 KEY_DLEFT -13847;29696 0;0
1435 NONE -13847;29696 0;0
1436 NONE -13847;29696 0;0
1437 NONE -13847;29696 0;0
1438 NONE -13847;29696 0;0
1439 NONE -13847;29696 0;0
1440 NONE -13847;29696 0;0
1441 NONE -13847;29696 0;0
1442 NONE -13847;29696 0;0
1443 NONE -13847;29696 0;0
1444 NONE -13847;29696 0;0
1445 NONE -13847;29696 0;0
1446 NONE -13847;29696 0;0
1447 NONE -13847;29696 0;0
1448 NONE -13847;29696 0;0
1449 NONE -13847;29696 0;0
1450 NONE -13847;29696 0;0
1451 NONE -13847;29696 0;0
1452 NONE -13847;29696 0;0
1453 NONE -13847;29696 0;0
1454 NONE -13847;29696 0;0
1455 NONE -13847;29696 0;0
1456 NONE -13847;29696 0;0
1457 NONE -13847;29696 0;0
1458 NONE -13847;29696 0;0
1459 NONE -13847;29696 0;0
1460 NONE -13847;29696 0;0
1461 NONE -13847;29696 0;0
1462 NONE -13847;29696 0;0
1463 NONE -13847;29696 0;0
1464 NONE -13847;29696 0;0
1465 NONE -13847;29696 0;0
1466 NONE -13847;29696 0;0
1467 NONE -13847;29696 0;0
1468 NONE -13847;29696 0;0
1469 NONE -13847;29696 0;0
1470 NONE -13847;29696 0;0
1471 NONE -13847;29696 0;0
1472 NONE -13847;29696 0;0
1473 NONE -13847;29696 0;0
1474 NONE -13847;29696 0;0
1475 NONE -13847;29696 0;0
1476 NONE -13847;29696 0;0
1477 NONE -13847;29696 0;0
1478 NONE -13847;29696 0;0
1479 NONE -13847;29696 0;0
1480 NONE -13847;29696 0;0
1481 NONE -13847;29696 0;0
1482 NONE -13847;29696 0;0
1483 NONE -13847;29696 0;0
1484 NONE -13847;29696 0;0
1485 NONE -13847;29696 0;0
1486 NONE -13847;29696 0;0
1487 NONE -13847;29696 0;0
1488 NONE -13847;29696 0;0
1489 NONE -13847;29696 0;0
1490 NONE -13847;29696 0;0
1491 NONE -13847;29696 0;0
1492 NONE -13847;29696 0;0
1493 NONE -13847;29696 0;0
1494 NONE -13847;29696 0;0
1495 NONE 0;0 0;0
1496 NONE 0;0 0;0
1497 NONE 0;0 0;0
1498 NONE 0;0 0;0
1499 NONE 0;0 0;0
1500 NONE 0;0 0;0
1501 NONE 0;0 0;0
1502 NONE 0;0 0;0
1503 NONE 0;0 0;0
1504 NONE 0;0 0;0
1505 NONE 0;0 0;0
1506 NONE 0;0 0;0
1507 NONE 0;0 0;0
1508 NONE 0;0 0;0
1509 NONE 0;0 0;0
1510 NONE 0;0 0;0
1511 NONE 0;0 0;0
1512 NONE 0;0 0;0
1513 NONE 0;0 0;0
1514 NONE 0;0 0;0
1515 NONE 0;0 0;0
1516 KEY_R 0;0 0;0
1517 NONE 0;0 0;0
1518 NONE 0;0 0;0
1519 NONE 0;0 0;0
1520 NONE 0;0 0;0
1521 NONE 0;0 0;0
1522 NONE 0;0 0;0
1523 NONE 0;0 0;0
1524 NONE 0;0 0;0
1525 NONE 0;0 0;0
1526 NONE 0;0 0;0
1527 NONE 0;0 0;0
1528 NONE 0;0 0;0
1529 NONE 0;0 0;0
1530 NONE 0;0 0;0
1531 NONE 0;0 0;0
1532 NONE 0;0 0;0
1533 NONE 0;0 0;0
1534 NONE 0;0 0;0
1535 NONE 0;0 0;0
1536 NONE 0;0 0;0
1537 NONE 0;0 0;-32767
1538 NONE 0;0 0;-32767
1539 NONE 0;0 0;-32767
1540 NONE 0;0 0;-32767
1541 NONE 0;0 0;-32767
1542 NONE 0;0 0;-32767
1543 NONE 0;0 0;-32767
1544 NONE 0;0 0;-32767
1545 NONE 0;0 0;0
1546 NONE 0;0 0;0
1547 NONE 0;0 0;0
1548 NONE 0;0 0;0
1549 NONE 0;0 0;0
1550 NONE 0;0 0;0
1551 NONE 0;0 0;0
1552 NONE 0;0 0;0
1553 NONE 0;0 0;0
1554 NONE 0;0 0;0
1555 NONE 0;0 0;0
1556 NONE 0;0 0;0
1557 NONE 0;0 0;0
1558 NONE 0;0 0;0
1559 NONE 0;0 0;0
1560 NONE 0;0 0;0
1561 NONE 0;0 0;0
1562 NONE 0;0 0;0
1563 NONE 0;0 0;0
1564 NONE 0;0 0;0
1565 NONE 0;0 0;0
1566 NONE 0;0 0;0
1567 NONE 0;0 0;0
1568 NONE 0;0 0;0
1569 NONE 0;0 0;0
1570 NONE 0;0 0;0
1571 NONE 0;0 0;0
1572 NONE 0;0 0;0
1573 NONE 0;0 0;0
1574 NONE 0;0 0;0
1575 NONE 0;0 0;0
1576 NONE 0;0 0;0
1577 NONE 0;0 0;0
1578 NONE 0;0 0;0
1579 NONE 0;0 0;0
1580 NONE 0;0 0;0
1581 NONE 0;0 0;0
1582 NONE 0;0 0;0
1583 NONE 0;0 0;0
1584 NONE 0;0 0;0
1585 NONE 0;0 0;0
1586 NONE 0;0 0;0
1587 NONE 0;0 0;0
1588 NONE 0;0 0;0
1589 NONE 0;0 0;0
1590 NONE 0;0 0;0
1591 NONE 0;0 0;0
1592 NONE 0;0 0;0
1593 NONE 0;0 0;0
1594 NONE 0;0 0;0
1595 NONE 0;0 0;0
1596 NONE 0;0 0;0
1597 NONE 0;0 0;0
1598 NONE 0;0 0;0
1599 NONE 0;0 0;0
1600 NONE 0;0 0;0
1601 NONE 0;0 0;0
1602 NONE 0;0 0;0
1603 NONE 0;0 0;0
1604 NONE 0;0 0;0
1605 NONE 0;0 0;0
1606 NONE 0;0 0;0
1607 NONE 0;0 0;0
1608 NONE 0;0 0;0
1609 NONE 0;0 0;0
1610 NONE 0;0 0;0
1611 NONE 0;0 0;0
1612 NONE 0;0 0;0
1613 NONE 0;0 0;0
1614 NONE 0;0 0;0
1615 NONE 0;0 0;0
1616 NONE 0;0 0;0
1617 NONE 0;0 0;0
1618 NONE 0;0 0;0
1619 NONE 0;0 0;0
1620 NONE 0;0 0;0
1621 NONE 0;0 0;0
1622 NONE 0;0 0;0
1623 NONE 0;0 0;0
1624 NONE 0;0 0;0
1625 NONE 0;0 0;0
1626 NONE 0;0 0;0
1627 NONE 0;0 0;0
1628 NONE 0;0 0;0
1629 NONE 0;0 0;0
1630 NONE 0;0 0;0
1631 NONE 0;0 0;0
1632 NONE 0;0 0;0
1633 NONE 0;0 0;0
1634 NONE 0;0 0;0
1635 NONE 0;0 0;0
1636 NONE 0;0 0;0
1637 NONE 0;0 0;0
1638 NONE 0;0 0;0
1639 NONE 0;0 0;0
1640 NONE 0;0 0;0
1641 NONE 0;0 0;0
1642 NONE 0;0 0;0
1643 NONE 0;0 0;0
1644 NONE 0;0 0;0
1645 NONE 0;0 0;0
1646 NONE 0;0 0;0
1647 NONE 0;0 0;0
1648 NONE 0;0 0;0
1649 NONE 0;0 0;0
1650 NONE 0;0 0;0
1651 NONE 0;0 0;0
1652 NONE 0;0 0;0
1653 NONE 0;0 0;0
1654 NONE 0;0 0;0
1655 NONE 0;0 0;0
1656 NONE 0;0 0;0
1657 NONE 0;0 0;0
1658 NONE 0;0 0;0
1659 NONE 0;0 0;0
1660 NONE 0;0 0;0
1661 NONE 0;0 0;0
1662 NONE 0;0 0;0
1663 NONE 0;0 0;0
1664 NONE 0;0 0;0
1665 NONE 0;0 0;0
1666 NONE 0;0 0;0
1667 NONE 0;0 0;0
1668 NONE 0;0 0;0
1669 NONE 0;0 0;0
1670 NONE 0;0 0;0
1671 NONE 0;0 0;0
1672 NONE 0;0 0;0
1673 NONE 0;0 0;0
1674 NONE 0;0 0;0
1675 NONE 0;0 0;0
1676 NONE 0;0 0;0
1677 NONE 0;0 0;0
1678 NONE 0;0 0;0
1679 NONE 0;0 0;0
1680 NONE 0;0 0;0
1681 NONE 0;0 0;0
1682 NONE 0;0 0;0
1683 NONE 0;0 0;0
1684 NONE 0;0 0;0
1685 NONE 0;0 0;0
1686 NONE 0;0 0;0
1687 NONE 0;0 0;0
1688 NONE 0;0 0;0
1689 NONE 0;0 0;0
1690 NONE 0;0 0;0
1691 NONE 0;0 0;0
1692 NONE 0;0 0;0
1693 NONE 0;0 0;0
1694 NONE 0;0 0;0
1695 NONE 0;0 0;0
1696 NONE 0;0 0;0
1697 NONE 0;0 0;0
1698 NONE 0;0 0;0
1699 NONE 0;0 0;0
1700 NONE 0;0 0;0
1701 NONE 0;0 0;0
1702 NONE 0;0 0;0
1703 NONE 0;0 0;0
1704 NONE 0;0 0;0
1705 NONE 0;0 0;0
1706 NONE 0;0 0;0
1707 NONE 0;0 0;0
1708 NONE 0;0 0;0
1709 NONE 0;0 0;0
1710 NONE 0;0 0;0
1711 NONE 0;0 0;0
1712 NONE 0;0 0;0
1713 NONE 0;0 0;0
1714 NONE 0;0 0;0
1715 NONE 0;0 0;0
1716 NONE 0;0 0;0
1717 NONE 0;0 0;0
1718 NONE 0;0 0;0
1719 NONE 0;0 0;0
1720 NONE 0;0 0;0
1721 NONE 0;0 0;0
1722 NONE 0;0 0;0
1723 NONE 0;0 0;0
1724 NONE 0;0 0;0
1725 NONE 0;0 0;0
1726 NONE 0;0 0;0
1727 NONE 0;0 0;0
1728 NONE 0;0 0;0
1729 NONE 0;0 0;0
1730 NONE 0;0 0;0
1731 NONE 0;0 0;0
1732 NONE 0;0 0;0
1733 NONE 0;0 0;0
1734 NONE 0;0 0;0
1735 NONE 0;0 0;0
1736 NONE 0;0 0;0
1737 NONE 0;0 0;0
1738 NONE 0;0 0;0
1739 NONE 0;0 0;0
1740 NONE 0;0 0;0
1741 NONE 0;0 0;0
1742 NONE 0;0 0;0
1743 NONE 0;0 0;0
1744 NONE 0;0 0;0
1745 NONE 0;0 0;0
1746 NONE 0;0 0;0
1747 NONE 0;0 0;0
1748 NONE 0;0 0;0
1749 NONE 0;0 0;0
1750 NONE 0;0 0;0
1751 NONE 0;0 0;0
1752 NONE 0;0 0;0
1753 NONE 0;0 0;0
1754 NONE 0;0 0;0
1755 NONE 0;0 0;0
1756 NONE 0;0 0;0
1757 NONE 0;0 0;0
1758 NONE 0;0 0;0
1759 NONE 0;0 0;0
1760 NONE 0;0 0;0
1761 NONE 0;0 0;0
1762 NONE 0;0 0;0
1763 NONE 0;0 0;0
1764 NONE 0;0 0;0
1765 NONE 0;0 0;0
1766 NONE 0;0 0;0
1767 NONE 0;0 0;0
1768 NONE 0;0 0;0
1769 NONE 0;0 0;0
1770 NONE 0;0 0;0
1771 NONE 0;0 0;0
1772 NONE 0;0 0;0
1773 NONE 0;0 0;0
1774 NONE 0;0 0;0
1775 NONE 0;0 0;0
1776 NONE 0;0 0;0
1777 NONE 0;0 0;0
1778 NONE 0;0 0;0
1779 NONE 0;0 0;0
1780 NONE 0;0 0;0
1781 NONE 0;0 0;0
1782 NONE 0;0 0;0
1783 NONE 0;0 0;0
1784 NONE 0;0 0;0
1785 NONE 0;0 0;0
1786 NONE 0;0 0;0
1787 NONE 0;0 0;0
1788 NONE 0;0 0;0
1789 NONE 0;0 0;0
1790 NONE 0;0 0;0
1791 NONE 0;0 0;0
1792 NONE 0;0 0;0
1793 NONE 0;0 0;0
1794 NONE 0;0 0;0
1795 NONE 0;0 0;0
1796 NONE 0;0 0;0
1797 NONE 0;0 0;0
1798 NONE 0;0 0;0
1799 NONE 0;0 0;0
1800 NONE 0;0 0;0
1801 NONE 0;0 0;0
1802 NONE 0;0 0;0
1803 NONE 0;0 0;0
1804 NONE 0;0 0;0
1805 NONE 0;0 0;0
1806 NONE 0;0 0;0
1807 NONE 0;0 0;0
1808 NONE 0;0 0;0
1809 NONE 0;0 0;0
1810 NONE 0;0 0;0
1811 NONE 0;0 0;0
1812 NONE 0;0 0;0
1813 NONE 0;0 0;0
1814 NONE 0;0 0;0
1815 NONE 0;0 0;0
1816 NONE 0;0 0;0
1817 NONE 0;0 0;0
1818 NONE 0;0 0;0
1819 NONE 0;0 0;0
1820 NONE 0;0 0;0
1821 NONE 0;0 0;0
1822 NONE 0;0 0;0
1823 NONE 0;0 0;0
1824 NONE 0;0 0;0
1825 NONE 0;0 0;0
1826 NONE 0;0 0;0
1827 NONE 0;0 0;0
1828 NONE 0;0 0;0
1829 NONE 0;0 0;0
1830 NONE 0;0 0;0
1831 NONE 0;0 0;0
1832 NONE 0;0 0;0
1833 NONE 0;0 0;0
1834 NONE 0;0 0;0
1835 NONE 0;0 0;0
1836 NONE 0;0 0;0
1837 NONE 0;0 0;0
1838 NONE 0;0 0;0
1839 NONE 0;0 0;0
1840 NONE 0;0 0;0
1841 NONE 0;0 0;0
1842 NONE 0;0 0;0
1843 NONE 0;0 0;0
1844 NONE 0;0 0;0
1845 NONE 0;0 0;0
1846 NONE 0;0 0;0
1847 NONE 0;0 0;0
1848 NONE 0;0 0;0
1849 NONE 0;0 0;0
1850 NONE 0;0 0;0
1851 NONE 0;0 0;0
1852 NONE 0;0 0;0
1853 NONE 0;0 0;0
1854 NONE 0;0 0;0
1855 NONE -8480;31650 0;0
1856 NONE -8480;31650 0;0
1857 NONE -8480;31650 0;0
1858 NONE -8480;31650 0;0
1859 NONE -8480;31650 0;0
1860 NONE -8480;31650 0;0
1861 NONE -8480;31650 0;0
1862 NONE -8480;31650 0;0
1863 NONE -8480;31650 0;0
1864 NONE -8480;31650 0;0
1865 NONE 28377;16383 0;0
1866 NONE 28377;16383 0;0
1867 NONE 28377;16383 0;0
1868 NONE 28377;16383 0;0
1869 NONE 28377;16383 0;0
1870 NONE 28377;16383 0;0
1871 NONE 28377;16383 0;0
1872 NONE 28377;16383 0;0
1873 NONE 28377;16383 0;0
1874 NONE 28377;16383 0;0
1875 NONE 28377;16383 0;0
1876 NONE 28377;16383 0;0
1877 NONE 28377;16383 0;0
1878 NONE 28377;16383 0;0
1879 NONE 28377;16383 0;0
1880 NONE 28377;16383 0;0
1881 NONE 28377;16383 0;0
1882 NONE 28377;16383 0;0
1883 NONE 28377;16383 0;0
1884 NONE 28377;16383 0;0
1885 NONE 28377;16383 0;0
1886 NONE 28377;16383 0;0
1887 NONE 28377;16383 0;0
1888 NONE 28377;16383 0;0
1889 NONE 28377;16383 0;0
1890 NONE 28377;16383 0;0
1891 NONE 28377;16383 0;0
1892 NONE 28377;16383 0;0
1893 NONE 28377;16383 0;0
1894 NONE 28377;16383 0;0
1895 NONE 28377;16383 0;0
1896 NONE 28377;16383 0;0
1897 NONE 28377;16383 0;0
1898 NONE 28377;16383 0;0
1899 NONE 28377;16383 0;0
1900 NONE 28377;16383 0;0
1901 NONE 28377;16383 0;0
1902 NONE 28377;16383 0;0
1903 NONE 28377;16383 0;0
1904 NONE 28377;16383 0;0
1905 NONE 28377;16383 0;0
1906 NONE 28377;16383 0;0
1907 NONE 28377;16383 0;0
1908 NONE 28377;16383 0;0
1909 NONE 28377;16383 0;0
1910 NONE -28377;16383 0;0
1911 NONE -28377;16383 0;0
1912 NONE -28377;16383 0;0
1913 NONE -28377;16383 0;0
1914 NONE -28377;16383 0;0
1915 NONE -28377;16383 0;0
1916 NONE -28377;16383 0;0
1917 NONE -28377;16383 0;0
1918 NONE -28377;16383 0;0
1919 NONE -28377;16383 0;0
1920 NONE -28377;16383 0;0
1921 NONE -28377;16383 0;0
1922 NONE -28377;16383 0;0
1923 NONE -28377;16383 0;0
1924 NONE -28377;16383 0;0
1925 NONE -28377;16383 0;0
1926 NONE -28377;16383 0;0
1927 NONE -28377;16383 0;0
1928 NONE -28377;16383 0;0
1929 NONE -28377;16383 0;0
1930 NONE -28377;16383 0;0
1931 NONE -28377;16383 0;0
1932 NONE -28377;16383 0;0
1933 NONE -28377;16383 0;0
1934 NONE -28377;16383 0;0
1935 NONE -28377;16383 0;0
1936 NONE -28377;16383 0;0
1937 NONE -28377;16383 0;0
1938 NONE -28377;16383 0;0
1939 NONE -28377;16383 0;0
1940 NONE -28377;16383 0;0
1941 NONE -28377;16383 0;0
1942 NONE -28377;16383 0;0
1943 NONE -28377;16383 0;0
1944 NONE -28377;16383 0;0
1945 NONE 0;0 0;0
1946 NONE 0;0 0;0
1947 NONE 0;0 0;0
1948 NONE 0;0 0;0
1949 NONE 0;0 0;0
1950 NONE 0;0 0;0
1951 NONE 0;0 0;0
1952 NONE 0;0 0;0
1953 NONE 0;0 0;0
1954 NONE 0;0 0;0
1955 NONE 0;0 0;0
1956 NONE 0;0 0;0
1957 NONE 0;0 0;0
1958 KEY_ZL -2285;32687 0;0
1959 KEY_ZR -2285;32687 0;0
1960 KEY_Y;KEY_ZR -2285;32687 0;0
1961 NONE -2285;32687 0;0
1962 NONE -2285;32687 0;0
1963 NONE -2285;32687 0;0
1964 NONE -2285;32687 0;0
1965 NONE -2285;32687 0;0
1966 NONE -2285;32687 0;0
1967 NONE -2285;32687 0;0
1968 NONE -2285;32687 0;0
1969 NONE -2285;32687 0;0
1970 NONE -2285;32687 0;0
1971 NONE -2285;32687 0;0
1972 NONE -2285;32687 0;0
1973 NONE -2285;32687 0;0
1974 NONE -2285;32687 0;0
1975 NONE -2285;32687 0;0
1976 NONE -2285;32687 0;0
1977 NONE -2285;32687 0;0
1978 NONE -2285;32687 0;0
1979 NONE -2285;32687 0;0
1980 NONE -2285;32687 0;0
1981 NONE -2285;32687 0;0
1982 NONE -2285;32687 0;0
1983 NONE -2285;32687 0;0
1984 NONE -2285;32687 0;0
1985 NONE -2285;32687 0;0
1986 NONE -2285;32687 0;0
1987 NONE -2285;32687 0;0
1988 NONE -2285;32687 0;0
1989 NONE -2285;32687 0;0
1990 NONE -2285;32687 0;0
