0 NONE 0;0 0;0
1 KEY_PLUS 0;0 0;0
2 NONE 0;0 0;0
3 NONE 0;0 0;0
4 NONE 0;0 0;0
5 NONE 0;0 0;0
6 NONE 0;0 0;0
7 NONE 0;0 0;0
8 NONE 0;0 0;0
9 NONE 0;0 0;0
10 NONE 0;0 0;0
11 NONE 0;0 0;0
12 NONE 0;0 0;0
13 NONE 0;0 0;0
14 NONE 0;0 0;0
15 NONE 0;0 0;0
16 NONE 0;0 0;0
17 NONE 0;0 0;0
18 NONE 0;0 0;0
19 NONE 0;0 0;0
20 NONE 0;0 0;0
21 NONE 0;0 0;0
22 NONE 0;0 0;0
23 NONE 0;0 0;0
24 NONE 0;0 0;0
25 NONE 0;0 0;0
26 NONE 0;0 0;0
27 NONE 0;0 0;0
28 NONE 0;0 0;0
29 NONE 0;0 0;0
30 NONE 0;0 0;0
31 NONE 0;0 0;0
32 NONE 0;0 0;0
33 NONE 0;0 0;0
34 NONE 0;0 0;0
35 NONE 0;0 0;0
36 NONE 0;0 0;0
37 NONE 0;0 0;0
38 NONE 0;0 0;0
39 NONE 0;0 0;0
40 NONE 0;0 0;0
41 NONE 0;0 0;0
42 NONE 0;0 0;0
43 NONE 0;0 0;0
44 NONE 0;0 0;0
45 NONE 0;0 0;0
46 NONE 0;0 0;0
47 NONE 0;0 0;0
48 NONE 0;0 0;0
49 NONE 0;0 0;0
50 NONE 0;0 0;0
51 NONE 0;0 0;0
52 NONE 0;0 0;0
53 NONE 0;0 0;0
54 NONE 0;0 0;0
55 NONE 0;0 0;0
56 NONE 0;0 0;0
57 NONE 0;0 0;0
58 NONE 0;0 0;0
59 NONE 0;0 0;0
60 NONE 0;0 0;0
61 NONE 0;0 0;0
62 NONE 0;0 0;0
63 NONE 0;0 0;0
64 NONE 0;0 0;0
65 NONE 0;0 0;0
66 NONE 0;0 0;0
67 NONE 0;0 0;0
68 NONE 0;0 0;0
69 NONE 15294;-28978 0;0
70 NONE 15294;-28978 0;0
71 NONE 15294;-28978 0;0
72 NONE 15294;-28978 0;0
73 NONE 15294;-28978 0;0
74 NONE 15294;-28978 0;0
75 NONE 15294;-28978 0;0
76 NONE 15294;-28978 0;0
77 NONE -15672;-28775 0;0
78 NONE -15672;-28775 0;0
79 NONE -15672;-28775 0;0
80 KEY_ZR -15672;-28775 0;0
81 KEY_Y;KEY_ZR -15672;-28775 0;0
82 KEY_ZR -15672;-28775 0;0
83 KEY_ZR -15672;-28775 0;0
84 KEY_ZR -15672;-28775 0;0
85 NONE -15672;-28775 0;0
86 NONE 0;0 0;0
87 NONE 0;0 0;0
88 NONE 0;0 0;0
89 NONE 0;0 0;0
90 NONE 0;0 0;0
91 NONE 0;0 0;0
92 NONE 0;0 0;0
93 NONE 0;0 0;0
94 NONE 0;0 0;0
95 NONE 0;0 0;0
96 NONE 0;0 0;0
97 NONE 0;0 0;0
98 NONE 0;0 0;0
99 NONE 0;0 0;0
100 NONE 0;0 0;0
101 NONE 0;0 0;0
102 NONE 0;0 0;0
103 NONE 0;0 0;0
104 NONE 0;0 0;0
105 NONE 0;0 0;0
106 NONE 0;0 0;0
107 NONE 0;0 0;0
108 NONE 0;0 0;0
109 NONE 0;0 0;0
110 NONE 0;0 0;0
111 NONE 0;0 0;0
112 NONE 0;0 0;0
113 NONE 0;0 0;0
114 NONE 0;0 0;0
115 NONE 0;0 0;0
116 NONE 0;0 0;0
117 NONE 0;0 0;0
118 NONE 0;0 0;0
119 NONE 0;0 0;0
120 NONE 0;0 0;0
121 NONE 0;0 0;0
122 NONE 0;0 0;0
123 NONE 0;0 0;0
124 NONE 0;0 0;0
125 NONE 0;0 0;0
126 NONE 0;0 0;0
127 NONE 0;0 0;0
128 NONE 0;0 0;0
129 NONE 0;0 0;0
130 NONE 0;0 0;0
131 NONE 0;0 0;0
132 NONE 0;0 0;0
133 NONE 0;0 0;0
134 NONE 0;0 0;0
135 NONE 0;0 0;0
136 NONE 0;0 0;0
137 NONE 0;0 0;0
138 NONE 0;0 0;0
139 NONE 0;0 0;0
140 NONE 0;0 0;0
141 NONE 0;0 0;0
142 NONE 0;0 0;0
143 NONE 0;0 0;0
144 NONE 0;0 0;0
145 NONE 0;0 0;0
146 NONE 0;0 0;0
147 NONE 0;0 0;0
148 NONE 0;0 0;0
149 NONE 0;0 0;0
150 NONE 0;0 0;0
151 NONE 0;0 0;0
152 NONE 0;0 0;0
153 NONE 0;0 0;0
154 NONE 0;0 0;0
155 NONE 0;0 0;0
156 NONE 0;0 0;0
157 NONE 0;0 0;0
158 NONE 0;0 0;0
159 NONE 0;0 0;0
160 NONE 0;0 0;0
161 NONE 0;0 0;0
162 NONE 0;0 0;0
163 NONE 0;0 0;0
164 NONE 0;0 0;0
165 NONE 0;0 0;0
166 NONE 0;0 0;0
167 NONE 0;0 0;0
168 NONE 0;0 0;0
169 NONE 0;0 0;0
170 NONE 0;0 0;0
171 NONE 0;0 0;0
172 NONE 0;0 0;0
173 NONE 0;0 0;0
174 NONE 0;0 0;0
175 NONE 0;0 0;0
176 NONE 0;0 0;0
177 NONE 0;0 0;0
178 NONE 0;0 0;0
179 NONE 0;0 0;0
180 NONE 0;0 0;0
181 NONE 0;0 0;0
182 NONE 0;0 0;0
183 NONE 0;0 0;0
184 NONE 0;0 0;0
185 NONE 0;0 0;0
186 NONE 0;0 0;0
187 NONE 0;0 0;0
188 NONE 0;0 0;0
189 NONE 0;0 0;0
190 NONE 0;0 0;0
191 NONE 0;0 0;0
192 NONE 0;0 0;0
193 NONE 0;0 0;0
194 NONE 0;0 0;0
195 NONE 0;0 0;0
196 NONE 0;0 0;0
197 NONE 0;0 0;0
198 NONE 0;0 0;0
199 NONE 0;0 0;0
200 NONE 0;0 0;0
201 NONE 0;0 0;0
202 NONE 0;0 0;0
203 NONE 0;0 0;0
204 NONE 0;0 0;0
205 NONE 0;0 0;0
206 NONE 0;0 0;0
207 NONE 0;0 0;0
208 NONE 0;0 0;0
209 NONE 0;0 0;0
210 NONE 0;0 0;0
211 NONE 0;0 0;0
212 NONE 0;0 0;0
213 NONE 0;0 0;0
214 NONE 0;0 0;0
215 NONE 0;0 0;0
216 NONE 0;0 0;0
217 NONE 0;0 0;0
218 NONE 0;0 0;0
219 NONE 0;0 0;0
220 NONE 0;0 0;0
221 NONE 0;0 0;0
222 NONE 0;0 0;0
223 NONE 0;0 0;0
224 NONE 0;0 0;0
225 NONE 0;0 0;0
226 NONE 0;0 0;0
227 NONE 0;0 0;0
228 NONE 0;0 0;0
229 NONE 0;0 0;0
230 NONE 0;0 0;0
231 NONE 0;0 0;0
232 NONE 0;0 0;0
233 NONE 0;0 0;0
234 NONE 0;0 0;0
235 NONE 0;0 0;0
236 NONE 0;0 0;0
237 NONE 0;0 0;0
238 NONE 0;0 0;0
239 NONE 0;0 0;0
240 NONE 0;0 0;0
241 NONE 0;0 0;0
242 NONE 0;0 0;0
243 NONE 0;0 0;0
244 NONE 0;0 0;0
245 NONE 0;0 0;0
246 NONE 0;0 0;0
247 NONE 0;0 0;0
248 NONE 0;0 0;0
249 NONE 0;0 0;0
250 NONE 0;0 0;0
251 NONE 0;0 0;0
252 NONE 0;0 0;0
253 NONE 0;0 0;0
254 NONE 0;0 0;0
255 NONE 0;0 0;0
256 NONE 0;0 0;0
257 NONE 0;0 0;0
258 NONE 0;0 0;0
259 NONE 0;0 0;0
260 NONE 0;0 0;0
261 NONE 0;0 0;0
262 NONE 0;0 0;0
263 NONE 0;0 0;0
264 NONE 0;0 0;0
265 NONE 0;0 0;0
266 NONE 0;0 0;0
267 NONE 0;0 0;0
268 NONE 0;0 0;0
269 NONE 0;0 0;0
270 NONE 0;0 0;0
271 NONE 0;0 0;0
272 NONE 0;0 0;0
273 NONE 0;0 0;0
274 NONE 0;0 0;0
275 NONE 0;0 0;0
276 NONE 0;0 0;0
277 NONE 0;0 0;0
278 NONE 0;0 0;0
279 NONE 0;0 0;0
280 NONE 0;0 0;0
281 NONE 0;0 0;0
282 NONE 0;0 0;0
283 NONE 0;0 0;0
284 NONE 0;0 0;0
285 NONE 0;0 0;0
286 NONE 0;0 0;0
287 NONE 0;0 0;0
288 NONE 0;0 0;0
289 NONE 0;0 0;0
290 NONE 0;0 0;0
291 NONE 0;0 0;0
292 NONE 0;0 0;0
293 NONE 0;0 0;0
294 NONE 0;0 0;0
295 NONE 0;0 0;0
296 NONE 0;0 0;0
297 NONE 0;0 0;0
298 NONE 0;0 0;0
299 NONE 0;0 0;0
300 NONE 0;0 0;0
301 NONE 0;0 0;0
302 NONE 0;0 0;0
303 NONE 0;0 0;0
304 NONE 0;0 0;0
305 NONE 0;0 0;0
306 NONE 0;0 0;0
307 NONE 0;0 0;0
308 NONE 0;0 0;0
309 NONE 0;0 0;0
310 NONE 0;0 0;0
311 NONE 0;0 0;0
312 NONE 0;0 0;0
313 NONE 0;0 0;0
314 NONE 0;0 0;0
315 NONE 0;0 0;0
316 NONE 0;0 0;0
317 NONE 0;0 0;0
318 NONE 0;0 0;0
319 NONE 0;0 0;0
320 NONE 0;0 0;0
321 NONE 0;0 0;0
322 NONE 0;0 0;0
323 NONE 0;0 0;0
324 NONE 0;0 0;0
325 NONE 0;0 0;0
326 NONE 0;0 0;0
327 NONE 0;0 0;0
328 NONE 0;0 0;0
329 NONE 0;0 0;0
330 NONE 0;0 0;0
331 NONE 0;0 0;0
332 NONE 0;0 0;0
333 NONE 0;0 0;0
334 NONE 0;0 0;0
335 NONE 0;0 0;0
336 NONE 0;0 0;0
337 NONE 0;0 0;0
338 NONE 0;0 0;0
339 NONE 0;0 0;0
340 NONE 0;0 0;0
341 NONE 0;0 0;0
342 NONE 0;0 0;0
343 NONE 0;0 0;0
344 NONE 0;0 0;0
345 NONE 0;0 0;0
346 NONE 0;0 0;0
347 NONE 0;0 0;0
348 NONE 0;0 0;0
349 NONE 0;0 0;0
350 NONE 0;0 0;0
351 NONE 0;0 0;0
352 NONE 0;0 0;0
353 NONE 0;0 0;0
354 NONE 0;0 0;0
355 NONE 0;0 0;0
356 NONE 0;0 0;0
357 NONE 0;0 0;0
358 NONE 0;0 0;0
359 NONE 0;0 0;0
360 NONE 0;0 0;0
361 NONE 0;0 0;0
362 NONE 0;0 0;0
363 NONE 0;0 0;0
364 NONE 0;0 0;0
365 NONE 0;0 0;0
366 NONE 0;0 0;0
367 NONE 0;0 0;0
368 NONE 0;0 0;0
369 NONE 0;0 0;0
370 NONE 0;0 0;0
371 NONE 0;0 0;0
372 NONE 0;0 0;0
373 NONE 0;0 0;0
374 NONE 0;0 0;0
375 NONE 0;0 0;0
376 NONE 0;0 0;0
377 NONE 0;0 0;0
378 NONE 0;0 0;0
379 NONE 0;0 0;0
380 NONE 0;0 0;0
381 NONE 0;0 0;0
382 NONE 0;0 0;0
383 NONE 0;0 0;0
384 NONE 0;0 0;0
385 NONE 0;0 0;0
386 NONE 0;0 0;0
387 NONE 0;0 0;0
388 NONE 0;0 0;0
389 NONE 0;0 0;0
390 NONE 0;0 0;0
391 NONE 0;0 0;0
392 NONE 0;0 0;0
393 NONE 0;0 0;0
394 NONE 0;0 0;0
395 NONE 0;0 0;0
396 NONE 0;0 0;0
397 NONE 0;0 0;0
398 NONE 0;0 0;0
399 NONE 0;0 0;0
400 NONE 18238;-27222 0;0
401 NONE 18238;-27222 0;0
402 NONE 18238;-27222 0;0
403 NONE 18238;-27222 0;0
404 NONE 18238;-27222 0;0
405 NONE 18238;-27222 0;0
406 NONE 18238;-27222 0;0
407 KEY_ZR 291;-32765 0;0
408 KEY_Y;KEY_ZR 291;-32765 0;0
409 KEY_ZR 291;-32765 0;0
410 KEY_ZR 291;-32765 0;0
411 KEY_ZR 291;-32765 0;0
412 KEY_ZR 291;-32765 0;0
413 KEY_ZR 291;-32765 0;0
414 KEY_ZR 291;-32765 0;0
415 KEY_ZR 291;-32765 0;0
416 KEY_ZR 291;-32765 0;0
417 KEY_ZR 291;-32765 0;0
418 KEY_ZR 291;-32765 0;0
419 KEY_ZR 291;-32765 0;0
420 KEY_ZR 0;0 0;0
421 KEY_ZR 0;0 0;0
422 KEY_ZR 0;0 0;0
423 KEY_ZR 0;0 0;0
424 KEY_ZR 0;0 0;0
425 KEY_ZR 0;0 0;0
426 KEY_ZR 0;0 0;0
427 KEY_ZR 0;0 0;0
428 KEY_ZR 0;0 0;0
429 KEY_ZR 0;0 0;0
430 KEY_ZR 0;0 0;0
431 KEY_ZR 0;0 0;0
432 KEY_ZR 0;0 0;0
433 KEY_ZR 0;0 0;0
434 KEY_ZR 0;0 0;0
435 KEY_ZR 0;0 0;0
436 KEY_ZR 0;0 0;0
437 KEY_ZR 0;0 0;0
438 KEY_ZR 0;0 0;0
439 KEY_ZR 0;0 0;0
440 KEY_ZR 0;0 0;0
441 KEY_ZR 0;0 0;0
442 KEY_ZR 0;0 0;0
443 KEY_ZR 0;0 0;0
444 KEY_ZR 0;0 0;0
445 KEY_ZR 0;0 0;0
446 KEY_ZR 0;0 0;0
447 KEY_ZR 0;0 0;0
448 KEY_ZR 0;0 0;0
449 KEY_ZR 0;0 0;0
450 KEY_ZR 0;0 0;0
451 KEY_ZR 0;0 0;0
452 KEY_ZR 0;0 0;0
453 KEY_ZR 0;0 0;0
454 KEY_ZR 0;0 0;0
455 KEY_ZR 0;0 0;0
456 KEY_ZR 0;0 0;0
457 KEY_ZR 0;0 0;0
458 KEY_ZR 0;0 0;0
459 KEY_ZR 0;0 0;0
460 KEY_ZR 0;0 0;0
461 KEY_ZR 0;0 0;0
462 KEY_ZR 0;0 0;0
463 KEY_ZR 0;0 0;0
464 KEY_ZR 0;0 0;0
465 KEY_ZR 0;0 0;0
466 KEY_ZR 0;0 0;0
467 KEY_ZR 0;0 0;0
468 KEY_ZR 0;0 0;0
469 KEY_ZR 0;0 0;0
470 KEY_ZR 0;0 0;0
471 KEY_ZR 0;0 0;0
472 KEY_ZR 0;0 0;0
473 KEY_ZR 0;0 0;0
474 KEY_ZR 0;0 0;0
475 KEY_ZR 0;0 0;0
476 KEY_ZR 0;0 0;0
477 KEY_ZR 0;0 0;0
478 KEY_ZR 0;0 0;0
479 KEY_ZR 0;0 0;0
480 KEY_ZR 0;0 0;0
481 KEY_ZR 0;0 0;0
482 KEY_ZR 0;0 0;0
483 KEY_ZR 0;0 0;0
484 KEY_ZR 0;0 0;0
485 KEY_ZR 0;0 0;0
486 KEY_ZR 0;0 0;0
487 KEY_ZR 0;0 0;0
488 KEY_ZR 0;0 0;0
489 KEY_ZR 0;0 0;0
490 KEY_ZR 0;0 0;0
491 KEY_ZR 0;0 0;0
492 KEY_ZR 0;0 0;0
493 KEY_ZR 0;0 0;0
494 KEY_ZR 0;0 0;0
495 KEY_ZR 0;0 0;0
496 KEY_ZR 0;0 0;0
497 KEY_ZR 0;0 0;0
498 KEY_ZR 0;0 0;0
499 KEY_ZR 0;0 0;0
500 KEY_ZR 0;0 0;0
501 KEY_ZR 0;0 0;0
502 KEY_ZR 0;0 0;0
503 KEY_ZR 0;0 0;0
504 KEY_ZR 0;0 0;0
505 KEY_ZR 0;0 0;0
506 KEY_ZR 0;0 0;0
507 KEY_ZR 0;0 0;0
508 KEY_ZR 0;0 0;0
509 KEY_ZR 0;0 0;0
510 KEY_ZR 0;0 0;0
511 KEY_ZR 0;0 0;0
512 KEY_ZR 0;0 0;0
513 KEY_ZR 0;0 0;0
514 KEY_ZR 0;0 0;0
515 KEY_ZR 0;0 0;0
516 KEY_ZR 0;0 0;0
517 KEY_ZR 0;0 0;0
518 KEY_ZR 0;0 0;0
519 KEY_ZR 0;0 0;0
520 KEY_ZR 0;0 0;0
521 NONE 0;32767 0;0
522 NONE -32755;-876 0;0
523 NONE -2624;-32661 0;0
524 NONE 32734;-1460 0;0
525 NONE -1169;32746 0;0
526 NONE -32720;1752 0;0
527 NONE -1169;-32746 0;0
528 NONE 32761;-584 0;0
529 NONE 0;32767 0;0
530 NONE -32661;-2624 0;0
531 NONE -1752;-32720 0;0
532 NONE 32734;-1460 0;0
533 NONE 584;32761 0;0
534 NONE -32437;4633 0;0
535 NONE -3202;-32610 0;0
536 NONE 32514;-4063 0;0
537 NONE 584;32761 0;0
538 NONE -32437;4633 0;0
539 NONE -3202;-32610 0;0
540 NONE 32514;-4063 0;0
541 NONE 584;32761 0;0
542 NONE -32437;4633 0;0
543 NONE -3202;-32610 0;0
544 NONE 32514;-4063 0;0
545 NONE 584;32761 0;0
546 NONE -32437;4633 0;0
547 NONE -3202;-32610 0;0
548 NONE 32514;-4063 0;0
549 NONE 584;32761 0;0
550 NONE -32437;4633 0;0
551 NONE -3202;-32610 0;0
552 NONE 32514;-4063 0;0
553 NONE 584;32761 0;0
554 KEY_DUP -32437;4633 0;0
555 KEY_X -31966;7199 0;0
556 KEY_X 0;0 0;0
557 KEY_X 0;0 0;0
558 KEY_X 0;0 0;0
559 KEY_X 0;0 0;0
560 KEY_X 0;0 0;0
561 KEY_X 0;0 0;0
562 KEY_X 0;0 0;0
563 KEY_X 0;0 0;0
564 KEY_X 0;0 0;0
565 KEY_X 0;0 0;0
566 KEY_X 0;0 0;0
567 KEY_X 0;0 0;0
568 KEY_X 0;0 0;0
569 KEY_X 0;0 0;0
570 KEY_X 0;0 0;0
571 KEY_X 0;0 0;0
572 KEY_X;KEY_ZR 0;0 0;0
573 KEY_X;KEY_Y 0;0 0;0
574 KEY_X 0;0 0;0
575 KEY_X 0;0 0;0
576 KEY_X 0;0 0;0
577 KEY_X 0;0 0;0
578 KEY_X 0;0 0;0
579 KEY_X 0;0 0;0
580 KEY_X 0;0 0;0
581 KEY_X 0;0 0;0
582 KEY_X 0;0 0;0
583 KEY_X 0;0 0;0
584 KEY_X 0;0 0;0
585 KEY_X 0;0 0;0
586 KEY_X 0;0 0;0
587 KEY_X 0;0 0;0
588 KEY_X 0;0 0;0
589 KEY_X 0;0 0;0
590 KEY_X 0;0 0;0
591 KEY_X -25219;20920 0;0
592 KEY_X -25219;20920 0;0
593 KEY_X -25219;20920 0;0
594 KEY_X -25219;20920 0;0
595 KEY_X -25219;20920 0;0
596 KEY_X -25219;20920 0;0
597 KEY_X -25219;20920 0;0
598 KEY_X -25219;20920 0;0
599 KEY_X -25219;20920 0;0
600 KEY_X -25219;20920 0;0
601 KEY_X -25219;20920 0;0
602 KEY_X -25219;20920 0;0
603 KEY_X -25219;20920 0;0
604 KEY_X -25396;20704 0;0
605 KEY_X 7314;4680 0;0
606 KEY_X 7314;4680 0;0
607 KEY_X 7314;4680 0;0
608 KEY_X 11504;-30680 0;0
609 KEY_X 11504;-30680 0;0
610 KEY_X 11504;-30680 0;0
611 KEY_X 11504;-30680 0;0
612 KEY_X 11504;-30680 0;0
613 KEY_X 11504;-30680 0;0
614 KEY_X 11504;-30680 0;0
615 KEY_X 12286;-16676 0;0
616 KEY_X 12286;-16676 0;0
617 KEY_X 12286;-16676 0;0
618 KEY_X 12286;-16676 0;0
619 KEY_X 12286;-16676 0;0
620 KEY_X 12286;-16676 0;0
621 KEY_X 12286;-16676 0;0
622 KEY_X 12286;-16676 0;0
623 KEY_X 12286;-16676 0;0
624 KEY_X 12286;-16676 0;0
625 KEY_X 12286;-16676 0;0
626 KEY_X 12286;-16676 0;0
627 KEY_X 12286;-16676 0;0
628 KEY_X 12286;-16676 0;0
629 KEY_X 0;0 0;0
630 KEY_X 0;0 0;0
631 KEY_X 0;0 0;0
632 KEY_X 0;0 0;0
633 KEY_X 0;0 0;0
634 KEY_X;KEY_ZR 0;0 0;0
635 KEY_X 0;0 0;0
636 KEY_X 0;0 0;0
637 KEY_X 0;0 0;0
638 KEY_X 0;0 0;0
639 KEY_X 0;0 0;0
640 KEY_X 0;0 0;0
641 KEY_X 0;0 0;0
642 KEY_X 0;0 0;0
643 KEY_X 0;0 0;0
644 KEY_X 0;0 0;0
645 KEY_X 0;0 0;0
646 KEY_X 0;0 0;0
647 KEY_X 0;0 0;0
648 KEY_X 0;0 0;0
649 KEY_X 0;0 0;0
650 KEY_X 0;0 0;0
651 KEY_X 0;0 0;0
652 KEY_X 0;0 0;0
653 KEY_X 0;0 0;0
654 KEY_X 0;0 0;0
655 KEY_X 0;0 0;0
656 KEY_X 0;0 0;0
657 KEY_X 0;0 0;0
658 KEY_X 0;0 0;0
659 KEY_X;KEY_Y 0;0 0;0
660 KEY_X 0;0 0;0
661 KEY_X 0;0 0;0
662 KEY_X 0;0 0;0
663 KEY_X 0;0 0;0
664 KEY_X 0;0 0;0
665 KEY_X 0;0 0;0
666 KEY_X 0;0 0;0
667 KEY_X 0;0 0;0
668 KEY_X 0;0 0;0
669 KEY_X 0;0 0;0
670 KEY_X 0;0 0;0
671 KEY_X 0;0 0;0
672 KEY_X 0;0 0;0
673 KEY_X 0;0 0;0
674 KEY_X 0;0 0;0
675 KEY_X 0;0 0;0
676 KEY_X 0;0 0;0
677 KEY_X 0;0 0;0
678 KEY_X 0;0 0;0
679 KEY_X 22141;-24154 0;0
680 KEY_X 22141;-24154 0;0
681 KEY_X 22141;-24154 0;0
682 KEY_X 23807;-22513 0;0
683 KEY_X 23807;-22513 0;0
684 KEY_X 23807;-22513 0;0
685 KEY_X 23807;-22513 0;0
686 KEY_X 23807;-22513 0;0
687 KEY_X 23807;-22513 0;0
688 KEY_X 23807;-22513 0;0
689 KEY_X 23807;-22513 0;0
690 KEY_X 23807;-22513 0;0
691 KEY_X 23807;-22513 0;0
692 KEY_X 23807;-22513 0;0
693 KEY_X 23807;-22513 0;0
694 KEY_X 23807;-22513 0;0
695 KEY_X 23807;-22513 0;0
696 NONE -30680;11504 0;0
697 NONE -23154;23154 0;0
698 NONE -11199;30770 0;0
699 NONE 2855;32636 0;0
700 NONE 16359;28334 0;0
701 NONE -24350;21925 0;0
702 NONE 26831;18787 0;0
703 KEY_ZR 32268;5689 0;0
704 NONE 0;0 0;0
705 NONE 0;0 0;0
706 NONE 0;0 0;0
707 NONE 0;0 0;0
708 NONE 0;0 0;0
709 NONE 0;0 0;0
710 NONE 0;0 0;0
711 NONE 0;0 0;0
712 NONE 0;0 0;0
713 NONE 0;0 0;0
714 NONE 0;0 0;0
715 NONE 0;0 0;0
716 NONE 0;0 0;0
717 NONE 0;0 0;0
718 NONE 0;0 0;0
719 NONE 0;0 0;0
720 NONE 0;0 0;0
721 NONE 0;0 0;0
722 NONE 0;0 0;0
723 NONE 0;0 0;0
724 NONE 0;0 0;0
725 NONE 0;0 0;0
726 NONE 0;0 0;0
727 NONE 0;0 0;0
728 NONE 0;0 0;0
729 NONE 0;0 0;0
730 NONE 0;0 0;0
731 NONE 0;0 0;0
732 NONE 0;0 0;0
733 NONE 0;0 0;0
734 NONE 0;0 0;0
735 NONE 0;0 0;0
736 NONE 0;0 0;0
737 NONE 0;0 0;0
738 NONE 0;0 0;0
739 NONE 0;0 0;0
740 NONE 0;0 0;0
741 NONE 0;0 0;0
742 NONE 0;0 0;0
743 KEY_Y 0;0 0;0
744 NONE 0;0 0;0
745 NONE 0;0 0;0
746 NONE 0;0 0;0
747 NONE 0;0 0;0
748 NONE 32050;-6812 0;0
749 NONE 32050;-6812 0;0
750 NONE 32050;-6812 0;0
751 NONE 32050;-6812 0;0
752 NONE 32050;-6812 0;0
753 NONE 32050;-6812 0;0
754 NONE 32050;-6812 0;0
755 NONE 32050;-6812 0;0
756 NONE 32050;-6812 0;0
757 NONE 32050;-6812 0;0
758 NONE 32050;-6812 0;0
759 NONE 32050;-6812 0;0
760 NONE 32050;-6812 0;0
761 NONE 32050;-6812 0;0
762 NONE 32050;-6812 0;0
763 NONE 32050;-6812 0;0
764 NONE 32050;-6812 0;0
765 NONE 32050;-6812 0;0
766 NONE 32050;-6812 0;0
767 NONE 32050;-6812 0;0
768 NONE 0;0 0;0
769 KEY_ZR 0;0 0;0
770 NONE 0;0 0;0
771 NONE 0;0 0;0
772 NONE 0;0 0;0
773 NONE 0;0 0;0
774 KEY_Y 0;0 0;0
775 NONE 32050;-6812 0;0
776 NONE 32050;-6812 0;0
777 NONE 32050;-6812 0;0
778 NONE 32050;-6812 0;0
779 NONE 32050;-6812 0;0
780 NONE 32050;-6812 0;0
781 NONE 32050;-6812 0;0
782 NONE 32050;-6812 0;0
783 NONE 32050;-6812 0;0
784 NONE 32050;-6812 0;0
785 NONE 32050;-6812 0;0
786 NONE 32050;-6812 0;0
787 NONE 32050;-6812 0;0
788 NONE 32050;-6812 0;0
789 NONE 32050;-6812 0;0
790 NONE 32050;-6812 0;0
791 NONE 32050;-6812 0;0
792 NONE 32050;-6812 0;0
793 NONE 32050;-6812 0;0
794 NONE 32050;-6812 0;0
795 NONE 32050;-6812 0;0
796 NONE 32050;-6812 0;0
797 NONE 32050;-6812 0;0
798 NONE 32050;-6812 0;0
799 NONE 32050;-6812 0;0
800 NONE 32050;-6812 0;0
801 NONE 32050;-6812 0;0
802 NONE 32050;-6812 0;0
803 NONE -8477;31651 0;0
804 NONE -8477;31651 0;0
805 NONE -8477;31651 0;0
806 NONE -8477;31651 0;0
807 NONE -8477;31651 0;0
808 NONE -8477;31651 0;0
809 NONE -8477;31651 0;0
810 NONE -8477;31651 0;0
811 NONE -8477;31651 0;0
812 NONE -8477;31651 0;0
813 NONE -8477;31651 0;0
814 NONE -8477;31651 0;0
815 NONE -8477;31651 0;0
816 NONE -8477;31651 0;0
817 NONE -8477;31651 0;0
818 NONE -8477;31651 0;0
819 NONE -8477;31651 0;0
820 NONE -8477;31651 0;0
821 NONE -8477;31651 0;0
822 NONE -8477;31651 0;0
823 NONE -8477;31651 0;0
824 NONE -8477;31651 0;0
825 NONE -8477;31651 0;0
826 NONE 6315;-32152 0;0
827 NONE 6315;-32152 0;0
828 NONE 6315;-32152 0;0
829 NONE 5759;-32256 0;0
830 NONE 5759;-32256 0;0
831 NONE 5759;-32256 0;0
832 NONE 5759;-32256 0;0
833 NONE 5759;-32256 0;0
834 NONE 3202;-32610 0;0
835 NONE 3202;-32610 0;0
836 NONE 3202;-32610 0;0
837 NONE 3202;-32610 0;0
838 NONE 3202;-32610 0;0
839 NONE 3202;-32610 0;0
840 NONE 3202;-32610 0;0
841 NONE 3202;-32610 0;0
842 NONE 3202;-32610 0;0
843 NONE 3202;-32610 0;0
844 NONE 3202;-32610 0;0
845 KEY_ZR 3202;-32610 0;0
846 NONE 0;0 0;0
847 NONE 0;0 0;0
848 NONE 0;0 0;0
849 NONE 0;0 0;0
850 NONE 0;0 0;0
851 NONE 0;0 0;0
852 NONE 0;0 0;0
853 NONE 0;0 0;0
854 NONE 0;0 0;0
855 NONE 0;0 0;0
856 NONE 0;0 0;0
857 NONE 0;0 0;0
858 NONE 0;0 0;0
859 NONE 0;0 0;0
860 NONE 0;0 0;0
861 NONE 0;0 0;0
862 NONE 0;0 0;0
863 NONE 0;0 0;0
864 NONE 0;0 0;0
865 KEY_Y 0;0 0;0
866 NONE 0;0 0;0
867 NONE 0;0 0;0
868 NONE 0;0 0;0
869 NONE 0;0 0;0
870 NONE 0;0 0;0
871 NONE 0;0 0;0
872 NONE 0;0 0;0
873 NONE 0;0 0;0
874 NONE 0;0 0;0
875 NONE 0;0 0;0
876 NONE 0;0 0;0
877 NONE 0;0 0;0
878 NONE 0;0 0;0
879 NONE 0;0 0;0
880 NONE 0;0 0;0
881 NONE 0;0 0;0
882 NONE 0;0 0;0
883 NONE 0;0 0;0
884 NONE 0;0 0;0
885 NONE 0;0 0;0
886 NONE 0;0 0;0
887 NONE 0;0 0;0
888 NONE 0;0 0;0
889 NONE 0;0 0;0
890 NONE 0;0 0;0
891 NONE 0;0 0;0
892 NONE 0;0 0;0
893 NONE 0;0 0;0
894 NONE -31918;7409 0;0
895 NONE -31918;7409 0;0
896 NONE -31918;7409 0;0
897 NONE -31918;7409 0;0
898 NONE 0;0 0;0
899 KEY_ZR 0;0 0;0
900 NONE 0;0 0;0
901 NONE 0;0 0;0
902 NONE 0;0 0;0
903 NONE 0;0 0;0
904 NONE 0;0 0;0
905 NONE 0;0 0;0
906 NONE 0;0 0;0
907 NONE 0;0 0;0
908 NONE 0;0 0;0
909 NONE 0;0 0;0
910 NONE 0;0 0;0
911 NONE 0;0 0;0
912 NONE 0;0 0;0
913 NONE 0;0 0;0
914 NONE 0;0 0;0
915 NONE 0;0 0;0
916 NONE 0;0 0;0
917 NONE 0;0 0;0
918 NONE 0;0 0;0
919 NONE 0;0 0;0
920 NONE 0;0 0;0
921 NONE 0;0 0;0
922 NONE 0;0 0;0
923 NONE 0;0 0;0
924 NONE 0;0 0;0
925 NONE 0;0 0;0
926 NONE 0;0 0;0
927 NONE 0;0 0;0
928 KEY_Y 0;0 0;0
929 NONE 3202;-32610 0;0
930 NONE 3202;-32610 0;0
931 NONE 3202;-32610 0;0
932 NONE 3202;-32610 0;0
933 NONE 3202;-32610 0;0
934 NONE 3202;-32610 0;0
935 NONE 3202;-32610 0;0
936 NONE 3202;-32610 0;0
937 NONE 3202;-32610 0;0
938 NONE 3202;-32610 0;0
939 NONE 3202;-32610 0;0
940 NONE 3202;-32610 0;0
941 NONE 3202;-32610 0;0
942 NONE 3202;-32610 0;0
943 NONE 3202;-32610 0;0
944 NONE 3202;-32610 0;0
945 NONE 3202;-32610 0;0
946 NONE 3202;-32610 0;0
947 NONE 3202;-32610 0;0
948 NONE 3202;-32610 0;0
949 NONE 3202;-32610 0;0
950 NONE 3202;-32610 0;0
951 NONE 3202;-32610 0;0
952 NONE 3202;-32610 0;0
953 NONE 3202;-32610 0;0
954 NONE 3202;-32610 0;0
955 NONE 0;0 0;0
956 NONE 0;0 0;0
957 NONE 0;0 0;0
958 NONE 0;0 0;0
959 NONE 0;0 0;0
960 NONE 0;0 0;0
961 NONE 0;0 0;0
962 NONE 0;0 0;0
963 NONE 0;0 0;0
964 NONE 0;0 0;0
965 NONE 0;0 0;0
966 NONE 0;0 0;0
967 NONE 0;0 0;0
968 NONE 0;0 0;0
969 NONE 0;0 0;0
970 NONE 0;0 0;0
971 NONE 0;0 0;0
972 NONE 0;0 0;0
973 NONE 0;0 0;0
974 NONE 0;0 0;0
975 NONE 0;0 0;0
976 NONE 0;0 0;0
977 NONE 0;0 0;0
978 NONE 0;0 0;0
979 NONE 0;0 0;0
980 NONE 0;0 0;0
981 NONE 0;0 0;0
982 NONE 0;0 0;0
983 NONE 0;0 0;0
984 NONE 0;0 0;0
985 NONE 0;0 0;0
986 NONE 0;0 0;0
987 NONE 0;0 0;0
988 NONE 0;0 0;0
989 NONE 0;0 0;0
990 NONE 0;0 0;0
991 NONE 0;0 0;0
992 NONE -2334;32683 0;0
993 NONE -2334;32683 0;0
994 NONE -2334;32683 0;0
995 NONE -2334;32683 0;0
996 NONE -2334;32683 0;0
997 NONE -2334;32683 0;0
998 NONE -2334;32683 0;0
999 NONE -2334;32683 0;0
1000 NONE -2334;32683 0;0
1001 NONE -2334;32683 0;0
1002 NONE -2334;32683 0;0
1003 NONE -2334;32683 0;0
1004 NONE -2334;32683 0;0
1005 NONE -2334;32683 0;0
1006 NONE -2334;32683 0;0
1007 NONE -2334;32683 0;0
1008 NONE -2334;32683 0;0
1009 NONE -2334;32683 0;0
1010 NONE -4063;32514 0;0
1011 NONE -4063;32514 0;0
1012 NONE -4063;32514 0;0
1013 NONE -4063;32514 0;0
1014 NONE -4063;32514 0;0
1015 NONE -6142;31596 0;0
1016 NONE -6142;31596 0;0
1017 NONE -6142;31596 0;0
1018 KEY_ZR 0;0 0;0
1019 KEY_Y 0;0 0;0
1020 NONE 5479;-32305 0;0
1021 NONE 5479;-32305 0;0
1022 NONE 5479;-32305 0;0
1023 NONE 5479;-32305 0;0
1024 NONE 5479;-32305 0;0
1025 NONE 5479;-32305 0;0
1026 NONE 5479;-32305 0;0
1027 NONE 5479;-32305 0;0
1028 NONE 5479;-32305 0;0
1029 NONE 5479;-32305 0;0
1030 NONE 5479;-32305 0;0
1031 NONE 5479;-32305 0;0
1032 NONE 5479;-32305 0;0
1033 NONE 5479;-32305 0;0
1034 NONE 5479;-32305 0;0
1035 NONE 5479;-32305 0;0
1036 NONE 5479;-32305 0;0
1037 NONE 5479;-32305 0;0
1038 NONE 5479;-32305 0;0
1039 NONE 5479;-32305 0;0
1040 NONE 5479;-32305 0;0
