0 NONE 0;0 0;0
1 NONE 0;0 0;0
2 NONE 0;0 0;0
3 NONE 0;0 0;0
4 NONE 0;0 0;0
5 NONE 0;0 0;0
6 NONE 0;0 0;0
7 NONE 0;0 0;0
8 NONE 0;0 0;0
9 NONE 0;0 0;0
10 NONE 0;0 0;0
11 NONE 0;0 0;0
12 NONE 0;0 0;0
13 NONE 0;0 0;0
14 NONE 0;0 0;0
15 NONE 0;0 0;0
16 NONE 0;0 0;0
17 NONE 0;0 0;0
18 NONE 0;0 0;0
19 NONE 0;0 0;0
20 NONE 0;0 0;0
21 NONE 0;0 0;0
22 NONE 0;0 0;0
23 NONE 0;0 0;0
24 NONE 0;0 0;0
25 NONE 0;0 0;0
26 NONE 0;0 0;0
27 NONE 0;0 0;0
28 NONE 0;0 0;0
29 NONE 0;0 0;0
30 NONE 0;0 0;0
31 KEY_MINUS -30042;-13082 0;0
32 NONE -30042;-13082 0;0
33 NONE -30042;-13082 0;0
34 NONE -30042;-13082 0;0
35 NONE -30042;-13082 0;0
36 NONE -30042;-13082 0;0
37 NONE -30042;-13082 0;0
38 NONE -30042;-13082 0;0
39 NONE -30042;-13082 0;0
40 NONE -30042;-13082 0;0
41 NONE -30042;-13082 0;0
42 NONE -30042;-13082 0;0
43 NONE -30042;-13082 0;0
44 NONE 0;0 0;0
45 NONE 0;0 0;0
46 KEY_A 0;0 0;0
47 NONE 0;0 0;0
48 NONE 0;0 0;0
49 NONE 0;0 0;0
50 NONE 0;0 0;0
51 NONE 0;0 0;0
52 NONE 0;0 0;0
53 NONE 0;0 0;0
54 NONE 0;0 0;0
55 NONE 0;0 0;0
56 NONE 0;0 0;0
57 NONE 0;0 0;0
58 NONE 0;0 0;0
59 NONE 0;0 0;0
60 NONE 0;0 0;0
61 NONE 0;0 0;0
62 NONE 0;0 0;0
63 NONE 0;0 0;0
64 NONE 0;0 0;0
65 NONE 0;0 0;0
66 NONE 0;0 0;0
67 NONE 0;0 0;0
68 NONE 0;0 0;0
69 NONE 0;0 0;0
70 NONE 0;0 0;0
71 NONE 0;0 0;0
72 NONE 0;0 0;0
73 NONE 0;0 0;0
74 NONE 0;0 0;0
75 NONE 0;0 0;0
76 NONE 0;0 0;0
77 NONE 0;0 0;0
78 NONE 0;0 0;0
79 NONE 0;0 0;0
80 NONE 0;0 0;0
81 NONE 0;0 0;0
82 NONE 0;0 0;0
83 NONE 0;0 0;0
84 NONE 0;0 0;0
85 NONE 0;0 0;0
86 NONE 0;0 0;0
87 NONE 0;0 0;0
88 NONE 0;0 0;0
89 NONE 0;0 0;0
90 NONE 0;0 0;0
91 NONE 0;0 0;0
92 NONE 0;0 0;0
93 NONE 0;0 0;0
94 NONE 0;0 0;0
95 NONE 0;0 0;0
96 NONE 0;0 0;0
97 NONE 0;0 0;0
98 NONE 0;0 0;0
99 NONE 0;0 0;0
100 NONE 0;0 0;0
101 NONE 0;0 0;0
102 NONE 0;0 0;0
103 NONE 0;0 0;0
104 NONE 0;0 0;0
105 NONE 0;0 0;0
106 NONE 0;0 0;0
107 NONE 0;0 0;0
108 NONE 0;0 0;0
109 NONE 0;0 0;0
110 NONE 0;0 0;0
111 NONE 0;0 0;0
112 NONE 0;0 0;0
113 NONE 0;0 0;0
114 NONE 0;0 0;0
115 NONE 0;0 0;0
116 NONE 0;0 0;0
117 NONE 0;0 0;0
118 NONE 0;0 0;0
119 NONE 0;0 0;0
120 NONE 0;0 0;0
121 NONE 0;0 0;0
122 NONE 0;0 0;0
123 NONE 0;0 0;0
124 NONE 0;0 0;0
125 NONE 0;0 0;0
126 NONE 0;0 0;0
127 NONE 0;0 0;0
128 NONE 0;0 0;0
129 NONE 0;0 0;0
130 NONE 0;0 0;0
131 NONE 0;0 0;0
132 NONE 0;0 0;0
133 NONE 0;0 0;0
134 NONE 0;0 0;0
135 NONE 0;0 0;0
136 NONE 0;0 0;0
137 NONE 0;0 0;0
138 NONE 0;0 0;0
139 NONE 0;0 0;0
140 NONE 0;0 0;0
141 NONE 0;0 0;0
142 NONE 0;0 0;0
143 NONE 0;0 0;0
144 NONE 0;0 0;0
145 NONE 0;0 0;0
146 NONE 0;0 0;0
147 NONE 0;0 0;0
148 NONE 0;0 0;0
149 NONE 0;0 0;0
150 NONE 0;0 0;0
151 NONE 0;0 0;0
152 NONE 0;0 0;0
153 NONE 0;0 0;0
154 NONE 0;0 0;0
155 NONE 0;0 0;0
156 NONE 0;0 0;0
157 NONE 0;0 0;0
158 NONE 0;0 0;0
159 NONE 0;0 0;0
160 NONE 0;0 0;0
161 NONE 0;0 0;0
162 NONE 0;0 0;0
163 NONE 0;0 0;0
164 NONE 0;0 0;0
165 NONE 0;0 0;0
166 NONE 0;0 0;0
167 NONE 0;0 0;0
168 NONE 0;0 0;0
169 NONE 0;0 0;0
170 NONE 0;0 0;0
171 NONE 0;0 0;0
172 NONE 0;0 0;0
173 NONE 0;0 0;0
174 NONE 0;0 0;0
175 NONE 0;0 0;0
176 NONE 0;0 0;0
177 NONE 0;0 0;0
178 NONE 0;0 0;0
179 NONE 0;0 0;0
180 NONE 0;0 0;0
181 NONE 0;0 0;0
182 NONE 0;0 0;0
183 NONE 0;0 0;0
184 NONE 0;0 0;0
185 NONE 0;0 0;0
186 NONE 0;0 0;0
187 NONE 0;0 0;0
188 NONE 0;0 0;0
189 NONE 0;0 0;0
190 NONE 0;0 0;0
191 NONE 0;0 0;0
192 NONE 0;0 0;0
193 NONE 0;0 0;0
194 NONE 0;0 0;0
195 NONE 0;0 0;0
196 NONE 0;0 0;0
197 NONE 0;0 0;0
198 NONE 0;0 0;0
199 NONE 0;0 0;0
200 NONE 0;0 0;0
201 NONE 0;0 0;0
202 NONE 0;0 0;0
203 NONE 0;0 0;0
204 NONE 0;0 0;0
205 NONE 0;0 0;0
206 NONE 0;0 0;0
207 NONE 0;0 0;0
208 NONE 0;0 0;0
209 NONE 0;0 0;0
210 NONE 0;0 0;0
211 NONE 0;0 0;0
212 NONE 0;0 0;0
213 NONE 0;0 0;0
214 NONE 0;0 0;0
215 NONE 0;0 0;0
216 NONE 0;0 0;0
217 NONE 0;0 0;0
218 NONE 0;0 0;0
219 NONE 0;0 0;0
220 NONE 0;0 0;0
221 NONE 0;0 0;0
222 NONE 0;0 0;0
223 NONE 0;0 0;0
224 NONE 0;0 0;0
225 NONE 0;0 0;0
226 NONE 0;0 0;0
227 NONE 0;0 0;0
228 NONE 0;0 0;0
229 NONE 0;0 0;0
230 NONE 0;0 0;0
231 NONE 0;0 0;0
232 NONE 0;0 0;0
233 NONE 0;0 0;0
234 NONE 0;0 0;0
235 NONE 0;0 0;0
236 NONE 0;0 0;0
237 NONE 0;0 0;0
238 NONE 0;0 0;0
239 NONE 0;0 0;0
240 NONE 0;0 0;0
241 NONE 0;0 0;0
242 NONE 0;0 0;0
243 NONE 0;0 0;0
244 NONE 0;0 0;0
245 NONE 0;0 0;0
246 NONE 0;0 0;0
247 NONE 0;0 0;0
248 NONE 0;0 0;0
249 NONE 0;0 0;0
250 NONE 0;0 0;0
251 NONE 0;0 0;0
252 NONE 0;0 0;0
253 NONE 0;0 0;0
254 NONE 0;0 0;0
255 NONE 0;0 0;0
256 NONE 0;0 0;0
257 NONE 0;0 0;0
258 NONE 0;0 0;0
259 NONE 0;0 0;0
260 NONE 0;0 0;0
261 NONE 0;0 0;0
262 NONE 0;0 0;0
263 NONE 0;0 0;0
264 NONE 0;0 0;0
265 NONE 0;0 0;0
266 NONE 0;0 0;0
267 NONE 0;0 0;0
268 NONE 0;0 0;0
269 NONE 0;0 0;0
270 NONE 0;0 0;0
271 NONE 0;0 0;0
272 NONE 0;0 0;0
273 NONE 0;0 0;0
274 NONE 0;0 0;0
275 NONE 0;0 0;0
276 NONE 0;0 0;0
277 NONE 0;0 0;0
278 NONE -23169;23169 0;0
279 NONE 20798;25320 0;0
280 NONE 22523;-23798 0;0
281 NONE -23169;-23169 0;0
282 NONE -23169;23169 0;0
283 NONE 20798;25320 0;0
284 NONE 22523;-23798 0;0
285 NONE -23169;-23169 0;0
286 NONE -23169;23169 0;0
287 NONE 20798;25320 0;0
288 NONE 22523;-23798 0;0
289 NONE -23169;-23169 0;0
290 NONE -23169;23169 0;0
291 NONE 20798;25320 0;0
292 NONE 22523;-23798 0;0
293 NONE -23169;-23169 0;0
294 NONE -23169;23169 0;0
295 NONE 20798;25320 0;0
296 NONE 22523;-23798 0;0
297 NONE -23169;-23169 0;0
298 NONE -23169;23169 0;0
299 NONE 20798;25320 0;0
300 NONE 22523;-23798 0;0
301 NONE -23169;-23169 0;0
302 NONE -23169;23169 0;0
303 NONE 20798;25320 0;0
304 NONE 22523;-23798 0;0
305 NONE -23169;-23169 0;0
306 NONE -23169;23169 0;0
307 NONE 20798;25320 0;0
308 NONE 22523;-23798 0;0
309 NONE -23169;-23169 0;0
310 NONE -23169;23169 0;0
311 NONE 20798;25320 0;0
312 NONE 22523;-23798 0;0
313 NONE -23169;-23169 0;0
314 NONE -23169;23169 0;0
315 NONE 20798;25320 0;0
316 NONE 22523;-23798 0;0
317 NONE -23169;-23169 0;0
318 NONE -23169;23169 0;0
319 NONE 20798;25320 0;0
320 NONE 22523;-23798 0;0
321 NONE -23169;-23169 0;0
322 NONE -23169;23169 0;0
323 NONE 20798;25320 0;0
324 NONE 22523;-23798 0;0
325 NONE -23169;-23169 0;0
326 NONE -23169;23169 0;0
327 NONE 20798;25320 0;0
328 NONE 22523;-23798 0;0
329 NONE -23169;-23169 0;0
330 NONE -23169;23169 0;0
331 NONE 20798;25320 0;0
332 NONE 22523;-23798 0;0
333 NONE -23169;-23169 0;0
334 NONE -23169;23169 0;0
335 NONE 20798;25320 0;0
336 NONE 22523;-23798 0;0
337 NONE -23169;-23169 0;0
338 NONE -23169;23169 0;0
339 NONE 20798;25320 0;0
340 NONE 22523;-23798 0;0
341 NONE -23169;-23169 0;0
342 NONE -23169;23169 0;0
343 NONE 20798;25320 0;0
344 NONE 22523;-23798 0;0
345 NONE -23169;-23169 0;0
346 NONE -23169;23169 0;0
347 NONE 20798;25320 0;0
348 NONE 22523;-23798 0;0
349 NONE -23169;-23169 0;0
350 NONE -23169;23169 0;0
351 NONE 20798;25320 0;0
352 NONE 22523;-23798 0;0
353 NONE -23169;-23169 0;0
354 NONE -23169;23169 0;0
355 NONE 20798;25320 0;0
356 NONE 22523;-23798 0;0
357 NONE -23169;-23169 0;0
358 NONE -23169;23169 0;0
359 NONE 20798;25320 0;0
360 NONE 22523;-23798 0;0
361 NONE -23169;-23169 0;0
362 NONE -23169;23169 0;0
363 NONE 20798;25320 0;0
364 NONE 22523;-23798 0;0
365 NONE -23169;-23169 0;0
366 NONE -23169;23169 0;0
367 NONE 20798;25320 0;0
368 NONE 22523;-23798 0;0
369 NONE -23169;-23169 0;0
370 NONE -23169;23169 0;0
371 NONE 20798;25320 0;0
372 NONE 22523;-23798 0;0
373 NONE -23169;-23169 0;0
374 NONE -23169;23169 0;0
375 NONE 20798;25320 0;0
376 NONE 22523;-23798 0;0
377 NONE -23169;-23169 0;0
378 NONE -23169;23169 0;0
379 NONE 20798;25320 0;0
380 NONE 22523;-23798 0;0
381 NONE -23169;-23169 0;0
382 NONE -23169;23169 0;0
383 NONE 20798;25320 0;0
384 KEY_B 22523;-23798 0;0
385 KEY_ZL -17440;-22460 0;0
386 KEY_ZL -17440;-22460 0;0
387 KEY_B -17440;-22460 0;0
388 KEY_B -17440;-22460 0;0
389 KEY_B -17440;-22460 0;0
390 KEY_B -17440;-22460 0;0
391 KEY_B -17440;-22460 0;0
392 KEY_B -17440;-22460 0;0
393 KEY_B -17440;-22460 0;0
394 KEY_B -17440;-22460 0;0
395 KEY_B -17440;-22460 0;0
396 KEY_B -17440;-22460 0;0
397 KEY_B -17440;-22460 0;0
398 KEY_B -17440;-22460 0;0
399 KEY_B -17440;-22460 0;0
400 KEY_B -17440;-22460 0;0
401 KEY_B -17440;-22460 0;0
402 KEY_B -17440;-22460 0;0
403 KEY_B -17440;-22460 0;0
404 KEY_B -17440;-22460 0;0
405 NONE -17440;-22460 0;0
406 NONE -17440;-22460 0;0
407 NONE -17440;-22460 0;0
408 NONE -17440;-22460 0;0
409 NONE -17440;-22460 0;0
410 NONE -17440;-22460 0;0
411 NONE -17440;-22460 0;0
412 NONE -17440;-22460 0;0
413 KEY_DUP -17440;-22460 0;0
414 NONE -4094;32510 0;0
415 NONE -4094;32510 0;0
416 NONE -4094;32510 0;0
417 NONE -4094;32510 0;0
418 NONE -4094;32510 0;0
419 NONE -4094;32510 0;0
420 NONE -4094;32510 0;0
421 NONE -4094;32510 0;0
422 NONE -4094;32510 0;0
423 NONE -4094;32510 0;0
424 NONE -4094;32510 0;0
425 NONE -4094;32510 0;0
426 NONE -4094;32510 0;0
427 NONE -4094;32510 0;0
428 KEY_ZL -4094;32510 0;0
429 KEY_Y;KEY_R -4094;32510 0;0
430 NONE 0;-32767 0;0
431 NONE 0;-32767 0;0
432 NONE 0;-32767 0;0
433 NONE 0;-32767 0;0
434 NONE 0;-32767 0;0
435 KEY_DDOWN 0;-32767 0;0
436 NONE 0;-32767 0;0
437 NONE 0;-32767 0;0
438 NONE 0;-32767 0;0
439 NONE 0;-32767 0;0
440 NONE 0;-32767 0;0
441 NONE 0;-32767 0;0
442 NONE 0;-32767 0;0
443 NONE 0;-32767 0;0
444 NONE -6838;6838 0;0
445 NONE -6838;6838 0;0
446 NONE -6838;6838 0;0
447 NONE -6838;6838 0;0
448 NONE -6838;6838 0;0
449 NONE -6838;6838 0;0
450 NONE -6838;6838 0;0
451 NONE -6838;6838 0;0
452 KEY_B 0;0 0;0
453 KEY_L -2427;32668 0;0
454 KEY_Y -2427;32668 0;0
455 KEY_Y -2427;32668 0;0
456 KEY_Y -2427;32668 0;0
457 KEY_Y -2427;32668 0;0
458 KEY_Y -2427;32668 0;0
459 KEY_Y -2427;32668 0;0
460 KEY_Y -2427;32668 0;0
461 KEY_Y;KEY_ZL -2427;32668 0;0
462 KEY_X;KEY_Y;KEY_ZL;KEY_R -2427;32668 0;0
463 KEY_Y;KEY_ZL 0;-32767 0;0
464 KEY_Y;KEY_ZL 0;-32767 0;0
465 KEY_Y;KEY_ZL 0;-32767 0;0
466 KEY_Y;KEY_ZL 0;-32767 0;0
467 KEY_Y;KEY_ZL 0;-32767 0;0
468 KEY_Y;KEY_ZL 0;-13106 0;0
469 KEY_Y;KEY_ZL 0;0 0;0
470 KEY_Y;KEY_ZL 0;32767 0;0
471 KEY_Y;KEY_ZL 0;32767 0;0
472 KEY_Y;KEY_ZL 0;32767 0;0
473 KEY_Y;KEY_ZL 0;32767 0;0
474 KEY_Y;KEY_ZL 0;32767 0;-32767
475 KEY_Y;KEY_ZL 0;32767 0;-32767
476 KEY_Y;KEY_ZL 0;32767 0;-32767
477 KEY_Y;KEY_ZL 0;32767 0;-32767
478 KEY_Y;KEY_ZL 0;32767 0;-32767
479 KEY_Y;KEY_ZL 0;32767 0;-32767
480 KEY_Y;KEY_ZL 0;32767 0;-32767
481 KEY_Y;KEY_ZL 0;32767 0;-32767
482 KEY_Y;KEY_ZL 0;32767 0;-32767
483 KEY_Y;KEY_ZL 0;32767 0;-32767
484 KEY_Y;KEY_ZL 0;32767 0;-32767
485 KEY_Y;KEY_ZL 0;32767 0;-32767
486 KEY_Y;KEY_ZL 0;32767 0;-32767
487 KEY_Y;KEY_ZL 0;32767 0;-32767
488 KEY_Y;KEY_ZL 0;32767 0;-32767
489 KEY_Y;KEY_ZL 0;32767 0;-32767
490 KEY_Y;KEY_ZL 0;32767 0;-32767
491 KEY_Y;KEY_ZL 0;32767 0;-32767
492 KEY_Y;KEY_ZL 0;32767 0;-32767
493 KEY_Y;KEY_ZL 0;32767 0;-32767
494 KEY_X;KEY_Y;KEY_ZL -32767;0 0;-32767
495 KEY_Y -32767;0 0;-32767
496 NONE -32767;0 0;-32767
497 NONE -32767;0 0;-32767
498 NONE -32767;0 0;-32767
499 NONE -32767;0 0;-32767
500 NONE -32767;0 0;-32767
501 NONE -32767;0 0;-32767
502 NONE -32767;0 0;-32767
503 NONE -32767;0 0;-32767
504 NONE -32767;0 0;-32767
505 NONE -32767;0 0;-32767
506 NONE -32767;0 0;-32767
507 NONE -32767;0 0;-32767
508 NONE -32767;0 0;-32767
509 NONE -32767;0 0;-32767
510 NONE -32767;0 0;-32767
511 NONE -32767;0 0;-32767
512 NONE -32767;0 0;0
513 NONE -32767;0 0;0
514 NONE -32767;0 0;0
515 NONE -32767;0 0;0
516 NONE -32767;0 0;0
517 NONE -32767;0 0;0
518 NONE -32767;0 0;0
519 NONE -32767;0 0;0
520 NONE -32767;0 0;0
521 NONE -32767;0 0;0
522 NONE -32767;0 0;0
523 NONE -32767;0 0;0
524 NONE -32767;0 0;0
525 NONE -32767;0 0;0
526 NONE -32767;0 0;0
527 NONE -32767;0 0;0
528 NONE -32767;0 0;0
529 NONE -32767;0 0;0
530 NONE -32767;0 0;0
531 NONE -32767;0 0;0
532 NONE -32767;0 0;0
533 NONE -32767;0 0;0
534 NONE -32767;0 0;0
535 NONE -32767;0 0;0
536 NONE -32767;0 0;0
537 NONE -32767;0 0;0
538 NONE -32767;0 0;0
539 NONE -32767;0 0;0
540 NONE -32767;0 0;0
541 NONE -32767;0 0;0
542 NONE -32767;0 0;0
543 NONE -32767;0 0;0
544 NONE -32767;0 0;0
545 NONE -32767;0 0;0
546 NONE -32767;0 0;0
547 NONE -32767;0 0;0
548 NONE -32767;0 0;0
549 NONE -32767;0 0;0
550 KEY_L -32767;0 0;0
551 NONE -4867;32403 0;0
552 NONE 26528;19233 0;0
553 NONE 26528;19233 0;0
554 NONE 26528;19233 0;0
555 NONE 26528;19233 0;0
556 NONE 26528;19233 0;0
557 NONE 26528;19233 0;0
558 NONE 26528;19233 0;0
559 NONE 26528;19233 0;0
560 NONE 26528;19233 0;0
561 NONE 26528;19233 0;0
562 NONE 26528;19233 0;0
563 NONE -4867;32403 0;0
564 NONE -4867;32403 0;0
565 NONE -4867;32403 0;0
566 NONE -4867;32403 0;0
567 NONE -4867;32403 0;0
568 NONE -4867;32403 0;0
569 NONE -4867;32403 0;0
570 NONE -4867;32403 0;0
571 NONE -4867;32403 0;0
572 NONE -4867;32403 0;0
573 NONE -4867;32403 0;0
574 NONE -4867;32403 0;0
575 NONE -4867;32403 0;0
576 NONE -4867;32403 0;0
577 KEY_ZL -4867;32403 0;0
578 KEY_Y 0;0 0;0
579 KEY_Y 0;0 0;0
580 KEY_Y 0;0 0;0
581 KEY_Y 0;0 0;0
582 KEY_Y 0;0 0;0
583 KEY_Y 0;0 0;0
584 KEY_Y 0;0 0;0
585 KEY_Y 0;0 0;0
586 KEY_Y 0;0 0;0
587 KEY_Y 0;0 0;0
588 KEY_Y 0;0 0;0
589 KEY_Y 0;0 0;0
590 KEY_Y 0;0 0;0
591 KEY_Y 0;0 0;0
592 KEY_Y 0;0 0;0
593 KEY_Y 0;0 0;0
594 KEY_Y 0;0 0;0
595 KEY_Y 0;0 0;0
596 KEY_Y 0;0 0;0
597 KEY_Y 0;0 0;0
598 KEY_Y 0;0 0;0
599 KEY_Y 0;0 0;0
600 KEY_Y 0;0 0;0
601 KEY_Y -32403;-4867 0;0
602 NONE -32403;-4867 0;0
603 NONE -32403;-4867 0;0
604 NONE -32403;-4867 0;0
605 NONE -32403;-4867 0;0
606 NONE -32403;-4867 0;0
607 NONE -32403;-4867 0;0
608 NONE -32403;-4867 0;0
609 NONE -32403;-4867 0;0
610 NONE -32403;-4867 0;0
611 NONE -32403;-4867 0;0
612 NONE -32403;-4867 0;0
613 NONE -32403;-4867 0;0
614 NONE -32403;-4867 0;0
615 NONE -32403;-4867 0;0
616 NONE -32403;-4867 0;0
617 NONE -32403;-4867 0;0
618 NONE -32403;-4867 0;0
619 NONE -32403;-4867 0;0
620 NONE -32403;-4867 0;0
621 NONE -32403;-4867 0;0
622 NONE -32403;-4867 0;0
623 NONE -32403;-4867 0;0
624 NONE -32403;-4867 0;0
625 NONE -32403;-4867 0;0
626 NONE -32403;-4867 0;0
627 NONE -32403;-4867 0;0
628 NONE -32403;-4867 0;0
629 NONE -32403;-4867 0;0
630 NONE -32403;-4867 0;0
631 NONE -32403;-4867 0;0
632 NONE -32403;-4867 0;0
633 NONE -32403;-4867 0;0
634 NONE -32403;-4867 0;0
635 NONE -32403;-4867 0;0
636 NONE -32403;-4867 0;0
637 NONE -32403;-4867 0;0
638 KEY_L -32403;-4867 0;0
639 NONE -10695;30972 0;0
640 NONE 24134;22162 0;0
641 NONE 24134;22162 0;0
642 NONE 24134;22162 0;0
643 NONE 24134;22162 0;0
644 NONE 24134;22162 0;0
645 NONE 24134;22162 0;0
646 NONE 24134;22162 0;0
647 NONE 24134;22162 0;0
648 NONE 24134;22162 0;0
649 NONE 24134;22162 0;0
650 NONE 24134;22162 0;0
651 NONE -10695;30972 0;0
652 NONE -10695;30972 0;0
653 NONE -10695;30972 0;0
654 NONE -10695;30972 0;0
655 NONE -10695;30972 0;0
656 NONE -10695;30972 0;0
657 NONE -10695;30972 0;0
658 NONE -10695;30972 0;0
659 NONE -10695;30972 0;0
660 NONE -10695;30972 0;0
661 NONE -10695;30972 0;0
662 NONE -10695;30972 0;0
663 NONE -10695;30972 0;0
664 NONE -10695;30972 0;0
665 NONE -10695;30972 0;0
666 NONE -10695;30972 0;0
667 NONE -10695;30972 0;0
668 NONE -10695;30972 0;0
669 KEY_ZL -10695;30972 0;0
670 KEY_Y;KEY_ZL;KEY_R -32767;0 0;0
671 KEY_ZL -32767;0 0;0
672 KEY_ZL -32767;0 0;0
673 KEY_ZL -32767;0 0;0
674 KEY_ZL;KEY_R -32767;0 0;0
675 KEY_ZL -32767;0 0;0
676 KEY_ZL;KEY_R -32767;0 0;0
677 KEY_ZL -32767;0 0;0
678 KEY_ZL;KEY_R -32767;0 0;0
679 KEY_ZL -32767;0 0;0
680 KEY_ZL;KEY_R -32767;0 0;0
681 KEY_ZL -32767;0 0;0
682 KEY_ZL;KEY_R -32767;0 0;0
683 KEY_ZL -32767;0 0;0
684 KEY_ZL;KEY_R -32767;0 0;0
685 KEY_ZL -32767;0 0;0
686 KEY_ZL;KEY_R -32767;0 0;0
687 KEY_ZL -32767;0 0;0
688 KEY_ZL;KEY_R -32767;0 0;0
689 KEY_ZL -32767;0 0;0
690 KEY_ZL;KEY_R -32767;0 0;0
691 KEY_ZL -32767;0 0;0
692 KEY_ZL;KEY_R -32767;0 0;0
693 KEY_ZL -32767;0 0;0
694 KEY_ZL;KEY_R -32767;0 0;0
695 KEY_ZL -32767;0 0;0
696 KEY_ZL;KEY_R -32767;0 0;0
697 KEY_ZL;KEY_L -32767;0 0;0
698 KEY_ZL -32767;0 0;0
699 KEY_ZL -32767;0 0;0
700 KEY_ZL -32767;0 0;0
701 KEY_ZL -32767;0 0;0
702 KEY_ZL -32767;0 0;0
703 KEY_ZL -32767;0 0;0
704 KEY_ZL -32767;0 0;0
705 KEY_ZL -32767;0 0;0
706 KEY_ZL -32767;0 0;0
707 KEY_ZL -32767;0 0;0
708 KEY_ZL -32767;0 0;0
709 KEY_ZL -32767;0 0;0
710 KEY_ZL -32767;0 0;0
711 KEY_ZL -32767;0 0;0
712 KEY_ZL -32767;0 0;0
713 KEY_B;KEY_ZL;KEY_DRIGHT -32767;0 0;0
714 NONE -27950;17095 0;0
715 NONE -4823;32410 0;0
716 NONE -4823;32410 0;0
717 KEY_B -4823;32410 0;0
718 NONE -4823;32410 0;0
719 NONE -4823;32410 0;0
720 NONE -32620;3096 0;0
721 NONE -32620;3096 0;0
722 NONE -32620;3096 0;0
723 NONE -32620;3096 0;0
724 NONE -32620;3096 0;0
725 NONE -32620;3096 0;0
726 NONE -32620;3096 0;0
727 NONE -32620;3096 0;0
728 NONE -32620;3096 0;0
729 NONE -32620;3096 0;0
730 NONE -32620;3096 0;0
731 NONE -32620;3096 0;0
732 NONE -32620;3096 0;0
733 NONE -32620;3096 0;0
734 NONE -32620;3096 0;0
735 NONE -32620;3096 0;0
736 NONE -29166;-14932 0;0
737 NONE -29166;-14932 0;0
738 NONE -29166;-14932 0;0
739 NONE -29166;-14932 0;0
740 NONE -29166;-14932 0;0
741 NONE -29166;-14932 0;0
742 NONE -29166;-14932 0;0
743 NONE -29166;-14932 0;0
744 NONE -29166;-14932 0;0
745 NONE -29166;-14932 0;0
746 NONE -29166;-14932 0;0
747 NONE -29166;-14932 0;0
748 NONE -29166;-14932 0;0
749 NONE -29166;-14932 0;0
750 NONE -29166;-14932 0;0
751 KEY_DDOWN -29166;-14932 0;0
752 NONE -18863;-26792 0;0
753 NONE -18863;-26792 0;0
754 NONE -27612;17641 0;0
755 NONE -27612;17641 0;0
756 KEY_B -27612;17641 0;0
757 NONE -30041;13082 0;0
758 NONE -30041;13082 0;0
759 NONE -30041;13082 0;0
760 NONE -30041;13082 0;0
761 NONE -30041;13082 0;0
762 NONE -30041;13082 0;0
763 NONE -30041;13082 0;0
764 NONE -30041;13082 0;0
765 NONE 0;32767 0;0
766 NONE -28377;-16383 0;0
767 NONE 28377;-16383 0;0
768 NONE 0;32767 0;0
769 NONE -28377;-16383 0;0
770 NONE 28377;-16383 0;0
771 NONE 0;32767 0;0
772 NONE -28377;-16383 0;0
773 NONE 28377;-16383 0;0
774 NONE 0;32767 0;0
775 NONE -28377;-16383 0;0
776 NONE 28377;-16383 0;0
777 NONE 0;32767 0;0
778 NONE -28377;-16383 0;0
779 KEY_B 28377;-16383 0;0
780 NONE 15361;-8511 0;0
781 NONE 15361;-8511 0;0
782 NONE 15361;-8511 0;0
783 NONE 15361;-8511 0;0
784 NONE 15361;-8511 0;0
785 NONE 15361;-8511 0;0
786 NONE 15361;-8511 0;0
787 NONE 15361;-8511 0;0
788 NONE 15361;-8511 0;0
789 NONE 15361;-8511 0;0
790 NONE 15361;-8511 0;0
791 NONE 15361;-8511 0;0
792 NONE 15361;-8511 0;0
793 NONE 15361;-8511 0;0
794 NONE 15361;-8511 0;0
795 KEY_ZL 15361;-8511 0;0
796 KEY_ZL 0;0 0;0
797 KEY_ZL 0;0 0;0
798 KEY_ZL 0;0 0;0
799 KEY_ZL 0;0 0;0
800 KEY_ZL 0;0 0;0
801 KEY_ZL 0;0 0;0
802 KEY_ZL 0;0 0;0
803 KEY_ZL 0;0 0;0
804 KEY_ZL 0;0 0;0
805 KEY_ZL 0;0 0;0
806 KEY_ZL 0;0 0;0
807 KEY_ZL 0;0 0;0
808 NONE 0;0 0;0
809 NONE 0;0 0;0
810 NONE 0;0 0;0
811 NONE 0;0 0;0
812 NONE 0;0 0;0
813 NONE 0;0 0;0
814 NONE 0;0 0;0
815 NONE 0;0 0;0
816 NONE 0;0 0;0
817 NONE 0;0 0;0
818 NONE 0;0 0;0
819 NONE 0;0 0;0
820 NONE 0;0 0;0
821 NONE 0;0 0;0
822 NONE 0;0 0;0
823 NONE 0;0 0;0
824 NONE 0;0 0;0
825 NONE 0;0 0;0
826 NONE 0;0 0;0
827 NONE 0;0 0;0
828 NONE 0;0 0;0
829 NONE 0;0 0;0
830 NONE 0;0 0;0
831 NONE 0;0 0;0
832 NONE 0;0 0;0
833 NONE 0;0 0;0
834 NONE 0;0 0;0
835 NONE 0;0 0;0
836 NONE 0;0 0;0
837 NONE 0;0 0;0
838 NONE 0;0 0;0
839 NONE 0;0 0;0
840 NONE 0;0 0;0
841 NONE 0;0 0;0
842 NONE 0;0 0;0
843 NONE 0;0 0;0
844 NONE 0;0 0;0
845 NONE 0;0 0;0
846 NONE 0;0 0;0
847 NONE 0;0 0;0
848 NONE 0;0 0;0
849 NONE 0;0 0;0
850 NONE 0;0 0;0
851 NONE 0;0 0;0
852 NONE 0;0 0;0
853 NONE 0;0 0;0
854 NONE 0;0 0;0
855 NONE 0;0 0;0
856 NONE 0;0 0;0
857 NONE 0;0 0;0
858 NONE 0;0 0;0
859 NONE 0;0 0;0
860 NONE 0;0 0;0
861 NONE 0;0 0;0
862 NONE 0;0 0;0
863 NONE 0;0 0;0
864 NONE 0;0 0;0
865 NONE 0;0 0;0
866 NONE 0;0 0;0
867 NONE 0;0 0;0
868 NONE 0;0 0;0
869 NONE 0;0 0;0
870 NONE 0;0 0;0
871 NONE 0;0 0;0
872 NONE 0;0 0;0
873 NONE 0;0 0;0
874 NONE 0;0 0;0
875 NONE 0;0 0;0
876 NONE 0;0 0;0
877 NONE 0;0 0;0
878 NONE 0;0 0;0
879 NONE 0;0 0;0
880 NONE 0;0 0;0
881 NONE 0;0 0;0
882 NONE 0;0 0;0
883 NONE 0;0 0;0
884 NONE 0;0 0;0
885 NONE 0;0 0;0
886 NONE 0;0 0;0
887 NONE 0;0 0;0
888 NONE 0;0 0;0
889 NONE 0;0 0;0
890 NONE 0;0 0;0
891 NONE 0;0 0;0
892 NONE 0;0 0;0
893 NONE 0;0 0;0
894 NONE 0;0 0;0
895 NONE 0;0 0;0
896 NONE 0;0 0;0
897 NONE 0;0 0;0
898 NONE 0;0 0;0
899 NONE -23169;23169 0;0
900 NONE 20798;25320 0;0
901 NONE 22523;-23798 0;0
902 NONE -23169;-23169 0;0
903 NONE -23169;23169 0;0
904 NONE 20798;25320 0;0
905 NONE 22523;-23798 0;0
906 NONE -23169;-23169 0;0
907 NONE -23169;23169 0;0
908 NONE 20798;25320 0;0
909 NONE 22523;-23798 0;0
910 NONE -23169;-23169 0;0
911 NONE -23169;23169 0;0
912 NONE 20798;25320 0;0
913 NONE 22523;-23798 0;0
914 NONE -23169;-23169 0;0
915 NONE -23169;23169 0;0
916 NONE 20798;25320 0;0
917 NONE 22523;-23798 0;0
918 NONE -23169;-23169 0;0
919 NONE -23169;23169 0;0
920 NONE 20798;25320 0;0
921 NONE 22523;-23798 0;0
922 NONE -23169;-23169 0;0
923 NONE -23169;23169 0;0
924 NONE 20798;25320 0;0
925 NONE 22523;-23798 0;0
926 NONE -23169;-23169 0;0
927 NONE -23169;23169 0;0
928 NONE 20798;25320 0;0
929 NONE 22523;-23798 0;0
930 NONE -23169;-23169 0;0
931 NONE -23169;23169 0;0
932 NONE 20798;25320 0;0
933 NONE 22523;-23798 0;0
934 NONE -23169;-23169 0;0
935 NONE -23169;23169 0;0
936 NONE 20798;25320 0;0
937 NONE 22523;-23798 0;0
938 NONE -23169;-23169 0;0
939 NONE -23169;23169 0;0
940 NONE 20798;25320 0;0
941 NONE 22523;-23798 0;0
942 NONE -23169;-23169 0;0
943 NONE -23169;23169 0;0
944 NONE 20798;25320 0;0
945 NONE 22523;-23798 0;0
946 NONE -23169;-23169 0;0
947 NONE -23169;23169 0;0
948 NONE 20798;25320 0;0
949 NONE 22523;-23798 0;0
950 NONE -23169;-23169 0;0
951 NONE -23169;23169 0;0
952 NONE 20798;25320 0;0
953 NONE 22523;-23798 0;0
954 NONE -23169;-23169 0;0
955 NONE -23169;23169 0;0
956 NONE 20798;25320 0;0
957 NONE 22523;-23798 0;0
958 NONE -23169;-23169 0;0
959 NONE -23169;23169 0;0
960 NONE 20798;25320 0;0
961 NONE 22523;-23798 0;0
962 NONE -23169;-23169 0;0
963 NONE -23169;23169 0;0
964 NONE 20798;25320 0;0
965 NONE 22523;-23798 0;0
966 NONE -23169;-23169 0;0
967 NONE -23169;23169 0;0
968 NONE 20798;25320 0;0
969 NONE 22523;-23798 0;0
970 NONE -23169;-23169 0;0
971 NONE -23169;23169 0;0
972 NONE 20798;25320 0;0
973 NONE 22523;-23798 0;0
974 NONE -23169;-23169 0;0
975 NONE -23169;23169 0;0
976 NONE 20798;25320 0;0
977 NONE 22523;-23798 0;0
978 NONE -23169;-23169 0;0
979 NONE -23169;23169 0;0
980 NONE 20798;25320 0;0
981 NONE 22523;-23798 0;0
982 NONE -23169;-23169 0;0
983 NONE -23169;23169 0;0
984 NONE 20798;25320 0;0
985 NONE 22523;-23798 0;0
986 NONE -23169;-23169 0;0
987 NONE -23169;23169 0;0
988 NONE 20798;25320 0;0
989 NONE 22523;-23798 0;0
990 NONE -23169;-23169 0;0
991 NONE -23169;23169 0;0
992 NONE 20798;25320 0;0
993 NONE 22523;-23798 0;0
994 NONE -23169;-23169 0;0
995 NONE -23169;23169 0;0
996 NONE 20798;25320 0;0
997 NONE 22523;-23798 0;0
998 NONE -23169;-23169 0;0
999 NONE -23169;23169 0;0
1000 NONE 20798;25320 0;0
1001 NONE 22523;-23798 0;0
1002 NONE -23169;-23169 0;0
1003 NONE -23169;23169 0;0
1004 NONE 20798;25320 0;0
1005 NONE -5121;-32354 0;0
1006 NONE -5121;-32354 0;0
1007 NONE -5121;-32354 0;0
1008 NONE -5121;-32354 0;0
1009 NONE -5121;-32354 0;0
1010 NONE -5121;-32354 0;0
1011 NONE -5121;-32354 0;0
1012 NONE -5121;-32354 0;0
1013 NONE -5121;-32354 0;0
1014 NONE -5121;-32354 0;0
1015 KEY_DLEFT -5121;-32354 0;0
1016 NONE -5121;-32354 0;0
1017 NONE -5121;-32354 0;0
1018 NONE -5121;-32354 0;0
1019 NONE -5121;-32354 0;0
1020 KEY_B -5121;-32354 0;0
1021 KEY_ZL -5121;-32354 0;0
1022 KEY_ZL -5121;-32354 0;0
1023 KEY_ZL -5121;-32354 0;0
1024 KEY_ZL -5121;-32354 0;0
1025 KEY_ZL -5121;-32354 0;0
1026 KEY_ZL -5121;-32354 0;0
1027 KEY_ZL -5121;-32354 0;0
1028 KEY_Y;KEY_ZL;KEY_R -5121;-32354 0;0
1029 KEY_ZL 0;0 0;0
1030 KEY_ZL 0;0 0;0
1031 KEY_ZL 0;0 0;0
1032 KEY_ZL 0;0 0;0
1033 KEY_ZL 0;0 0;0
1034 KEY_ZL 0;0 0;0
1035 KEY_ZL 0;0 0;0
1036 KEY_ZL 0;0 0;0
1037 KEY_ZL 0;0 0;0
1038 KEY_ZL 0;0 0;0
1039 KEY_ZL 0;0 0;0
1040 KEY_ZL 0;0 0;0
1041 KEY_ZL 0;0 0;0
1042 KEY_ZL 0;0 0;0
1043 KEY_ZL 0;0 0;0
1044 KEY_ZL 0;0 0;0
1045 KEY_ZL 0;0 0;0
1046 KEY_B;KEY_ZL;KEY_L 0;0 0;0
1047 KEY_ZL 27674;17542 0;0
1048 NONE 29515;14227 0;0
1049 NONE 30962;10722 0;0
1050 NONE 31993;7072 0;0
1051 NONE 32596;3328 0;0
1052 KEY_Y 32763;-460 0;0
1053 KEY_Y 32490;-4243 0;0
1054 KEY_Y 32490;-4243 0;0
1055 KEY_Y 31782;-7968 0;0
1056 KEY_B;KEY_Y 29865;-13478 0;0
1057 KEY_B;KEY_Y 29198;-14865 0;0
1058 KEY_B;KEY_Y 28997;-15254 0;0
1059 KEY_Y 28790;-15642 0;0
1060 KEY_Y 28578;-16026 0;0
1061 KEY_Y 28360;-16408 0;0
1062 KEY_Y 28138;-16786 0;0
1063 KEY_Y 27911;-17162 0;0
1064 KEY_Y 27678;-17534 0;0
1065 KEY_Y 27441;-17903 0;0
1066 KEY_Y 27198;-18270 0;0
1067 KEY_Y 26951;-18632 0;0
1068 KEY_Y 26753;-18917 0;0
1069 KEY_Y 26599;-19133 0;0
1070 KEY_Y 26442;-19349 0;0
1071 KEY_Y 26284;-19563 0;0
1072 KEY_Y 26124;-19776 0;0
1073 KEY_Y 25962;-19988 0;0
1074 KEY_Y 25799;-20198 0;0
1075 KEY_Y 25634;-20408 0;0
1076 KEY_Y 25467;-20615 0;0
1077 KEY_Y 25299;-20822 0;0
1078 KEY_Y 25129;-21027 0;0
1079 KEY_Y 24957;-21230 0;0
1080 KEY_Y 24783;-21432 0;0
1081 KEY_Y 24608;-21633 0;0
1082 KEY_Y 24432;-21833 0;0
1083 KEY_Y -22795;23538 0;0
1084 KEY_Y -22795;23538 0;0
1085 NONE -22795;23538 0;0
1086 NONE -22795;23538 0;0
1087 NONE -22795;23538 0;0
1088 NONE -22795;23538 0;0
1089 NONE -22795;23538 0;0
1090 NONE -26026;19905 0;0
1091 NONE -26207;19666 0;0
1092 NONE -26386;19426 0;0
1093 NONE -26562;19184 0;0
1094 NONE -26736;18940 0;0
1095 NONE -26908;18694 0;0
1096 NONE -27078;18448 0;0
1097 NONE -27246;18199 0;0
1098 NONE -27411;17949 0;0
1099 NONE -27574;17698 0;0
1100 NONE -27735;17445 0;0
1101 NONE -27893;17191 0;0
1102 NONE -28049;16935 0;0
1103 NONE -28203;16678 0;0
1104 NONE -28147;16774 0;0
1105 NONE -28089;16869 0;0
1106 NONE -28032;16965 0;0
1107 NONE -27974;17060 0;0
1108 NONE -27916;17155 0;0
1109 NONE -27858;17249 0;0
1110 NONE -27799;17344 0;0
1111 NONE -27740;17438 0;0
1112 NONE -27680;17532 0;0
1113 NONE -27621;17626 0;0
1114 NONE -27561;17720 0;0
1115 NONE -27500;17814 0;0
1116 NONE -27440;17907 0;0
1117 NONE -27379;18000 0;0
1118 NONE -27317;18093 0;0
1119 NONE -27256;18185 0;0
1120 NONE -27194;18278 0;0
1121 NONE -27132;18370 0;0
1122 NONE -27069;18462 0;0
1123 NONE -27006;18554 0;0
1124 NONE -26943;18646 0;0
1125 NONE -26879;18737 0;0
1126 NONE -26816;18828 0;0
1127 NONE -26751;18919 0;0
1128 NONE -26687;19010 0;0
1129 NONE -26622;19101 0;0
1130 NONE -26557;19191 0;0
1131 NONE -26492;19281 0;0
1132 NONE -26426;19371 0;0
1133 NONE -26360;19461 0;0
1134 NONE -26294;19550 0;0
1135 NONE -26228;19639 0;0
1136 NONE -26161;19728 0;0
1137 NONE -26093;19817 0;0
1138 NONE -26026;19905 0;0
1139 NONE -25958;19994 0;0
1140 NONE -25890;20082 0;0
1141 NONE -25822;20170 0;0
1142 NONE -25753;20257 0;0
1143 NONE -25684;20344 0;0
1144 NONE -25615;20432 0;0
1145 NONE -25545;20519 0;0
1146 NONE -25475;20605 0;0
1147 NONE -25405;20692 0;0
1148 NONE -25335;20778 0;0
1149 NONE -25264;20864 0;0
1150 NONE -25193;20949 0;0
1151 NONE -25122;21035 0;0
1152 NONE -25050;21120 0;0
1153 NONE -24978;21205 0;0
1154 NONE -24906;21290 0;0
1155 NONE -24834;21374 0;0
1156 NONE -24761;21458 0;0
1157 NONE -24688;21542 0;0
1158 NONE -24615;21626 0;0
1159 NONE -24541;21710 0;0
1160 NONE -24467;21793 0;0
1161 NONE -24393;21876 0;0
1162 NONE -24318;21959 0;0
1163 NONE -24244;22041 0;0
1164 NONE -24169;22123 0;0
1165 NONE -24093;22205 0;0
1166 NONE -24018;22287 0;0
1167 NONE -23942;22368 0;0
1168 NONE -23866;22450 0;0
1169 NONE -23789;22530 0;0
1170 NONE -23713;22611 0;0
1171 NONE -23636;22692 0;0
1172 NONE -23559;22772 0;0
1173 NONE -23481;22852 0;0
1174 NONE -23403;22931 0;0
1175 NONE -23325;23011 0;0
1176 NONE 3554;-592 0;0
1177 NONE 2977;-2029 0;0
1178 NONE 1850;-3092 0;0
1179 NONE 10194;31140 0;0
1180 KEY_B 10194;31140 0;0
1181 NONE 30991;10638 0;0
1182 NONE 30991;10638 0;0
1183 NONE 30991;10638 0;0
1184 NONE 30991;10638 0;0
1185 NONE 30991;10638 0;0
1186 KEY_DLEFT 30991;10638 0;0
1187 NONE 6475;32120 0;0
1188 NONE 0;32767 0;0
1189 NONE 0;32767 0;0
1190 NONE 0;32767 0;0
1191 NONE 0;32767 0;0
1192 NONE 0;32767 0;0
1193 NONE 0;32767 0;0
1194 KEY_ZL 0;32767 0;0
1195 KEY_Y 0;0 0;0
1196 NONE 0;0 0;0
1197 NONE 0;0 0;0
1198 NONE 0;0 0;0
1199 NONE 0;0 0;0
1200 NONE 0;0 0;0
1201 NONE 0;0 0;0
1202 NONE 0;0 0;0
1203 NONE 0;0 0;0
1204 NONE 0;0 0;0
1205 NONE 0;0 0;0
1206 NONE 0;0 0;0
1207 NONE 0;0 0;0
1208 NONE 0;0 0;0
1209 NONE 0;0 0;0
1210 NONE 0;0 0;0
1211 NONE 0;0 0;0
1212 NONE 0;0 0;0
1213 NONE 0;0 0;0
1214 NONE 0;0 0;0
1215 NONE 0;0 0;0
1216 NONE 0;0 0;0
1217 NONE 0;0 0;0
1218 NONE 0;0 0;0
1219 NONE 0;0 0;0
1220 NONE 0;0 0;0
1221 NONE 0;0 0;0
1222 NONE 0;0 0;0
