0 NONE 0;0 0;0
1 NONE 0;0 0;0
2 NONE 0;0 0;0
3 NONE 0;0 0;0
4 NONE 0;0 0;0
5 NONE 0;0 0;0
6 NONE 0;0 0;0
7 NONE 0;0 0;0
8 NONE 0;0 0;0
9 NONE 0;0 0;0
10 NONE 0;0 0;0
11 NONE 0;0 0;0
12 NONE 0;0 0;0
13 NONE 0;0 0;0
14 NONE 0;0 0;0
15 NONE 0;0 0;0
16 NONE 0;0 0;0
17 NONE 0;0 0;0
18 NONE 0;0 0;0
19 NONE 0;0 0;0
20 NONE 0;0 0;0
21 NONE 0;0 0;0
22 NONE 0;0 0;0
23 NONE 0;0 0;0
24 NONE 0;0 0;0
25 NONE 0;0 0;0
26 NONE 0;0 0;0
27 NONE 0;0 0;0
28 NONE 0;0 0;0
29 NONE 0;0 0;0
30 NONE 0;0 0;0
31 KEY_MINUS -30042;-13082 0;-32767
32 NONE -30042;-13082 0;-32767
33 NONE -30042;-13082 0;-32767
34 NONE -30042;-13082 0;-32767
35 NONE -30042;-13082 0;-32767
36 NONE -30042;-13082 0;-32767
37 NONE -30042;-13082 0;-32767
38 NONE -30042;-13082 0;-32767
39 NONE -30042;-13082 0;-32767
40 NONE -30042;-13082 0;-32767
41 NONE -30042;-13082 0;-32767
42 NONE -30042;-13082 0;-32767
43 NONE 0;0 0;0
44 NONE 0;0 0;0
45 KEY_A 0;0 0;0
46 NONE 0;0 0;0
47 NONE 0;0 0;0
48 NONE 0;0 0;0
49 NONE 0;0 0;0
50 NONE 0;0 0;0
51 NONE 0;0 0;0
52 NONE 0;0 0;0
53 NONE 0;0 0;0
54 NONE 0;0 0;0
55 NONE 0;0 0;0
56 NONE 0;0 0;0
57 NONE 0;0 0;0
58 NONE 0;0 0;0
59 NONE 0;0 0;0
60 NONE 0;0 0;0
61 NONE 0;0 0;0
62 NONE 0;0 0;0
63 NONE 0;0 0;0
64 NONE 0;0 0;0
65 NONE 0;0 0;0
66 NONE 0;0 0;0
67 NONE 0;0 0;0
68 NONE 0;0 0;0
69 NONE 0;0 0;0
70 NONE 0;0 0;0
71 NONE 0;0 0;0
72 NONE 0;0 0;0
73 NONE 0;0 0;0
74 NONE 0;0 0;0
75 NONE 0;0 0;0
76 NONE 0;0 0;0
77 NONE 0;0 0;0
78 NONE 0;0 0;0
79 NONE 0;0 0;0
80 NONE 0;0 0;0
81 NONE 0;0 0;0
82 NONE 0;0 0;0
83 NONE 0;0 0;0
84 NONE 0;0 0;0
85 NONE 0;0 0;0
86 NONE 0;0 0;0
87 NONE 0;0 0;0
88 NONE 0;0 0;0
89 NONE 0;0 0;0
90 NONE 0;0 0;0
91 NONE 0;0 0;0
92 NONE 0;0 0;0
93 NONE 0;0 0;0
94 NONE 0;0 0;0
95 NONE 0;0 0;0
96 NONE 0;0 0;0
97 NONE 0;0 0;0
98 NONE 0;0 0;0
99 NONE 0;0 0;0
100 NONE 0;0 0;0
101 NONE 0;0 0;0
102 NONE 0;0 0;0
103 NONE 0;0 0;0
104 NONE 0;0 0;0
105 NONE 0;0 0;0
106 NONE 0;0 0;0
107 NONE 0;0 0;0
108 NONE 0;0 0;0
109 NONE 0;0 0;0
110 NONE 0;0 0;0
111 NONE 0;0 0;0
112 NONE 0;0 0;0
113 NONE 0;0 0;0
114 NONE 0;0 0;0
115 NONE 0;0 0;0
116 NONE 0;0 0;0
117 NONE 0;0 0;0
118 NONE 0;0 0;0
119 NONE 0;0 0;0
120 NONE 0;0 0;0
121 NONE 0;0 0;0
122 NONE 0;0 0;0
123 NONE 0;0 0;0
124 NONE 0;0 0;0
125 NONE 0;0 0;0
126 NONE 0;0 0;0
127 NONE 0;0 0;0
128 NONE 0;0 0;0
129 NONE 0;0 0;0
130 NONE 0;0 0;0
131 NONE 0;0 0;0
132 NONE 0;0 0;0
133 NONE 0;0 0;0
134 NONE 0;0 0;0
135 NONE 0;0 0;0
136 NONE 0;0 0;0
137 NONE 0;0 0;0
138 NONE 0;0 0;0
139 NONE 0;0 0;0
140 NONE 0;0 0;0
141 NONE 0;0 0;0
142 NONE 0;0 0;0
143 NONE 0;0 0;0
144 NONE 0;0 0;0
145 NONE 0;0 0;0
146 NONE 0;0 0;0
147 NONE 0;0 0;0
148 NONE 0;0 0;0
149 NONE 0;0 0;0
150 NONE 0;0 0;0
151 NONE 0;0 0;0
152 NONE 0;0 0;0
153 NONE 0;0 0;0
154 NONE 0;0 0;0
155 NONE 0;0 0;0
156 NONE 0;0 0;0
157 NONE 0;0 0;0
158 NONE 0;0 0;0
159 NONE 0;0 0;0
160 NONE 0;0 0;0
161 NONE 0;0 0;0
162 NONE 0;0 0;0
163 NONE 0;0 0;0
164 NONE 0;0 0;0
165 NONE 0;0 0;0
166 NONE 0;0 0;0
167 NONE 0;0 0;0
168 NONE 0;0 0;0
169 NONE 0;0 0;0
170 NONE 0;0 0;0
171 NONE 0;0 0;0
172 NONE 0;0 0;0
173 NONE 0;0 0;0
174 NONE 0;0 0;0
175 NONE 0;0 0;0
176 NONE 0;0 0;0
177 NONE 0;0 0;0
178 NONE 0;0 0;0
179 NONE 0;0 0;0
180 NONE 0;0 0;0
181 NONE 0;0 0;0
182 NONE 0;0 0;0
183 NONE 0;0 0;0
184 NONE 0;0 0;0
185 NONE 0;0 0;0
186 NONE 0;0 0;0
187 NONE 0;0 0;0
188 NONE 0;0 0;0
189 NONE 0;0 0;0
190 NONE 0;0 0;0
191 NONE 0;0 0;0
192 NONE 0;0 0;0
193 NONE 0;0 0;0
194 NONE 0;0 0;0
195 NONE 0;0 0;0
196 NONE 0;0 0;0
197 NONE 0;0 0;0
198 NONE 0;0 0;0
199 NONE 0;0 0;0
200 NONE 0;0 0;0
201 NONE 0;0 0;0
202 NONE 0;0 0;0
203 NONE 0;0 0;0
204 NONE 0;0 0;0
205 NONE 0;0 0;0
206 NONE 0;0 0;0
207 NONE 0;0 0;0
208 NONE 0;0 0;0
209 NONE 0;0 0;0
210 NONE 0;0 0;0
211 NONE 0;0 0;0
212 NONE 0;0 0;0
213 NONE 0;0 0;0
214 NONE 0;0 0;0
215 NONE 0;0 0;0
216 NONE 0;0 0;0
217 NONE 0;0 0;0
218 NONE 0;0 0;0
219 NONE 0;0 0;0
220 NONE 0;0 0;0
221 NONE 0;0 0;0
222 NONE 0;0 0;0
223 NONE 0;0 0;0
224 NONE 0;0 0;0
225 NONE 0;0 0;0
226 NONE 0;0 0;0
227 NONE 0;0 0;0
228 NONE 0;0 0;0
229 NONE 0;0 0;0
230 NONE 0;0 0;0
231 NONE 0;0 0;0
232 NONE 0;0 0;0
233 NONE 0;0 0;0
234 NONE 0;0 0;0
235 NONE 0;0 0;0
236 NONE 0;0 0;0
237 NONE 0;0 0;0
238 NONE 0;0 0;0
239 NONE 0;0 0;0
240 NONE 0;0 0;0
241 NONE 0;0 0;0
242 NONE 0;0 0;0
243 NONE 0;0 0;0
244 NONE 0;0 0;0
245 NONE 0;0 0;0
246 NONE 0;0 0;0
247 NONE 0;0 0;0
248 NONE 0;0 0;0
249 NONE 0;0 0;0
250 NONE 0;0 0;0
251 NONE 0;0 0;0
252 NONE 0;0 0;0
253 NONE 0;0 0;0
254 NONE 0;0 0;0
255 NONE 0;0 0;0
256 NONE 0;0 0;0
257 NONE 0;0 0;0
258 NONE 0;0 0;0
259 NONE 0;0 0;0
260 NONE 0;0 0;0
261 NONE 0;0 0;0
262 NONE 0;0 0;0
263 NONE 0;0 0;0
264 NONE 0;0 0;0
265 NONE 0;0 0;0
266 NONE 0;0 0;0
267 NONE 0;0 0;0
268 NONE 0;0 0;0
269 NONE 0;0 0;0
270 NONE 0;0 0;0
271 NONE 0;0 0;0
272 NONE 0;0 0;0
273 NONE 0;0 0;0
274 NONE 0;0 0;0
275 NONE 0;0 0;0
276 NONE 0;0 0;0
277 NONE -23169;23169 0;0
278 NONE 20798;25320 0;0
279 NONE 22523;-23798 0;0
280 NONE -23169;-23169 0;0
281 NONE -23169;23169 0;0
282 NONE 20798;25320 0;0
283 NONE 22523;-23798 0;0
284 NONE -23169;-23169 0;0
285 NONE -23169;23169 0;0
286 NONE 20798;25320 0;0
287 NONE 22523;-23798 0;0
288 NONE -23169;-23169 0;0
289 NONE -23169;23169 0;0
290 NONE 20798;25320 0;0
291 NONE 22523;-23798 0;0
292 NONE -23169;-23169 0;0
293 NONE -23169;23169 0;0
294 NONE 20798;25320 0;0
295 NONE 22523;-23798 0;0
296 NONE -23169;-23169 0;0
297 NONE -23169;23169 0;0
298 NONE 20798;25320 0;0
299 NONE 22523;-23798 0;0
300 NONE -23169;-23169 0;0
301 NONE -23169;23169 0;0
302 NONE 20798;25320 0;0
303 NONE 22523;-23798 0;0
304 NONE -23169;-23169 0;0
305 NONE -23169;23169 0;0
306 NONE 20798;25320 0;0
307 NONE 22523;-23798 0;0
308 NONE -23169;-23169 0;0
309 NONE -23169;23169 0;0
310 NONE 20798;25320 0;0
311 NONE 22523;-23798 0;0
312 NONE -23169;-23169 0;0
313 NONE -23169;23169 0;0
314 NONE 20798;25320 0;0
315 NONE 22523;-23798 0;0
316 NONE -23169;-23169 0;0
317 NONE -23169;23169 0;0
318 NONE 20798;25320 0;0
319 NONE 22523;-23798 0;0
320 NONE -23169;-23169 0;0
321 NONE -23169;23169 0;0
322 NONE 20798;25320 0;0
323 NONE 22523;-23798 0;0
324 NONE -23169;-23169 0;0
325 NONE -23169;23169 0;0
326 NONE 20798;25320 0;0
327 NONE 22523;-23798 0;0
328 NONE -23169;-23169 0;0
329 NONE -23169;23169 0;0
330 NONE 20798;25320 0;0
331 NONE 22523;-23798 0;0
332 NONE -23169;-23169 0;0
333 NONE -23169;23169 0;0
334 NONE 20798;25320 0;0
335 NONE 22523;-23798 0;0
336 NONE -23169;-23169 0;0
337 NONE -23169;23169 0;0
338 NONE 20798;25320 0;0
339 NONE 22523;-23798 0;0
340 NONE -23169;-23169 0;0
341 NONE -23169;23169 0;0
342 NONE 20798;25320 0;0
343 NONE 22523;-23798 0;0
344 NONE -23169;-23169 0;0
345 NONE -23169;23169 0;0
346 NONE 20798;25320 0;0
347 NONE 22523;-23798 0;0
348 NONE -23169;-23169 0;0
349 NONE -23169;23169 0;0
350 NONE 20798;25320 0;0
351 NONE 22523;-23798 0;0
352 NONE -23169;-23169 0;0
353 NONE -23169;23169 0;0
354 NONE 20798;25320 0;0
355 NONE 22523;-23798 0;0
356 NONE -23169;-23169 0;0
357 NONE -23169;23169 0;0
358 NONE 20798;25320 0;0
359 NONE 22523;-23798 0;0
360 NONE -23169;-23169 0;0
361 NONE -23169;23169 0;0
362 NONE 20798;25320 0;0
363 NONE 22523;-23798 0;0
364 NONE -23169;-23169 0;0
365 NONE -23169;23169 0;0
366 NONE 20798;25320 0;0
367 NONE 22523;-23798 0;0
368 NONE -23169;-23169 0;0
369 NONE -23169;23169 0;0
370 NONE 20798;25320 0;0
371 NONE 22523;-23798 0;0
372 NONE -23169;-23169 0;0
373 NONE -23169;23169 0;0
374 NONE 20798;25320 0;0
375 NONE 22523;-23798 0;0
376 NONE -23169;-23169 0;0
377 NONE -23169;23169 0;0
378 NONE 20798;25320 0;0
379 NONE 22523;-23798 0;0
380 NONE -23169;-23169 0;0
381 NONE -23169;23169 0;0
382 NONE 20798;25320 0;0
383 KEY_B 22523;-23798 0;0
384 KEY_ZL -7247;-25771 0;0
385 KEY_ZL -7247;-25771 0;0
386 KEY_B -7247;-25771 0;0
387 KEY_B -7247;-25771 0;0
388 KEY_B -7247;-25771 0;0
389 KEY_B -7247;-25771 0;0
390 KEY_B -7247;-25771 0;0
391 KEY_B -7247;-25771 0;0
392 KEY_B -7247;-25771 0;0
393 KEY_B -7247;-25771 0;0
394 KEY_B -7247;-25771 0;0
395 KEY_B -7247;-25771 0;0
396 KEY_B -7247;-25771 0;0
397 KEY_B -7247;-25771 0;0
398 KEY_B -7247;-25771 0;0
399 KEY_B -7247;-25771 0;0
400 KEY_B -7247;-25771 0;0
401 KEY_B -7247;-25771 0;0
402 KEY_B -7247;-25771 0;0
403 KEY_B -7247;-25771 0;0
404 NONE -7247;-25771 0;0
405 NONE -7247;-25771 0;0
406 NONE -7247;-25771 0;0
407 NONE -7247;-25771 0;0
408 NONE -7247;-25771 0;0
409 NONE -7247;-25771 0;0
410 NONE -7247;-25771 0;0
411 NONE -7247;-25771 0;0
412 NONE -7247;-25771 0;0
413 NONE -7247;-25771 0;0
414 KEY_DUP -7247;-25771 0;0
415 NONE 10208;31136 0;0
416 NONE 10208;31136 0;0
417 NONE 10208;31136 0;0
418 NONE 10208;31136 0;0
419 NONE 10208;31136 0;0
420 NONE 10208;31136 0;0
421 NONE 10208;31136 0;0
422 NONE 10208;31136 0;0
423 KEY_ZL 10208;31136 0;0
424 KEY_Y;KEY_ZL;KEY_R 10208;31136 0;0
425 KEY_ZL 0;0 0;0
426 KEY_ZL 0;0 0;0
427 KEY_ZL 0;0 0;0
428 KEY_ZL 0;0 0;0
429 KEY_ZL 0;0 0;0
430 KEY_ZL 0;0 0;0
431 KEY_ZL 0;0 0;0
432 KEY_ZL 0;0 0;0
433 KEY_ZL;KEY_DRIGHT 0;0 0;0
434 KEY_ZL 0;0 0;0
435 KEY_ZL;KEY_DRIGHT 0;0 0;0
436 KEY_ZL 0;32767 0;0
437 KEY_ZL 0;32767 0;0
438 KEY_ZL 0;32767 0;0
439 KEY_ZL 0;32767 0;0
440 KEY_ZL;KEY_L 0;32767 0;0
441 KEY_ZL 0;32767 0;0
442 KEY_ZL 0;32767 0;0
443 KEY_ZL 0;32767 0;0
444 KEY_ZL 0;32767 0;0
445 KEY_ZL 0;32767 0;0
446 KEY_ZL 0;32767 0;0
447 KEY_ZL 0;32767 0;0
448 KEY_ZL 0;32767 0;0
449 KEY_ZL 0;32767 0;0
450 KEY_ZL 0;32767 0;0
451 KEY_ZL 0;32767 0;0
452 KEY_ZL 0;32767 0;0
453 KEY_ZL 0;32767 0;0
454 KEY_ZL 0;32767 0;0
455 KEY_B;KEY_ZL;KEY_L 0;32767 0;0
456 NONE -32767;0 0;0
457 NONE -8860;31540 0;0
458 NONE -8860;31540 0;0
459 NONE -8860;31540 0;0
460 NONE -8860;31540 0;0
461 NONE -8860;31540 0;0
462 NONE -8860;31540 0;0
463 NONE -8860;31540 0;0
464 NONE -8860;31540 0;0
465 NONE -8860;31540 0;0
466 KEY_B -8860;31540 0;0
467 KEY_B 31848;7704 0;0
468 KEY_B 31848;7704 0;0
469 KEY_B 31848;7704 0;0
470 KEY_B 31848;7704 0;0
471 KEY_B 31848;7704 0;0
472 KEY_B 31848;7704 0;0
473 KEY_B 31848;7704 0;0
474 KEY_B 31848;7704 0;0
475 KEY_B 31848;7704 0;0
476 KEY_B 31848;7704 0;0
477 KEY_B 31848;7704 0;0
478 KEY_B 31848;7704 0;0
479 KEY_B 31848;7704 0;0
480 KEY_B 31848;7704 0;0
481 NONE 31848;7704 0;0
482 NONE 31848;7704 0;0
483 NONE 31848;7704 0;0
484 NONE 31848;7704 0;0
485 NONE 31848;7704 0;0
486 NONE 31848;7704 0;0
487 NONE 31848;7704 0;0
488 NONE 31848;7704 0;0
489 NONE 31848;7704 0;0
490 NONE 31848;7704 0;0
491 NONE 31848;7704 0;0
492 NONE 31848;7704 0;0
493 NONE 31848;7704 0;0
494 NONE 31848;7704 0;0
495 NONE 31848;7704 0;0
496 NONE 31848;7704 0;0
497 NONE -3477;931 0;0
498 NONE -3476;-930 0;0
499 KEY_ZL -2545;-2543 0;0
500 KEY_Y;KEY_R 0;0 0;0
501 NONE 0;32767 0;0
502 NONE -28377;-16383 0;0
503 NONE 28377;-16383 0;0
504 NONE 0;32767 0;0
505 NONE -28377;-16383 0;0
506 NONE 28377;-16383 0;0
507 NONE 0;32767 0;0
508 NONE -28377;-16383 0;0
509 NONE 28377;-16383 0;0
510 NONE 0;32767 0;0
511 NONE -28377;-16383 0;0
512 NONE 28377;-16383 0;0
513 NONE 0;32767 0;0
514 NONE -28377;-16383 0;0
515 NONE 28377;-16383 0;0
516 NONE 0;32767 0;0
517 NONE -28377;-16383 0;0
518 NONE 28377;-16383 0;0
519 NONE 0;32767 0;0
520 NONE 0;32767 0;0
521 KEY_B 17369;27779 0;0
522 KEY_ZL 17369;27779 0;0
523 KEY_ZL 17369;27779 0;0
524 KEY_ZL 17369;27779 0;0
525 KEY_ZL 17369;27779 0;0
526 KEY_ZL 17369;27779 0;0
527 KEY_ZL 17369;27779 0;0
528 KEY_ZL 17369;27779 0;0
529 KEY_Y;KEY_ZL;KEY_R 17369;27779 0;0
530 KEY_B;KEY_ZL;KEY_DLEFT 17369;27779 0;0
531 NONE -26330;19503 0;0
532 NONE 0;32767 0;0
533 NONE 0;32767 0;0
534 KEY_B 0;32767 0;0
535 NONE 0;32767 0;0
536 NONE 0;32767 0;0
537 NONE 0;32767 0;0
538 NONE 0;32767 0;0
539 NONE 0;32767 0;0
540 NONE 0;32767 0;0
541 NONE 0;32767 0;0
542 NONE 0;32767 0;0
543 NONE 0;32767 0;0
544 NONE 0;32767 0;0
545 NONE 0;32767 0;0
546 NONE 0;32767 0;0
547 NONE 0;32767 0;0
548 NONE 0;32767 0;0
549 NONE 0;32767 0;0
550 NONE 0;32767 0;0
551 NONE 0;32767 0;0
552 NONE 0;32767 0;0
553 NONE 0;32767 0;0
554 NONE 0;32767 0;0
555 NONE 0;32767 0;0
556 NONE 0;32767 0;0
557 NONE 0;32767 0;0
558 NONE 0;32767 0;0
559 NONE 0;32767 0;0
560 NONE 0;32767 0;0
561 NONE 0;32767 0;0
562 NONE 0;32767 0;0
563 KEY_B 0;32767 0;0
564 NONE 0;32767 0;0
565 NONE 0;32767 0;0
566 NONE 9164;31459 0;0
567 NONE 9164;31459 0;0
568 NONE 9164;31459 0;0
569 NONE 9164;31459 0;0
570 NONE 9164;31459 0;0
571 NONE 9164;31459 0;0
572 NONE 9164;31459 0;0
573 NONE 9164;31459 0;0
574 NONE 9164;31459 0;0
575 NONE 9164;31459 0;0
576 NONE 9164;31459 0;0
577 NONE 9164;31459 0;0
578 NONE 9164;31459 0;0
579 NONE 9164;31459 0;0
580 NONE 9164;31459 0;0
581 NONE 9164;31459 0;0
582 NONE 9164;31459 0;0
583 NONE 9164;31459 0;0
584 NONE 9164;31459 0;0
585 NONE 9164;31459 0;0
586 NONE 9164;31459 0;0
587 NONE 9164;31459 0;0
588 NONE 9164;31459 0;0
589 NONE 9164;31459 0;0
590 NONE 9164;31459 0;0
591 NONE 9164;31459 0;0
592 NONE 9164;31459 0;0
593 NONE 9164;31459 0;0
594 KEY_B -31506;9001 0;0
595 KEY_B -31506;9001 0;0
596 KEY_B -31506;9001 0;0
597 KEY_B -31506;9001 0;0
598 KEY_B -31506;9001 0;0
599 KEY_B -31506;9001 0;0
600 KEY_B -31506;9001 0;0
601 KEY_B -31506;9001 0;0
602 KEY_B -31506;9001 0;0
603 KEY_B -31506;9001 0;0
604 NONE -31506;9001 0;0
605 NONE -31506;9001 0;0
606 NONE -31506;9001 0;0
607 NONE -31506;9001 0;0
608 NONE -31506;9001 0;0
609 NONE -31506;9001 0;0
610 NONE -31506;9001 0;0
611 NONE -31506;9001 0;0
612 NONE -31506;9001 0;0
613 NONE -31506;9001 0;0
614 NONE -31506;9001 0;0
615 NONE -31506;9001 0;0
616 NONE -31506;9001 0;0
617 NONE -31506;9001 0;0
618 NONE -31506;9001 0;0
619 NONE -31506;9001 0;0
620 NONE -31506;9001 0;0
621 NONE -31506;9001 0;0
622 NONE -31506;9001 0;0
623 NONE -31506;9001 0;0
624 NONE -31506;9001 0;0
625 NONE -31506;9001 0;0
626 NONE -31506;9001 0;0
627 NONE -31506;9001 0;0
628 NONE -31506;9001 0;0
629 NONE -31506;9001 0;0
630 NONE -31506;9001 0;0
631 NONE -31506;9001 0;0
632 NONE -31506;9001 0;0
633 NONE -31506;9001 0;0
634 NONE -31506;9001 0;0
635 NONE -31506;9001 0;0
636 NONE 0;0 0;0
637 NONE 0;0 0;0
638 NONE 0;0 0;0
639 NONE 0;0 0;0
640 NONE 0;0 0;0
641 NONE 0;0 0;0
642 NONE 0;0 0;0
643 NONE 0;0 0;0
644 NONE 0;0 0;0
645 NONE 0;0 0;0
646 NONE 0;0 0;0
647 NONE 0;0 0;0
648 NONE 0;0 0;0
649 NONE 0;0 0;0
650 NONE 0;0 0;0
651 NONE 0;0 0;0
652 NONE 0;0 0;0
653 NONE 0;0 0;0
654 NONE 0;0 0;0
655 NONE 0;0 0;0
656 NONE 0;0 0;0
657 NONE 0;0 0;0
658 NONE 0;0 0;0
659 NONE 0;0 0;0
660 NONE 0;0 0;0
661 NONE 0;0 0;0
662 NONE 0;0 0;0
663 NONE 0;0 0;0
664 NONE 0;0 0;0
665 NONE 0;0 0;0
666 NONE 0;0 0;0
667 NONE 0;0 0;0
668 NONE 0;0 0;0
669 NONE 0;0 0;0
670 NONE 0;0 0;0
671 NONE 0;0 0;0
672 NONE 0;0 0;0
673 NONE 0;0 0;0
674 NONE 0;0 0;0
675 NONE 0;0 0;0
676 NONE 0;0 0;0
677 NONE 0;0 0;0
678 NONE 0;0 0;0
679 NONE 0;0 0;0
680 NONE 0;0 0;0
681 NONE 0;0 0;0
682 NONE 0;0 0;0
683 NONE 0;0 0;0
684 NONE 0;0 0;0
685 NONE 0;0 0;0
686 NONE 0;0 0;0
687 NONE 0;0 0;0
688 NONE 0;0 0;0
689 NONE 0;0 0;0
690 NONE 0;0 0;0
691 NONE 0;0 0;0
692 NONE 0;0 0;0
693 NONE 0;0 0;0
694 NONE 0;0 0;0
695 NONE 0;0 0;0
696 NONE 0;0 0;0
697 NONE 0;0 0;0
698 NONE 0;0 0;0
699 NONE 0;0 0;0
700 NONE 0;0 0;0
701 NONE 0;0 0;0
702 NONE 0;0 0;0
703 NONE 0;0 0;0
704 NONE 0;0 0;0
705 NONE 0;0 0;0
706 NONE 0;0 0;0
707 NONE 0;0 0;0
708 NONE 0;0 0;0
709 NONE 0;0 0;0
710 NONE 0;0 0;0
711 NONE 0;0 0;0
712 NONE 0;0 0;0
713 NONE 0;0 0;0
714 NONE 0;0 0;0
715 NONE 0;0 0;0
716 NONE 0;0 0;0
717 NONE 0;0 0;0
718 NONE 0;0 0;0
719 NONE 0;0 0;0
720 NONE 0;0 0;0
721 NONE 0;0 0;0
722 NONE 0;0 0;0
723 NONE 0;0 0;0
724 NONE 0;0 0;0
725 NONE 0;0 0;0
726 NONE 0;0 0;0
727 NONE 0;0 0;0
728 NONE 0;0 0;0
729 NONE 0;0 0;0
730 NONE 0;0 0;0
731 NONE 0;0 0;0
732 NONE 0;0 0;0
733 NONE 0;0 0;0
734 NONE 0;0 0;0
735 NONE 0;0 0;0
736 NONE 0;0 0;0
737 NONE 0;0 0;0
738 NONE 0;0 0;0
739 NONE 0;0 0;0
740 NONE 0;0 0;0
741 NONE 0;0 0;0
742 NONE 0;0 0;0
743 NONE 0;0 0;0
744 NONE 0;0 0;0
745 NONE 0;0 0;0
746 NONE 0;0 0;0
747 NONE 0;0 0;0
748 NONE 0;0 0;0
749 NONE 0;0 0;0
750 NONE 0;0 0;0
751 NONE 0;0 0;0
752 NONE 0;0 0;0
753 NONE 0;0 0;0
754 NONE 0;0 0;0
755 NONE 0;0 0;0
756 NONE 0;0 0;0
757 NONE 0;0 0;0
758 NONE 0;0 0;0
759 NONE 0;0 0;0
760 NONE 0;0 0;0
761 NONE 0;0 0;0
762 NONE 0;0 0;0
763 NONE 0;0 0;0
764 NONE 0;0 0;0
765 NONE 0;0 0;0
766 NONE 0;0 0;0
767 NONE 0;0 0;0
768 NONE 0;0 0;0
769 NONE 0;0 0;0
770 NONE 0;0 0;0
771 NONE 0;0 0;0
772 NONE 0;0 0;0
773 NONE 0;0 0;0
774 NONE 0;0 0;0
775 NONE 0;0 0;0
776 NONE 12678;30209 0;0
777 NONE 12678;30209 0;0
778 NONE 12678;30209 0;0
779 NONE 12678;30209 0;0
780 NONE 12678;30209 0;0
781 NONE 12678;30209 0;0
782 NONE 12678;30209 0;0
783 NONE 12678;30209 0;0
784 NONE 12678;30209 0;0
785 NONE 12678;30209 0;0
786 NONE 12678;30209 0;0
787 NONE 12678;30209 0;0
788 NONE 12678;30209 0;0
789 NONE 12678;30209 0;0
790 NONE 12678;30209 0;0
791 NONE 12678;30209 0;0
792 NONE 12678;30209 0;0
793 NONE 12678;30209 0;0
794 NONE 12678;30209 0;0
795 NONE 12678;30209 0;0
796 NONE 12678;30209 0;0
797 NONE 12678;30209 0;0
798 NONE 12678;30209 0;0
799 NONE 12678;30209 0;0
800 NONE 12678;30209 0;0
801 NONE 12678;30209 0;0
802 NONE 12678;30209 0;0
803 NONE 12678;30209 0;0
804 NONE 12678;30209 0;0
805 NONE 12678;30209 0;0
806 NONE 12678;30209 0;0
807 NONE 12678;30209 0;0
808 NONE 12678;30209 0;0
809 NONE 12678;30209 0;0
810 NONE 12678;30209 0;0
811 NONE 12678;30209 0;0
812 NONE 12678;30209 0;0
813 NONE 12678;30209 0;0
814 NONE 12678;30209 0;0
815 NONE 12678;30209 0;0
816 NONE 12678;30209 0;0
817 NONE 12678;30209 0;0
818 NONE 12678;30209 0;0
819 NONE 12678;30209 0;0
820 NONE 12678;30209 0;0
821 NONE 12678;30209 0;0
822 NONE 30128;12882 0;0
823 NONE 30128;12882 0;0
824 NONE 30128;12882 -32767;0
825 NONE 30128;12882 -32767;0
826 NONE 30128;12882 -32767;0
827 NONE 30128;12882 -32767;0
828 NONE 30128;12882 -32767;0
829 NONE 30128;12882 -32767;0
830 NONE 30128;12882 -32767;0
831 KEY_B 30128;12882 -32767;0
832 NONE 26713;18975 -32767;0
833 NONE 26713;18975 -32767;0
834 NONE -32767;0 -32767;0
835 NONE -32767;0 -32767;0
836 NONE -32767;0 0;0
837 NONE -32767;0 0;0
838 NONE -32767;0 0;0
839 NONE -32767;0 0;0
840 NONE -32767;0 0;0
841 NONE -32767;0 0;0
842 NONE -32767;0 0;0
843 NONE -32767;0 0;0
844 NONE -32767;0 0;0
845 NONE -32767;0 0;0
846 NONE -32767;0 0;0
847 NONE -32767;0 0;0
848 NONE -32767;0 0;0
849 NONE -32767;0 0;0
850 NONE -32767;0 0;0
851 NONE -32767;0 0;0
852 NONE -32767;0 0;0
853 NONE -32767;0 0;0
854 NONE -32767;0 0;0
855 NONE -32767;0 0;0
856 NONE -32767;0 0;0
857 KEY_B -32767;0 0;0
858 NONE -32767;0 0;0
859 NONE 32767;0 0;0
860 NONE 32767;0 0;0
861 NONE 32767;0 0;0
862 NONE 32767;0 0;0
863 NONE 32767;0 0;0
864 NONE 32767;0 0;0
865 NONE 32767;0 0;0
866 NONE 32767;0 0;0
867 NONE 32767;0 0;0
868 NONE 32767;0 0;0
869 NONE 32767;0 0;0
870 NONE 32767;0 0;0
871 NONE 32767;0 0;0
872 NONE 32767;0 0;0
873 NONE 32767;0 0;0
874 NONE 32767;0 0;0
875 NONE 32767;0 0;0
876 NONE 32767;0 0;0
877 NONE 32767;0 0;0
878 NONE 32767;0 0;0
879 NONE 32767;0 0;0
880 NONE 32767;0 0;0
881 NONE 32767;0 0;0
882 NONE 32767;0 0;0
883 KEY_B 32767;0 0;0
884 NONE 32767;0 0;0
885 NONE 32767;0 0;0
886 NONE -32767;0 0;0
887 NONE -32767;0 0;0
888 NONE -32767;0 0;0
889 NONE -32767;0 0;0
890 NONE -32767;0 0;0
891 NONE -32767;0 0;0
892 NONE -32767;0 0;0
893 NONE -32767;0 0;0
894 NONE -32767;0 0;0
895 NONE -32767;0 0;0
896 NONE -32767;0 0;0
897 NONE -32767;0 0;0
898 NONE -32767;0 0;0
899 NONE -32767;0 0;0
900 NONE -32767;0 0;0
901 NONE -32767;0 0;0
902 NONE -32767;0 0;0
903 NONE -32767;0 0;0
904 NONE -32767;0 0;0
905 NONE -32767;0 0;0
906 NONE -32767;0 0;0
907 NONE -32767;0 0;0
908 NONE -32767;0 0;0
909 KEY_B -32767;0 0;0
910 NONE -32767;0 0;0
911 NONE 32767;0 0;0
912 NONE 32767;0 0;0
913 NONE 32767;0 0;0
914 NONE 32767;0 0;0
915 NONE 32767;0 0;0
916 NONE 32767;0 0;0
917 NONE 32767;0 0;0
918 NONE 32767;0 0;0
919 NONE 32767;0 0;0
920 NONE 32767;0 0;0
921 NONE 32767;0 0;0
922 NONE 32767;0 0;0
923 NONE 32767;0 0;0
924 NONE 32767;0 0;0
925 NONE 32767;0 0;0
926 NONE 32767;0 0;0
927 NONE 32767;0 0;0
928 NONE 32767;0 0;0
929 NONE 32767;0 0;0
930 NONE 32767;0 0;0
931 NONE 32767;0 0;0
932 NONE 32767;0 0;0
933 NONE 32767;0 0;0
934 NONE 32767;0 0;0
935 KEY_B 32767;0 0;0
936 NONE -32767;0 0;0
937 NONE -32767;0 0;0
938 KEY_ZL -32767;0 0;0
939 KEY_Y;KEY_ZL 0;-32767 32767;0
940 KEY_ZL 1215;-32744 32767;0
941 KEY_ZL 2430;-32676 32767;0
942 KEY_ZL 3640;-32564 32767;0
943 KEY_ZL 4846;-32406 32767;0
944 KEY_ZL 6046;-32204 32767;0
945 KEY_ZL 7236;-31957 32767;0
946 KEY_ZL 8417;-31667 32767;0
947 KEY_ZL 9587;-31332 32767;0
948 KEY_ZL 10743;-30955 32767;0
949 KEY_ZL 11884;-30535 32767;0
950 KEY_ZL 13009;-30073 32767;0
951 KEY_ZL;KEY_DLEFT 14116;-29570 32767;0
952 KEY_ZL;KEY_DRIGHT 15203;-29025 32767;0
953 KEY_ZL;KEY_DLEFT 16270;-28441 32767;0
954 KEY_ZL;KEY_DRIGHT 17314;-27818 32767;0
955 KEY_ZL;KEY_DLEFT 0;0 32767;0
956 KEY_ZL;KEY_DRIGHT 0;0 0;0
957 KEY_ZL;KEY_DLEFT 0;0 0;0
958 KEY_ZL;KEY_DRIGHT 0;0 0;0
959 KEY_ZL;KEY_DLEFT 0;0 0;0
960 KEY_ZL;KEY_DRIGHT 0;0 0;0
961 KEY_ZL;KEY_DLEFT 0;0 0;0
962 KEY_ZL;KEY_DRIGHT 0;0 0;0
963 KEY_ZL;KEY_DLEFT 0;0 0;0
964 KEY_ZL;KEY_DRIGHT 0;0 0;0
965 KEY_ZL;KEY_DLEFT 0;0 0;0
966 KEY_ZL;KEY_DRIGHT 0;0 0;0
967 KEY_ZL;KEY_DLEFT 0;0 0;0
968 KEY_ZL;KEY_DRIGHT 0;0 0;0
969 KEY_ZL;KEY_DLEFT 0;0 0;0
970 KEY_ZL;KEY_DRIGHT 0;0 0;0
971 KEY_ZL;KEY_DLEFT 0;0 0;0
972 KEY_ZL -23565;-22767 0;0
973 KEY_ZL -23565;-22767 0;0
974 KEY_ZL -23565;-22767 0;0
975 KEY_ZL -23565;-22767 0;0
976 KEY_ZL -23565;-22767 0;0
977 KEY_ZL -23565;-22767 0;0
978 KEY_ZL -23565;-22767 0;0
979 KEY_ZL -23565;-22767 0;0
980 KEY_ZL -23565;-22767 0;0
981 KEY_ZL -23565;-22767 0;0
982 KEY_ZL -23565;-22767 0;0
983 KEY_ZL -23565;-22767 0;0
984 KEY_ZL -23565;-22767 0;0
985 KEY_ZL -23565;-22767 0;0
986 KEY_B;KEY_ZL -23565;-22767 0;0
987 NONE -23565;-22767 0;0
988 NONE -23565;-22767 0;0
989 NONE -23565;-22767 0;0
990 NONE -23565;-22767 0;0
991 NONE -23565;-22767 0;0
992 NONE -23565;-22767 0;0
993 NONE -23565;-22767 0;0
994 NONE -23565;-22767 0;0
995 NONE -23565;-22767 0;0
996 NONE -23565;-22767 0;0
997 NONE -23565;-22767 0;0
998 NONE -23565;-22767 0;0
999 NONE -23565;-22767 0;0
1000 NONE -23565;-22767 0;0
1001 NONE -23565;-22767 0;0
1002 NONE 0;0 0;0
1003 NONE 0;0 0;0
1004 NONE 0;0 0;0
1005 NONE 0;0 0;0
1006 NONE 0;0 0;0
1007 NONE 0;0 0;0
1008 NONE 0;0 0;0
1009 NONE 0;0 0;0
1010 NONE 0;0 0;0
1011 NONE 0;0 0;0
1012 NONE 0;0 0;0
1013 NONE 0;0 0;0
1014 NONE 0;0 0;0
1015 NONE 0;0 0;0
1016 NONE 0;0 0;0
1017 NONE 0;0 0;0
1018 NONE 0;0 0;0
1019 NONE 0;0 0;0
1020 NONE 0;0 0;0
1021 NONE 0;0 0;0
1022 NONE 0;0 0;0
1023 NONE 0;0 0;0
1024 NONE 0;0 0;0
1025 NONE 0;0 0;0
1026 NONE 0;0 0;0
1027 NONE 0;0 0;0
1028 NONE 0;0 0;0
1029 NONE 0;0 0;0
1030 NONE 0;0 0;0
1031 NONE 0;0 0;0
1032 NONE 0;0 0;0
1033 NONE 0;0 0;0
1034 NONE 0;0 0;0
1035 NONE 0;0 0;0
1036 NONE 0;0 0;0
1037 NONE 0;0 0;0
1038 NONE 0;0 0;0
1039 NONE 0;0 0;0
1040 NONE 0;0 0;0
1041 NONE 0;0 0;0
1042 NONE 0;0 0;0
1043 NONE 0;0 0;0
1044 NONE 0;0 0;0
1045 NONE 0;0 0;0
1046 NONE 0;0 0;0
1047 NONE 0;0 0;0
1048 NONE 0;0 0;0
1049 NONE 0;0 0;0
1050 NONE 0;0 0;0
1051 NONE 0;0 0;0
1052 NONE 0;0 0;0
1053 NONE 0;0 0;0
1054 NONE 0;0 0;0
1055 NONE 0;0 0;0
1056 NONE 0;0 0;0
1057 NONE 0;0 0;0
1058 NONE 0;0 0;0
1059 NONE 0;0 0;0
1060 NONE 0;0 0;0
1061 NONE 0;0 0;0
1062 NONE 0;0 0;0
1063 NONE 0;0 0;0
1064 NONE 0;0 0;0
1065 NONE 0;0 0;0
1066 NONE 0;0 0;0
1067 NONE 0;0 0;0
1068 NONE 0;0 0;0
1069 NONE 0;0 0;0
1070 NONE 0;0 0;0
1071 NONE 0;0 0;0
1072 NONE 0;0 0;0
1073 NONE 0;0 0;0
1074 NONE 0;0 0;0
1075 NONE 0;0 0;0
1076 NONE 0;0 0;0
1077 NONE 0;0 0;0
1078 NONE 0;0 0;0
1079 NONE 0;0 0;0
1080 NONE 0;0 0;0
1081 NONE 0;0 0;0
1082 NONE 0;0 0;0
1083 NONE 0;0 0;0
1084 NONE 0;0 0;0
1085 NONE 0;0 0;0
1086 NONE 0;0 0;0
1087 NONE 0;0 0;0
1088 NONE 0;0 0;0
1089 NONE 0;0 0;0
1090 NONE 0;0 0;0
1091 NONE 0;0 0;0
1092 NONE 0;0 0;0
1093 NONE 0;0 0;0
1094 NONE 0;0 0;0
1095 NONE 0;0 0;0
1096 NONE -23169;23169 0;0
1097 NONE 20798;25320 0;0
1098 NONE 22523;-23798 0;0
1099 NONE -23169;-23169 0;0
1100 NONE -23169;23169 0;0
1101 NONE 20798;25320 0;0
1102 NONE 22523;-23798 0;0
1103 NONE -23169;-23169 0;0
1104 NONE -23169;23169 0;0
1105 NONE 20798;25320 0;0
1106 NONE 22523;-23798 0;0
1107 NONE -23169;-23169 0;0
1108 NONE -23169;23169 0;0
1109 NONE 20798;25320 0;0
1110 NONE 22523;-23798 0;0
1111 NONE -23169;-23169 0;0
1112 NONE -23169;23169 0;0
1113 NONE 20798;25320 0;0
1114 NONE 22523;-23798 0;0
1115 NONE -23169;-23169 0;0
1116 NONE -23169;23169 0;0
1117 NONE 20798;25320 0;0
1118 NONE 22523;-23798 0;0
1119 NONE -23169;-23169 0;0
1120 NONE -23169;23169 0;0
1121 NONE 20798;25320 0;0
1122 NONE 22523;-23798 0;0
1123 NONE -23169;-23169 0;0
1124 NONE -23169;23169 0;0
1125 NONE 20798;25320 0;0
1126 NONE 22523;-23798 0;0
1127 NONE -23169;-23169 0;0
1128 NONE -23169;23169 0;0
1129 NONE 20798;25320 0;0
1130 NONE 22523;-23798 0;0
1131 NONE -23169;-23169 0;0
1132 NONE -23169;23169 0;0
1133 NONE 20798;25320 0;0
1134 NONE 22523;-23798 0;0
1135 NONE -23169;-23169 0;0
1136 NONE -23169;23169 0;0
1137 NONE 20798;25320 0;0
1138 NONE 22523;-23798 0;0
1139 NONE -23169;-23169 0;0
1140 NONE -23169;23169 0;0
1141 NONE 20798;25320 0;0
1142 NONE 22523;-23798 0;0
1143 NONE -23169;-23169 0;0
1144 NONE -23169;23169 0;0
1145 NONE 20798;25320 0;0
1146 NONE 22523;-23798 0;0
1147 NONE -23169;-23169 0;0
1148 NONE -23169;23169 0;0
1149 NONE 20798;25320 0;0
1150 NONE 22523;-23798 0;0
1151 NONE -23169;-23169 0;0
1152 NONE -23169;23169 0;0
1153 NONE 20798;25320 0;0
1154 NONE 22523;-23798 0;0
1155 NONE -23169;-23169 0;0
1156 NONE -23169;23169 0;0
1157 NONE 20798;25320 0;0
1158 NONE 22523;-23798 0;0
1159 NONE -23169;-23169 0;0
1160 NONE -23169;23169 0;0
1161 NONE 20798;25320 0;0
1162 NONE 22523;-23798 0;0
1163 NONE -23169;-23169 0;0
1164 NONE -23169;23169 0;0
1165 NONE 20798;25320 0;0
1166 NONE 22523;-23798 0;0
1167 NONE -23169;-23169 0;0
1168 NONE -23169;23169 0;0
1169 NONE 20798;25320 0;0
1170 NONE 22523;-23798 0;0
1171 NONE -23169;-23169 0;0
1172 NONE -23169;23169 0;0
1173 NONE 20798;25320 0;0
1174 NONE 22523;-23798 0;0
1175 NONE -23169;-23169 0;0
1176 NONE -23169;23169 0;0
1177 NONE 20798;25320 0;0
1178 NONE 22523;-23798 0;0
1179 NONE -23169;-23169 0;0
1180 NONE -23169;23169 0;0
1181 NONE 20798;25320 0;0
1182 NONE 22523;-23798 0;0
1183 NONE -23169;-23169 0;0
1184 NONE -23169;23169 0;0
1185 NONE 20798;25320 0;0
1186 NONE 22523;-23798 0;0
1187 NONE -23169;-23169 0;0
1188 NONE -23169;23169 0;0
1189 NONE 20798;25320 0;0
1190 NONE 22523;-23798 0;0
1191 NONE -23169;-23169 0;0
1192 NONE -23169;23169 0;0
1193 NONE 20798;25320 0;-32767
1194 NONE 22523;-23798 0;-32767
1195 NONE -23169;-23169 0;-32767
1196 NONE -23169;23169 0;-32767
1197 NONE -8803;31560 0;-32767
1198 NONE -8803;31560 0;-32767
1199 NONE -8803;31560 0;-32767
1200 NONE -8803;31560 0;-32767
1201 NONE -8803;31560 0;-32767
1202 NONE -8803;31560 0;-32767
1203 NONE -8803;31560 0;-32767
1204 NONE -8803;31560 0;-32767
1205 NONE -8803;31560 0;-32767
1206 NONE -8803;31560 0;-32767
1207 NONE -8803;31560 0;-32767
1208 NONE -8803;31560 0;-32767
1209 NONE -8803;31560 0;-32767
1210 NONE -8803;31560 0;-32767
1211 NONE -8803;31560 0;-32767
1212 NONE -8803;31560 0;-32767
1213 NONE -8803;31560 0;-32767
1214 NONE -8803;31560 0;-32767
1215 NONE -8803;31560 0;-32767
1216 NONE -8803;31560 0;-32767
1217 NONE -8803;31560 0;-32767
1218 NONE -8803;31560 0;-32767
1219 NONE -8803;31560 0;-32767
1220 NONE -8803;31560 0;-32767
1221 NONE -8803;31560 0;-32767
1222 NONE -8803;31560 0;-32767
1223 NONE -8803;31560 0;-32767
1224 NONE -8803;31560 0;-32767
1225 NONE -8803;31560 0;-32767
1226 NONE -8803;31560 0;-32767
1227 NONE -8803;31560 0;-32767
1228 NONE -8803;31560 0;-32767
1229 KEY_B -8803;31560 0;-32767
1230 KEY_ZL 10855;30916 0;-32767
1231 KEY_ZL 10855;30916 0;-32767
1232 KEY_ZL 10855;30916 0;-32767
1233 KEY_ZL 10855;30916 0;-32767
1234 KEY_ZL 10855;30916 0;-32767
1235 KEY_ZL 10855;30916 0;-32767
1236 KEY_ZL 10855;30916 0;-32767
1237 KEY_ZL 10855;30916 0;-32767
1238 KEY_ZL 10855;30916 0;-32767
1239 KEY_ZL 10855;30916 0;-32767
1240 KEY_ZL 10855;30916 0;-32767
1241 KEY_ZL 10855;30916 0;-32767
1242 KEY_ZL 10855;30916 0;-32767
1243 KEY_ZL 10855;30916 0;-32767
1244 KEY_ZL 10855;30916 0;-32767
1245 NONE 10855;30916 0;-32767
1246 NONE 10855;30916 0;-32767
1247 NONE 10855;30916 0;-32767
1248 NONE 10855;30916 0;-32767
1249 NONE 10855;30916 0;-32767
1250 NONE 10855;30916 0;-32767
1251 NONE 10855;30916 0;-32767
1252 NONE 10855;30916 0;-32767
1253 NONE 10855;30916 0;-32767
1254 NONE 10855;30916 0;-32767
1255 NONE 10855;30916 0;-32767
1256 NONE 10855;30916 0;-32767
1257 NONE 10855;30916 0;-32767
1258 NONE 10855;30916 0;-32767
1259 NONE 10855;30916 0;-32767
1260 NONE 10855;30916 0;-32767
1261 NONE 10855;30916 0;-32767
1262 NONE 10855;30916 0;-32767
1263 NONE 10855;30916 0;-32767
1264 NONE 10855;30916 0;-32767
1265 NONE 10855;30916 0;-32767
1266 NONE 10855;30916 0;-32767
1267 NONE 10855;30916 0;-32767
1268 NONE 10855;30916 0;-32767
1269 NONE 10855;30916 0;-32767
1270 NONE 10855;30916 0;-32767
1271 NONE 10855;30916 0;-32767
1272 NONE -3481;-929 0;-32767
1273 NONE -2760;-2315 0;-32767
1274 NONE -1519;-3266 0;-32767
1275 NONE 0;-3603 0;-32767
1276 KEY_ZL 1522;-3265 0;-32767
1277 KEY_Y;KEY_ZL;KEY_R 12336;30355 0;0
1278 KEY_ZL 12336;30355 0;0
1279 KEY_ZL 12336;30355 0;0
1280 KEY_ZL 12336;30355 0;0
1281 KEY_ZL 12336;30355 0;0
1282 KEY_ZL 12336;30355 0;0
1283 KEY_ZL 0;0 0;0
1284 KEY_ZL 0;0 0;0
1285 KEY_ZL 0;0 0;0
1286 KEY_ZL 0;0 0;0
1287 KEY_ZL 0;0 0;0
1288 KEY_ZL 0;0 0;0
1289 KEY_ZL 0;0 0;0
1290 KEY_ZL 0;0 0;0
1291 KEY_ZL 0;0 0;0
1292 KEY_ZL 0;0 0;0
1293 KEY_ZL 0;0 0;0
1294 KEY_ZL 0;0 0;0
1295 KEY_ZL 0;0 0;0
1296 KEY_ZL 0;0 0;0
1297 KEY_ZL 0;0 0;0
1298 KEY_ZL 0;0 0;0
1299 KEY_ZL 0;0 0;0
1300 KEY_ZL 0;0 0;0
1301 KEY_ZL 0;0 0;0
1302 KEY_ZL 0;0 0;0
1303 KEY_ZL 0;0 0;0
1304 KEY_ZL 0;0 0;0
1305 KEY_ZL 0;0 0;0
1306 KEY_ZL 0;0 0;0
1307 KEY_ZL 0;0 0;0
1308 KEY_ZL 0;0 0;0
1309 KEY_ZL 0;0 0;0
1310 KEY_ZL 0;0 0;0
1311 KEY_ZL;KEY_L 0;0 0;0
1312 KEY_ZL 0;0 0;0
1313 KEY_ZL 0;0 0;0
1314 KEY_ZL 0;0 0;0
1315 KEY_ZL 0;0 0;0
1316 KEY_ZL 0;32767 0;-32767
1317 KEY_ZL 0;32767 0;-32767
1318 KEY_ZL 0;32767 0;-32767
1319 KEY_ZL 0;32767 0;-32767
1320 KEY_ZL 0;32767 0;-32767
1321 KEY_ZL 0;32767 0;-32767
1322 KEY_ZL 0;32767 0;-32767
1323 KEY_ZL 0;32767 0;-32767
1324 KEY_ZL 0;32767 0;-32767
1325 KEY_ZL 0;32767 0;-32767
1326 KEY_ZL 0;32767 0;-32767
1327 KEY_ZL 0;32767 0;-32767
1328 KEY_ZL 0;32767 0;-32767
1329 KEY_ZL 0;32767 0;-32767
1330 KEY_ZL 0;32767 0;-32767
1331 KEY_ZL 0;32767 0;-32767
1332 KEY_ZL 0;32767 0;-32767
1333 KEY_ZL 0;32767 0;-32767
1334 KEY_ZL 0;32767 0;0
1335 KEY_ZL 0;32767 0;0
1336 KEY_ZL 0;32767 0;0
1337 KEY_ZL 0;32767 0;0
1338 KEY_ZL 0;32767 0;0
1339 KEY_ZL 0;32767 0;0
1340 KEY_ZL;KEY_L 0;32767 0;0
1341 NONE 0;32767 0;0
1342 NONE 0;32767 0;0
1343 NONE 0;32767 0;0
1344 NONE 0;32767 0;0
1345 NONE 0;32767 0;0
1346 NONE 0;32767 0;0
1347 NONE 0;32767 0;0
1348 NONE 0;32767 0;0
1349 NONE 0;32767 0;0
1350 NONE 0;32767 0;0
1351 NONE 0;32767 0;0
1352 NONE 0;32767 0;0
1353 NONE 0;32767 0;0
1354 NONE 0;32767 0;0
1355 NONE 0;32767 0;0
1356 NONE 0;32767 0;0
1357 NONE 0;32767 0;0
1358 NONE 0;32767 0;0
1359 NONE 0;32767 0;0
1360 NONE 0;32767 0;0
1361 NONE 0;32767 0;0
1362 NONE 0;32767 0;0
1363 NONE 0;32767 0;0
1364 NONE 0;32767 0;0
1365 NONE 0;32767 0;0
1366 NONE 0;32767 0;0
1367 NONE 0;32767 -18235;20799
1368 NONE 1274;32742 -18235;20799
1369 NONE 2546;32667 -18235;20799
1370 NONE 3815;32543 -18235;20799
1371 NONE 5078;32370 -18235;20799
1372 NONE 6333;32148 -18235;20799
1373 NONE 7579;31878 -18235;20799
1374 NONE 8813;31559 -18235;20799
1375 NONE 10034;31192 -18235;20799
1376 NONE 11239;30778 -18235;20799
1377 NONE 12428;30318 -18235;20799
1378 NONE 13598;29811 -18235;20799
1379 NONE 14747;29260 -18235;20799
1380 NONE 15874;28664 -18235;20799
1381 NONE 16977;28025 -18235;20799
1382 NONE 18054;27343 -18235;20799
1383 NONE 19104;26620 -18235;20799
1384 NONE 20125;25857 -18235;20799
1385 NONE 21115;25055 -18235;20799
1386 NONE 22074;24215 -32767;0
1387 NONE 22074;24215 -32767;0
1388 NONE 22074;24215 -32767;0
1389 NONE 22074;24215 -32767;0
1390 NONE 22074;24215 -32767;0
1391 NONE 22074;24215 -32767;0
1392 NONE 22074;24215 -32767;0
1393 NONE 22074;24215 -32767;0
1394 NONE 22074;24215 -32767;0
1395 NONE -26419;19383 -32767;0
1396 NONE -26419;19383 -32767;0
1397 NONE -26419;19383 -32767;0
1398 KEY_DLEFT -26419;19383 -32767;0
1399 NONE -13843;29699 -32767;0
1400 NONE -3640;32563 -32767;0
1401 NONE -1942;32709 -32767;0
1402 NONE -239;32765 -32767;0
1403 NONE 1463;32734 -32767;0
1404 NONE 3162;32613 -32767;0
1405 NONE 4853;32405 -32767;0
1406 NONE 6531;32109 -32767;0
1407 NONE 8191;31726 -32767;0
1408 NONE 9828;31257 -32767;0
1409 NONE 11440;30704 -32767;0
1410 NONE 13020;30068 -32767;0
1411 NONE 14565;29351 -32767;0
1412 NONE 16071;28554 -32767;0
1413 NONE 17534;27680 -32767;0
1414 NONE 18949;26732 -32767;0
1415 NONE 0;0 0;0
1416 NONE 0;0 0;0
1417 NONE 0;0 0;0
1418 NONE 0;0 0;0
1419 NONE 0;0 0;0
1420 NONE 0;0 0;0
